   400.00000000000000        4.3315268912293720E-005   8.3242805837797701E-007
  
 Writing data in the file  ../summary/temp_04/PK_Plus1.dat                                                                     
  
LHAPDF 6.5.4 loading /home/niraj/1TB-Disc/Workspace-IITG/Packages/Install/LHAPDF-6.5.4/install/share/LHAPDF/MMHT2014nlo68cl/MMHT2014nlo68cl_0000.dat
MMHT2014nlo68cl PDF set, member #0, version 3; LHAPDF ID = 25100
   
   
 ~~~~~~~~~~~~~~~~~~~~~~~~~~~~~~~~~~~~~~~~~~~~
     Calculating P and K terms
 ~~~~~~~~~~~~~~~~~~~~~~~~~~~~~~~~~~~~~~~~~~~~
   
   
   
 ~~~~~~~~~~~~~~~~~~~~~~~~~~~~~~~~~~~~~~~~~~~~
     Calculating Regular Terms
 ~~~~~~~~~~~~~~~~~~~~~~~~~~~~~~~~~~~~~~~~~~~~
   
 ~~~~~~~~~~~~~~~~~~~~~~~~~~~~~~~~~~~~~~~~
using vegas points:                   1.E+05
         iteration:                   10
 ~~~~~~~~~~~~~~~~~~~~~~~~~~~~~~~~~~~~~~~~
  
 For xq =          400 
  
 RM48 INITIALIZED:        40           0         0



 INPUT PARAMETERS FOR VEGAS:  NDIM=  4  NCALL=      76832.
                              IT=    0  ITMX=   10
                              MDS=  1   ND=  50
   1      0.1475896E-04 0.1338E-04  0.1475896E-04 0.1338E-04  0.000    
   2      0.7142049E-06 0.2654E-05  0.1396999E-04 0.9203E-05 0.1235    
   3      0.1345165E-04 0.1052E-04  0.1368003E-04 0.6745E-05 0.5137E-01
   4      0.7285147E-05 0.1841E-05  0.8291380E-05 0.2466E-05 0.3374    
   5      0.2760820E-04 0.2253E-04  0.9734937E-05 0.3477E-05 0.6514    
   6      0.7230264E-05 0.1947E-05  0.8715246E-05 0.2496E-05 0.6481    
   7      0.1226770E-04 0.2575E-05  0.1014002E-04 0.1892E-05 0.7044    
   8      0.1635320E-04 0.5619E-05  0.1094902E-04 0.1799E-05 0.7734    
   9      0.2556219E-03 0.2433E-03  0.1503062E-04 0.1061E-04  1.110    
  10      0.5347792E-04 0.3062E-04  0.1672544E-04 0.1005E-04  1.120    



 INPUT PARAMETERS FOR VEGAS:  NDIM=  4  NCALL=     913952.
                              IT=    0  ITMX=   20
                              MDS= -1   ND=  26
   1      0.2471713E-04 0.4135E-05  0.2471713E-04 0.4135E-05  0.000    
   2      0.1937132E-04 0.2076E-05  0.2092616E-04 0.2004E-05  1.468    
   3      0.3014139E-04 0.4590E-05  0.2332104E-04 0.1951E-05  2.719    
   4      0.2103513E-04 0.1875E-05  0.2233519E-04 0.1415E-05  2.173    
   5      0.2553441E-04 0.3890E-05  0.2274681E-04 0.1336E-05  1.753    
   6      0.2164510E-04 0.3258E-05  0.2261849E-04 0.1233E-05  1.472    
   7      0.3153517E-04 0.5219E-05  0.2340190E-04 0.1237E-05  1.805    
   8      0.3254541E-04 0.5154E-05  0.2420252E-04 0.1230E-05  2.059    
   9      0.2920354E-04 0.3987E-05  0.2472957E-04 0.1179E-05  1.968    
  10      0.2802044E-04 0.4730E-05  0.2494183E-04 0.1146E-05  1.785    
  11      0.2139483E-04 0.2533E-05  0.2453058E-04 0.1060E-05  1.776    
  12      0.2690360E-04 0.7426E-05  0.2458012E-04 0.1051E-05  1.617    
  13      0.2747745E-04 0.4032E-05  0.2477946E-04 0.1017E-05  1.516    
  14      0.2704228E-04 0.4831E-05  0.2487981E-04 0.9963E-06  1.412    
  15      0.2306633E-04 0.2522E-05  0.2468777E-04 0.9345E-06  1.358    
  16      0.2556014E-04 0.3807E-05  0.2473487E-04 0.9074E-06  1.275    
  17      0.2561597E-04 0.4418E-05  0.2476896E-04 0.8885E-06  1.200    
  18      0.2771750E-04 0.5546E-05  0.2485135E-04 0.8789E-06  1.140    
  19      0.2313549E-04 0.3889E-05  0.2478600E-04 0.8569E-06  1.098    
  20      0.2265760E-04 0.3447E-05  0.2469144E-04 0.8324E-06  1.068    
   
   
 Integral Regular:   2.4691443991963696E-005 +-   8.3241427871289467E-007
 with chisq    =   1.0678578709048407     
  
  
  
    xq         Integral Regular                 error
    400      0.246914439919637E-04      0.832414278712895E-06
   
   
 ~~~~~~~~~~~~~~~~~~~~~~~~~~~~~~~~~~~~~~~~~~~~
     Calculating Delta Functions
 ~~~~~~~~~~~~~~~~~~~~~~~~~~~~~~~~~~~~~~~~~~~~
   
 ~~~~~~~~~~~~~~~~~~~~~~~~~~~~~~~~~~~~~~~~
using vegas points:                   1.E+05
         iteration:                   10
 ~~~~~~~~~~~~~~~~~~~~~~~~~~~~~~~~~~~~~~~~
  
 For xq =          400 
  
 RM48 INITIALIZED:        40           0         0



 INPUT PARAMETERS FOR VEGAS:  NDIM=  2  NCALL=      96800.
                              IT=    0  ITMX=   10
                              MDS= -1   ND=  44
   1      0.1859909E-04 0.3587E-07  0.1859909E-04 0.3587E-07  0.000    
   2      0.1862383E-04 0.1191E-08  0.1862380E-04 0.1189E-08 0.4746    
   3      0.1862455E-04 0.6609E-09  0.1862437E-04 0.5776E-09 0.3871    
   4      0.1862338E-04 0.6306E-09  0.1862392E-04 0.4259E-09 0.7071    
   5      0.1862489E-04 0.6358E-09  0.1862422E-04 0.3538E-09 0.9319    
   6      0.1862380E-04 0.6293E-09  0.1862412E-04 0.3084E-09 0.8136    
   7      0.1862269E-04 0.6324E-09  0.1862384E-04 0.2772E-09  1.365    
   8      0.1862345E-04 0.6323E-09  0.1862378E-04 0.2539E-09  1.217    
   9      0.1862324E-04 0.6332E-09  0.1862371E-04 0.2356E-09  1.143    
  10      0.1862415E-04 0.6376E-09  0.1862376E-04 0.2210E-09  1.064    



 INPUT PARAMETERS FOR VEGAS:  NDIM=  2  NCALL=     994050.
                              IT=    0  ITMX=   20
                              MDS= -1   ND=  47
   1      0.1862389E-04 0.6168E-10  0.1862389E-04 0.6168E-10  0.000    
   2      0.1862393E-04 0.6172E-10  0.1862391E-04 0.4363E-10 0.1886    
   3      0.1862383E-04 0.6164E-10  0.1862389E-04 0.3561E-10 0.6393    
   4      0.1862379E-04 0.6163E-10  0.1862386E-04 0.3083E-10  1.037    
   5      0.1862386E-04 0.6150E-10  0.1862386E-04 0.2756E-10 0.7783    
   6      0.1862378E-04 0.6171E-10  0.1862385E-04 0.2517E-10 0.9422    
   7      0.1862385E-04 0.6164E-10  0.1862385E-04 0.2330E-10 0.7854    
   8      0.1862368E-04 0.6169E-10  0.1862383E-04 0.2180E-10  1.610    
   9      0.1862378E-04 0.6158E-10  0.1862382E-04 0.2055E-10  1.474    
  10      0.1862377E-04 0.6164E-10  0.1862382E-04 0.1949E-10  1.371    
  11      0.1862386E-04 0.6168E-10  0.1862382E-04 0.1859E-10  1.284    
  12      0.1862383E-04 0.6163E-10  0.1862382E-04 0.1780E-10  1.169    
  13      0.1862381E-04 0.6165E-10  0.1862382E-04 0.1710E-10  1.073    
  14      0.1862385E-04 0.6157E-10  0.1862382E-04 0.1647E-10  1.005    
  15      0.1862387E-04 0.6155E-10  0.1862382E-04 0.1591E-10 0.9668    
  16      0.1862388E-04 0.6162E-10  0.1862383E-04 0.1541E-10 0.9480    
  17      0.1862379E-04 0.6154E-10  0.1862383E-04 0.1495E-10 0.9093    
  18      0.1862381E-04 0.6164E-10  0.1862382E-04 0.1453E-10 0.8609    
  19      0.1862388E-04 0.6159E-10  0.1862383E-04 0.1414E-10 0.8531    
  20      0.1862377E-04 0.6161E-10  0.1862382E-04 0.1378E-10 0.8524    
   
   
 Integral Delta:   1.8623824920330027E-005 +-   1.3779665082379510E-011
 with chisq    =  0.85239776628043362     
  
  
  
    xq         Integral Delta                 error
    400      0.186238249203300E-04      0.137796650823795E-10
Thanks for using LHAPDF 6.5.4. Please make sure to cite the paper:
  Eur.Phys.J. C75 (2015) 3, 132  (http://arxiv.org/abs/1412.7420)
