   700.00000000000000        1.0590193526677710E-004   5.4212916195073557E-008
  
 Writing data in the file  ../summary/temp_04/PK_Plus2.dat                                                                     
  
LHAPDF 6.5.4 loading /home/niraj/1TB-Disc/Workspace-IITG/Packages/Install/LHAPDF-6.5.4/install/share/LHAPDF/MMHT2014nlo68cl/MMHT2014nlo68cl_0000.dat
MMHT2014nlo68cl PDF set, member #0, version 3; LHAPDF ID = 25100
   
   
 ~~~~~~~~~~~~~~~~~~~~~~~~~~~~~~~~~~~~~~~~~~~~
     Calculating P and K terms
 ~~~~~~~~~~~~~~~~~~~~~~~~~~~~~~~~~~~~~~~~~~~~
   
   
   
 ~~~~~~~~~~~~~~~~~~~~~~~~~~~~~~~~~~~~~~~~~~~~
     Calculating Regular Terms
 ~~~~~~~~~~~~~~~~~~~~~~~~~~~~~~~~~~~~~~~~~~~~
   
 ~~~~~~~~~~~~~~~~~~~~~~~~~~~~~~~~~~~~~~~~
using vegas points:                   1.E+07
         iteration:                   10
 ~~~~~~~~~~~~~~~~~~~~~~~~~~~~~~~~~~~~~~~~
  
 For xq =          700 
  
 RM48 INITIALIZED:        40           0         0



 INPUT PARAMETERS FOR VEGAS:  NDIM=  4  NCALL=    9759362.
                              IT=    0  ITMX=   10
                              MDS= -1   ND=  47
   1      0.4277037E-04 0.5603E-05  0.4277037E-04 0.5603E-05  0.000    
   2      0.6066078E-04 0.1596E-05  0.5996740E-04 0.1354E-05  6.507    
   3      0.6058657E-04 0.8436E-06  0.6044684E-04 0.6778E-06  3.002    
   4      0.5979658E-04 0.7850E-06  0.6014412E-04 0.5058E-06  2.057    
   5      0.6111492E-04 0.7794E-06  0.6046486E-04 0.4210E-06  1.786    
   6      0.5990176E-04 0.7661E-06  0.6032561E-04 0.3679E-06  1.495    
   7      0.6132069E-04 0.7778E-06  0.6052551E-04 0.3318E-06  1.465    
   8      0.6054754E-04 0.7735E-06  0.6052915E-04 0.3045E-06  1.244    
   9      0.6009496E-04 0.7809E-06  0.6046933E-04 0.2836E-06  1.117    
  10      0.6027028E-04 0.7798E-06  0.6044505E-04 0.2664E-06 0.9949    



 INPUT PARAMETERS FOR VEGAS:  NDIM=  4  NCALL=   99574272.
                              IT=    0  ITMX=   20
                              MDS= -1   ND=  42
   1      0.6071913E-04 0.2419E-06  0.6071913E-04 0.2419E-06  0.000    
   2      0.6103390E-04 0.2428E-06  0.6087676E-04 0.1714E-06 0.8436    
   3      0.6112638E-04 0.2429E-06  0.6096016E-04 0.1400E-06 0.7742    
   4      0.6079979E-04 0.2423E-06  0.6092018E-04 0.1212E-06 0.6259    
   5      0.6089537E-04 0.2428E-06  0.6091523E-04 0.1085E-06 0.4716    
   6      0.6081289E-04 0.2424E-06  0.6089821E-04 0.9901E-07 0.4072    
   7      0.6101623E-04 0.2424E-06  0.6091513E-04 0.9166E-07 0.3731    
   8      0.6081883E-04 0.2421E-06  0.6090309E-04 0.8572E-07 0.3396    
   9      0.6132053E-04 0.2435E-06  0.6094968E-04 0.8086E-07 0.6270    
  10      0.6053528E-04 0.2416E-06  0.6090844E-04 0.7668E-07 0.8490    
  11      0.6054466E-04 0.2423E-06  0.6087567E-04 0.7310E-07 0.9678    
  12      0.6115278E-04 0.2427E-06  0.6089891E-04 0.7000E-07 0.9886    
  13      0.6102613E-04 0.2426E-06  0.6090872E-04 0.6725E-07 0.9272    
  14      0.6116244E-04 0.2430E-06  0.6092692E-04 0.6482E-07 0.9338    
  15      0.6069285E-04 0.2420E-06  0.6091136E-04 0.6261E-07 0.9295    
  16      0.6047131E-04 0.2416E-06  0.6088405E-04 0.6061E-07  1.073    
  17      0.6076435E-04 0.2419E-06  0.6087700E-04 0.5879E-07  1.020    
  18      0.6101951E-04 0.2427E-06  0.6088494E-04 0.5714E-07 0.9794    
  19      0.6083883E-04 0.2427E-06  0.6088252E-04 0.5562E-07 0.9269    
  20      0.6075882E-04 0.2427E-06  0.6087637E-04 0.5421E-07 0.8913    
   
   
 Integral Regular:   6.0876367073248321E-005 +-   5.4212583567711677E-008
 with chisq    =  0.89127709254551624     
  
  
  
    xq         Integral Regular                 error
    700      0.608763670732483E-04      0.542125835677117E-07
   
   
 ~~~~~~~~~~~~~~~~~~~~~~~~~~~~~~~~~~~~~~~~~~~~
     Calculating Delta Functions
 ~~~~~~~~~~~~~~~~~~~~~~~~~~~~~~~~~~~~~~~~~~~~
   
 ~~~~~~~~~~~~~~~~~~~~~~~~~~~~~~~~~~~~~~~~
using vegas points:                   1.E+07
         iteration:                   10
 ~~~~~~~~~~~~~~~~~~~~~~~~~~~~~~~~~~~~~~~~
  
 For xq =          700 
  
 RM48 INITIALIZED:        40           0         0



 INPUT PARAMETERS FOR VEGAS:  NDIM=  2  NCALL=    9724050.
                              IT=    0  ITMX=   10
                              MDS= -1   ND=  49
   1      0.4502552E-04 0.2949E-09  0.4502552E-04 0.2949E-09  0.000    
   2      0.4502559E-04 0.2134E-10  0.4502559E-04 0.2128E-10 0.5389E-01
   3      0.4502558E-04 0.1498E-10  0.4502558E-04 0.1225E-10 0.7031E-01
   4      0.4502558E-04 0.1439E-10  0.4502558E-04 0.9326E-11 0.5548E-01
   5      0.4502559E-04 0.1433E-10  0.4502558E-04 0.7817E-11 0.1235    
   6      0.4502558E-04 0.1432E-10  0.4502558E-04 0.6861E-11 0.1335    
   7      0.4502558E-04 0.1434E-10  0.4502558E-04 0.6189E-11 0.1224    
   8      0.4502557E-04 0.1443E-10  0.4502558E-04 0.5688E-11 0.2301    
   9      0.4502556E-04 0.1453E-10  0.4502558E-04 0.5297E-11 0.3501    
  10      0.4502556E-04 0.1468E-10  0.4502558E-04 0.4982E-11 0.4461    



 INPUT PARAMETERS FOR VEGAS:  NDIM=  2  NCALL=   96827528.
                              IT=    0  ITMX=   20
                              MDS= -1   ND=  49
   1      0.4502557E-04 0.1488E-11  0.4502557E-04 0.1488E-11  0.000    
   2      0.4502557E-04 0.1488E-11  0.4502557E-04 0.1052E-11 0.3738    
   3      0.4502557E-04 0.1488E-11  0.4502557E-04 0.8588E-12  0.000    
   4      0.4502557E-04 0.1488E-11  0.4502557E-04 0.7438E-12 0.2492    
   5      0.4502557E-04 0.1488E-11  0.4502557E-04 0.6653E-12 0.2336    
   6      0.4502557E-04 0.1488E-11  0.4502557E-04 0.6073E-12 0.4485    
   7      0.4502557E-04 0.1487E-11  0.4502557E-04 0.5622E-12 0.2181    
   8      0.4502557E-04 0.1488E-11  0.4502557E-04 0.5259E-12 0.2136    
   9      0.4502557E-04 0.1488E-11  0.4502557E-04 0.4959E-12 0.6308    
  10      0.4502557E-04 0.1488E-11  0.4502557E-04 0.4704E-12 0.6230    
  11      0.4502557E-04 0.1487E-11  0.4502557E-04 0.4485E-12 0.4112    
  12      0.4502557E-04 0.1487E-11  0.4502557E-04 0.4294E-12 0.6117    
  13      0.4502556E-04 0.1488E-11  0.4502557E-04 0.4126E-12  1.215    
  14      0.4502557E-04 0.1488E-11  0.4502557E-04 0.3976E-12 0.8051    
  15      0.4502557E-04 0.1488E-11  0.4502557E-04 0.3841E-12  1.001    
  16      0.4502557E-04 0.1488E-11  0.4502557E-04 0.3719E-12 0.9968    
  17      0.4502557E-04 0.1488E-11  0.4502557E-04 0.3608E-12 0.9929    
  18      0.4502557E-04 0.1488E-11  0.4502557E-04 0.3506E-12  1.187    
  19      0.4502557E-04 0.1487E-11  0.4502557E-04 0.3413E-12 0.9864    
  20      0.4502557E-04 0.1487E-11  0.4502557E-04 0.3326E-12 0.7870    
   
   
 Integral Delta:   4.5025568193528784E-005 +-   3.3262736187822585E-013
 with chisq    =  0.78697475107716008     
  
  
  
    xq         Integral Delta                 error
    700      0.450255681935288E-04      0.332627361878226E-12
Thanks for using LHAPDF 6.5.4. Please make sure to cite the paper:
  Eur.Phys.J. C75 (2015) 3, 132  (http://arxiv.org/abs/1412.7420)
