       400   0d0	0d0 
       100    -1.014813314421236e-04     1.787058217002619e-07
       700    -9.061797501697536e-03     3.617997019688187e-05
      1000    -1.377478567981350e-02     6.024440601696941e-05
      1300    -1.662359488859910e-02     1.116734970440403e-04
      1600    -1.883108158096278e-02     1.100386279059523e-04
      1900    -2.030421204646565e-02     1.284038054697099e-04
      2200    -2.298515728281465e-02     1.354176809906012e-04
      2500    -6.664999877866756e-02     1.662745484775257e-03
LHAPDF 6.5.4 loading /home/niraj/1TB-Disc/Workspace-IITG/Packages/Install/LHAPDF-6.5.4/install/share/LHAPDF/MMHT2014nlo68cl/MMHT2014nlo68cl_0000.dat
MMHT2014nlo68cl PDF set, member #0, version 3; LHAPDF ID = 25100
  
 Writing data in the file  ../summary/run_02/virtual0.dat                                                                      
  
   
   
 ~~~~~~~~~~~~~~~~~~~~~~~~~~~~~~~~~~~~~~~~~~~~
     Calculating virtual contribrtion
 ~~~~~~~~~~~~~~~~~~~~~~~~~~~~~~~~~~~~~~~~~~~~
   
 ~~~~~~~~~~~~~~~~~~~~~~~~~~~~~~~~~~~~~~~~
using vegas points:                   5.E+05
         iteration:                   10
 ~~~~~~~~~~~~~~~~~~~~~~~~~~~~~~~~~~~~~~~~
  
 For xq =          100 
  
 RM48 INITIALIZED:        40           0         0



 INPUT PARAMETERS FOR VEGAS:  NDIM=  3  NCALL=     476656.
                              IT=    0  ITMX=   10
                              MDS= -1   ND=  31
   1     -0.7622521E-04 0.6228E-04 -0.7622521E-04 0.6228E-04  0.000    
   2     -0.1118963E-03 0.1385E-04 -0.1110956E-03 0.1172E-04 0.2033    
   3     -0.9330420E-04 0.5638E-05 -0.9679070E-04 0.5144E-05  1.046    
   4     -0.1025986E-03 0.3804E-05 -0.1007467E-03 0.2965E-05 0.9468    
   5     -0.1018004E-03 0.2943E-05 -0.1013035E-03 0.2057E-05 0.7121    
   6     -0.1010360E-03 0.2848E-05 -0.1012079E-03 0.1658E-05 0.5647    
   7     -0.9727244E-04 0.2685E-05 -0.1001396E-03 0.1413E-05 0.7279    
   8     -0.1034760E-03 0.2717E-05 -0.1009091E-03 0.1248E-05 0.7968    
   9     -0.9845068E-04 0.2691E-05 -0.1004777E-03 0.1132E-05 0.7832    
  10     -0.1016813E-03 0.2791E-05 -0.1006562E-03 0.1048E-05 0.7107    



 INPUT PARAMETERS FOR VEGAS:  NDIM=  3  NCALL=    4920750.
                              IT=    0  ITMX=   20
                              MDS= -1   ND=  45
   1     -0.1002519E-03 0.7955E-06 -0.1002519E-03 0.7955E-06  0.000    
   2     -0.1009821E-03 0.7920E-06 -0.1006212E-03 0.5613E-06 0.4231    
   3     -0.1015331E-03 0.7970E-06 -0.1009272E-03 0.4589E-06 0.6505    
   4     -0.1024761E-03 0.8052E-06 -0.1013157E-03 0.3987E-06  1.376    
   5     -0.1014773E-03 0.8013E-06 -0.1013479E-03 0.3570E-06  1.039    
   6     -0.1010067E-03 0.8006E-06 -0.1012916E-03 0.3260E-06 0.8624    
   7     -0.1008034E-03 0.7955E-06 -0.1012220E-03 0.3017E-06 0.7731    
   8     -0.1021840E-03 0.7992E-06 -0.1013440E-03 0.2822E-06 0.8448    
   9     -0.1005285E-03 0.7929E-06 -0.1012536E-03 0.2659E-06 0.8564    
  10     -0.1027725E-03 0.8001E-06 -0.1014088E-03 0.2523E-06  1.128    
  11     -0.1006490E-03 0.7958E-06 -0.1013403E-03 0.2405E-06  1.099    
  12     -0.1016469E-03 0.8047E-06 -0.1013656E-03 0.2305E-06  1.010    
  13     -0.1019745E-03 0.8023E-06 -0.1014125E-03 0.2215E-06 0.9701    
  14     -0.1031901E-03 0.8108E-06 -0.1015400E-03 0.2137E-06  1.248    
  15     -0.1022833E-03 0.8008E-06 -0.1015901E-03 0.2065E-06  1.216    
  16     -0.1007062E-03 0.7927E-06 -0.1015348E-03 0.1998E-06  1.212    
  17     -0.1013200E-03 0.8043E-06 -0.1015224E-03 0.1939E-06  1.141    
  18     -0.1009804E-03 0.7971E-06 -0.1014924E-03 0.1884E-06  1.100    
  19     -0.1016014E-03 0.7959E-06 -0.1014982E-03 0.1833E-06  1.040    
  20     -0.1011575E-03 0.7999E-06 -0.1014813E-03 0.1787E-06 0.9943    
   
   
 Integral virtual contribrtion:  -1.0148133144212357E-004 +-   1.7870582170026186E-007
 with chisq    =  0.99427287313303514     
  
  
  
    xq         Integral virtual contribrtion                 error
    100     -0.101481331442124E-03      0.178705821700262E-06
Thanks for using LHAPDF 6.5.4. Please make sure to cite the paper:
  Eur.Phys.J. C75 (2015) 3, 132  (http://arxiv.org/abs/1412.7420)
LHAPDF 6.5.4 loading /home/niraj/1TB-Disc/Workspace-IITG/Packages/Install/LHAPDF-6.5.4/install/share/LHAPDF/MMHT2014nlo68cl/MMHT2014nlo68cl_0000.dat
MMHT2014nlo68cl PDF set, member #0, version 3; LHAPDF ID = 25100
  
 Writing data in the file  ../summary/run_02/virtual1.dat                                                                      
  
   
   
 ~~~~~~~~~~~~~~~~~~~~~~~~~~~~~~~~~~~~~~~~~~~~
     Calculating virtual contribrtion
 ~~~~~~~~~~~~~~~~~~~~~~~~~~~~~~~~~~~~~~~~~~~~
   
 ~~~~~~~~~~~~~~~~~~~~~~~~~~~~~~~~~~~~~~~~
using vegas points:                   5.E+05
         iteration:                   10
 ~~~~~~~~~~~~~~~~~~~~~~~~~~~~~~~~~~~~~~~~
  
 For xq =          400 
  
 RM48 INITIALIZED:        40           0         0



 INPUT PARAMETERS FOR VEGAS:  NDIM=  3  NCALL=     476656.
                              IT=    0  ITMX=   10
                              MDS= -1   ND=  31
   1     -0.5241396E-02 0.1775E-02 -0.5241396E-02 0.1775E-02  0.000    
   2     -0.3205969E-02 0.2235E-03 -0.3288680E-02 0.2966E-03  1.836    
   3     -0.3518444E-02 0.1755E-03 -0.3438468E-02 0.1646E-03  1.258    
   4     -0.3392504E-02 0.2233E-03 -0.3425951E-02 0.1349E-03 0.9171    
   5     -0.3036826E-02 0.1715E-03 -0.3320826E-02 0.1105E-03  1.359    
   6     -0.3385941E-02 0.1602E-03 -0.3338916E-02 0.9239E-04  1.143    
   7     -0.3616463E-02 0.2120E-03 -0.3381447E-02 0.8474E-04  1.191    
   8     -0.3520017E-02 0.1797E-03 -0.3404757E-02 0.7684E-04  1.098    
   9     -0.3319907E-02 0.1578E-03 -0.3390969E-02 0.6961E-04  1.005    
  10     -0.3758187E-02 0.1696E-03 -0.3447049E-02 0.6429E-04  1.357    



 INPUT PARAMETERS FOR VEGAS:  NDIM=  3  NCALL=    4920750.
                              IT=    0  ITMX=   20
                              MDS= -1   ND=  45
   1     -0.3559558E-02 0.5017E-04 -0.3559558E-02 0.5017E-04  0.000    
   2     -0.3534172E-02 0.5005E-04 -0.3546924E-02 0.3543E-04 0.1283    
   3     -0.3568167E-02 0.4987E-04 -0.3554106E-02 0.2888E-04 0.1244    
   4     -0.3551704E-02 0.5035E-04 -0.3553512E-02 0.2505E-04 0.8355E-01
   5     -0.3561596E-02 0.5015E-04 -0.3555133E-02 0.2241E-04 0.6782E-01
   6     -0.3553329E-02 0.4982E-04 -0.3554829E-02 0.2044E-04 0.5448E-01
   7     -0.3439572E-02 0.4893E-04 -0.3538645E-02 0.1886E-04 0.7969    
   8     -0.3451974E-02 0.4893E-04 -0.3527904E-02 0.1760E-04  1.063    
   9     -0.3456985E-02 0.4918E-04 -0.3520137E-02 0.1657E-04  1.158    
  10     -0.3431024E-02 0.4882E-04 -0.3511342E-02 0.1570E-04  1.353    
  11     -0.3476243E-02 0.4963E-04 -0.3508209E-02 0.1497E-04  1.264    
  12     -0.3509355E-02 0.5030E-04 -0.3508302E-02 0.1434E-04  1.149    
  13     -0.3436753E-02 0.4856E-04 -0.3502773E-02 0.1376E-04  1.218    
  14     -0.3520348E-02 0.4988E-04 -0.3504027E-02 0.1326E-04  1.132    
  15     -0.3491287E-02 0.4975E-04 -0.3503188E-02 0.1281E-04  1.056    
  16     -0.3550855E-02 0.5022E-04 -0.3506177E-02 0.1242E-04  1.042    
  17     -0.3461601E-02 0.4933E-04 -0.3503584E-02 0.1204E-04  1.025    
  18     -0.3551164E-02 0.5000E-04 -0.3506260E-02 0.1171E-04  1.015    
  19     -0.3457058E-02 0.4920E-04 -0.3503693E-02 0.1139E-04  1.011    
  20     -0.3486678E-02 0.4957E-04 -0.3502847E-02 0.1110E-04 0.9642    
   
   
 Integral virtual contribrtion:  -3.5028473367861379E-003 +-   1.1099705378340586E-005
 with chisq    =  0.96423029035137431     
  
  
  
    xq         Integral virtual contribrtion                 error
    400     -0.350284733678614E-02      0.110997053783406E-04
Thanks for using LHAPDF 6.5.4. Please make sure to cite the paper:
  Eur.Phys.J. C75 (2015) 3, 132  (http://arxiv.org/abs/1412.7420)
LHAPDF 6.5.4 loading /home/niraj/1TB-Disc/Workspace-IITG/Packages/Install/LHAPDF-6.5.4/install/share/LHAPDF/MMHT2014nlo68cl/MMHT2014nlo68cl_0000.dat
MMHT2014nlo68cl PDF set, member #0, version 3; LHAPDF ID = 25100
  
 Writing data in the file  ../summary/run_02/virtual2.dat                                                                      
  
   
   
 ~~~~~~~~~~~~~~~~~~~~~~~~~~~~~~~~~~~~~~~~~~~~
     Calculating virtual contribrtion
 ~~~~~~~~~~~~~~~~~~~~~~~~~~~~~~~~~~~~~~~~~~~~
   
 ~~~~~~~~~~~~~~~~~~~~~~~~~~~~~~~~~~~~~~~~
using vegas points:                   5.E+05
         iteration:                   10
 ~~~~~~~~~~~~~~~~~~~~~~~~~~~~~~~~~~~~~~~~
  
 For xq =          700 
  
 RM48 INITIALIZED:        40           0         0



 INPUT PARAMETERS FOR VEGAS:  NDIM=  3  NCALL=     476656.
                              IT=    0  ITMX=   10
                              MDS= -1   ND=  31
   1     -0.2904403E-02 0.1274E-02 -0.2904403E-02 0.1274E-02  0.000    
   2     -0.1850975E-01 0.7449E-02 -0.1137754E-01 0.3929E-02  3.915    
   3     -0.8411939E-02 0.8690E-03 -0.8732922E-02 0.1157E-02  2.761    
   4     -0.8724365E-02 0.5397E-03 -0.8726819E-02 0.5829E-03  2.079    
   5     -0.8698974E-02 0.4862E-03 -0.8713836E-02 0.4088E-03  1.692    
   6     -0.8756999E-02 0.5265E-03 -0.8726235E-02 0.3355E-03  1.434    
   7     -0.9319809E-02 0.6448E-03 -0.8832039E-02 0.2998E-03  1.325    
   8     -0.8559864E-02 0.5377E-03 -0.8783641E-02 0.2666E-03  1.203    
   9     -0.8296890E-02 0.4806E-03 -0.8699465E-02 0.2381E-03  1.166    
  10     -0.9109246E-02 0.4996E-03 -0.8765723E-02 0.2163E-03  1.106    



 INPUT PARAMETERS FOR VEGAS:  NDIM=  3  NCALL=    4920750.
                              IT=    0  ITMX=   20
                              MDS= -1   ND=  45
   1     -0.9168962E-02 0.1631E-03 -0.9168962E-02 0.1631E-03  0.000    
   2     -0.9104183E-02 0.1664E-03 -0.9137448E-02 0.1165E-03 0.7725E-01
   3     -0.8830736E-02 0.1539E-03 -0.9030495E-02 0.9297E-04  1.275    
   4     -0.8930774E-02 0.1582E-03 -0.9005328E-02 0.8016E-04 0.9525    
   5     -0.9368023E-02 0.1684E-03 -0.9076711E-02 0.7242E-04  1.694    
   6     -0.9015538E-02 0.1615E-03 -0.9066595E-02 0.6608E-04  1.382    
   7     -0.9166987E-02 0.1608E-03 -0.9081355E-02 0.6112E-04  1.205    
   8     -0.8863686E-02 0.1601E-03 -0.9054832E-02 0.5710E-04  1.261    
   9     -0.9180618E-02 0.1615E-03 -0.9069149E-02 0.5384E-04  1.169    
  10     -0.8971736E-02 0.1618E-03 -0.9059635E-02 0.5108E-04  1.077    
  11     -0.9198180E-02 0.1638E-03 -0.9072249E-02 0.4877E-04  1.033    
  12     -0.9050248E-02 0.1613E-03 -0.9070416E-02 0.4668E-04 0.9414    
  13     -0.9165308E-02 0.1652E-03 -0.9077571E-02 0.4493E-04 0.8875    
  14     -0.9105403E-02 0.1659E-03 -0.9079483E-02 0.4336E-04 0.8209    
  15     -0.8957587E-02 0.1634E-03 -0.9071667E-02 0.4191E-04 0.7999    
  16     -0.8878463E-02 0.1580E-03 -0.9059475E-02 0.4051E-04 0.8382    
  17     -0.9068557E-02 0.1620E-03 -0.9060010E-02 0.3930E-04 0.7859    
  18     -0.9125923E-02 0.1610E-03 -0.9063767E-02 0.3818E-04 0.7485    
  19     -0.8949230E-02 0.1575E-03 -0.9057559E-02 0.3711E-04 0.7350    
  20     -0.9141814E-02 0.1627E-03 -0.9061798E-02 0.3618E-04 0.7093    
   
   
 Integral virtual contribrtion:  -9.0617975016975359E-003 +-   3.6179970196881865E-005
 with chisq    =  0.70934209040452267     
  
  
  
    xq         Integral virtual contribrtion                 error
    700     -0.906179750169754E-02      0.361799701968819E-04
Thanks for using LHAPDF 6.5.4. Please make sure to cite the paper:
  Eur.Phys.J. C75 (2015) 3, 132  (http://arxiv.org/abs/1412.7420)
LHAPDF 6.5.4 loading /home/niraj/1TB-Disc/Workspace-IITG/Packages/Install/LHAPDF-6.5.4/install/share/LHAPDF/MMHT2014nlo68cl/MMHT2014nlo68cl_0000.dat
MMHT2014nlo68cl PDF set, member #0, version 3; LHAPDF ID = 25100
  
 Writing data in the file  ../summary/run_02/virtual3.dat                                                                      
  
   
   
 ~~~~~~~~~~~~~~~~~~~~~~~~~~~~~~~~~~~~~~~~~~~~
     Calculating virtual contribrtion
 ~~~~~~~~~~~~~~~~~~~~~~~~~~~~~~~~~~~~~~~~~~~~
   
 ~~~~~~~~~~~~~~~~~~~~~~~~~~~~~~~~~~~~~~~~
using vegas points:                   5.E+05
         iteration:                   10
 ~~~~~~~~~~~~~~~~~~~~~~~~~~~~~~~~~~~~~~~~
  
 For xq =         1000 
  
 RM48 INITIALIZED:        40           0         0



 INPUT PARAMETERS FOR VEGAS:  NDIM=  3  NCALL=     476656.
                              IT=    0  ITMX=   10
                              MDS= -1   ND=  31
   1     -0.8969530E-02 0.2739E-02 -0.8969530E-02 0.2739E-02  0.000    
   2     -0.1135483E-01 0.1472E-02 -0.1099079E-01 0.1221E-02 0.4938    
   3     -0.1411146E-01 0.1310E-02 -0.1293409E-01 0.8551E-03  1.754    
   4     -0.1327289E-01 0.1009E-02 -0.1309733E-01 0.6378E-03  1.113    
   5     -0.1347288E-01 0.8842E-03 -0.1324474E-01 0.5090E-03 0.8287    
   6     -0.1334212E-01 0.8302E-03 -0.1327433E-01 0.4303E-03 0.6477    
   7     -0.1565632E-01 0.1497E-02 -0.1354586E-01 0.4209E-03  1.039    
   8     -0.1327263E-01 0.1021E-02 -0.1350492E-01 0.3890E-03 0.8956    
   9     -0.1354748E-01 0.8702E-03 -0.1351245E-01 0.3544E-03 0.7774    
  10     -0.1393406E-01 0.8811E-03 -0.1357750E-01 0.3280E-03 0.7062    



 INPUT PARAMETERS FOR VEGAS:  NDIM=  3  NCALL=    4920750.
                              IT=    0  ITMX=   20
                              MDS= -1   ND=  45
   1     -0.1409921E-01 0.2703E-03 -0.1409921E-01 0.2703E-03  0.000    
   2     -0.1422187E-01 0.2770E-03 -0.1415957E-01 0.1935E-03 0.1004    
   3     -0.1347054E-01 0.2673E-03 -0.1393790E-01 0.1568E-03  2.158    
   4     -0.1399272E-01 0.2676E-03 -0.1395200E-01 0.1353E-03  1.446    
   5     -0.1359439E-01 0.2684E-03 -0.1388248E-01 0.1208E-03  1.439    
   6     -0.1393486E-01 0.2697E-03 -0.1389129E-01 0.1103E-03  1.156    
   7     -0.1365394E-01 0.2654E-03 -0.1385736E-01 0.1018E-03  1.079    
   8     -0.1374418E-01 0.2668E-03 -0.1384317E-01 0.9514E-04 0.9486    
   9     -0.1392359E-01 0.2709E-03 -0.1385209E-01 0.8976E-04 0.8389    
  10     -0.1363818E-01 0.2672E-03 -0.1383099E-01 0.8509E-04 0.8104    
  11     -0.1373165E-01 0.2733E-03 -0.1382232E-01 0.8124E-04 0.7422    
  12     -0.1391487E-01 0.2685E-03 -0.1383018E-01 0.7776E-04 0.6839    
  13     -0.1387753E-01 0.2714E-03 -0.1383380E-01 0.7475E-04 0.6290    
  14     -0.1359911E-01 0.2692E-03 -0.1381752E-01 0.7203E-04 0.6347    
  15     -0.1319382E-01 0.2615E-03 -0.1377716E-01 0.6945E-04 0.9415    
  16     -0.1417430E-01 0.2747E-03 -0.1380233E-01 0.6734E-04  1.013    
  17     -0.1395170E-01 0.2715E-03 -0.1381117E-01 0.6536E-04 0.9668    
  18     -0.1336622E-01 0.2697E-03 -0.1378797E-01 0.6352E-04  1.056    
  19     -0.1353969E-01 0.2695E-03 -0.1377534E-01 0.6183E-04  1.042    
  20     -0.1376438E-01 0.2681E-03 -0.1377479E-01 0.6024E-04 0.9875    
   
   
 Integral virtual contribrtion:  -1.3774785679813498E-002 +-   6.0244406016969409E-005
 with chisq    =  0.98751826566307377     
  
  
  
    xq         Integral virtual contribrtion                 error
   1000     -0.137747856798135E-01      0.602444060169694E-04
Thanks for using LHAPDF 6.5.4. Please make sure to cite the paper:
  Eur.Phys.J. C75 (2015) 3, 132  (http://arxiv.org/abs/1412.7420)
LHAPDF 6.5.4 loading /home/niraj/1TB-Disc/Workspace-IITG/Packages/Install/LHAPDF-6.5.4/install/share/LHAPDF/MMHT2014nlo68cl/MMHT2014nlo68cl_0000.dat
MMHT2014nlo68cl PDF set, member #0, version 3; LHAPDF ID = 25100
  
 Writing data in the file  ../summary/run_02/virtual4.dat                                                                      
  
   
   
 ~~~~~~~~~~~~~~~~~~~~~~~~~~~~~~~~~~~~~~~~~~~~
     Calculating virtual contribrtion
 ~~~~~~~~~~~~~~~~~~~~~~~~~~~~~~~~~~~~~~~~~~~~
   
 ~~~~~~~~~~~~~~~~~~~~~~~~~~~~~~~~~~~~~~~~
using vegas points:                   5.E+05
         iteration:                   10
 ~~~~~~~~~~~~~~~~~~~~~~~~~~~~~~~~~~~~~~~~
  
 For xq =         1300 
  
 RM48 INITIALIZED:        40           0         0



 INPUT PARAMETERS FOR VEGAS:  NDIM=  3  NCALL=     476656.
                              IT=    0  ITMX=   10
                              MDS= -1   ND=  31
   1     -0.2024660E-01 0.5699E-02 -0.2024660E-01 0.5699E-02  0.000    
   2     -0.1991818E-01 0.3090E-02 -0.1999471E-01 0.2729E-02 0.2589E-02
   3     -0.1638492E-01 0.1355E-02 -0.1736020E-01 0.1337E-02 0.7201    
   4     -0.1462086E-01 0.1066E-02 -0.1603387E-01 0.9105E-03  1.287    
   5     -0.1778993E-01 0.1463E-02 -0.1651806E-01 0.7735E-03  1.226    
   6     -0.1693444E-01 0.1295E-02 -0.1661863E-01 0.6676E-03  1.013    
   7     -0.1716287E-01 0.1200E-02 -0.1674066E-01 0.5853E-03 0.8773    
   8     -0.1648006E-01 0.1106E-02 -0.1668965E-01 0.5206E-03 0.7701    
   9     -0.1867772E-01 0.1119E-02 -0.1708150E-01 0.4699E-03  1.018    
  10     -0.1775136E-01 0.1058E-02 -0.1719279E-01 0.4294E-03 0.9413    



 INPUT PARAMETERS FOR VEGAS:  NDIM=  3  NCALL=    4920750.
                              IT=    0  ITMX=   20
                              MDS= -1   ND=  45
   1     -0.1594619E-01 0.4171E-03 -0.1594619E-01 0.4171E-03  0.000    
   2     -0.1693742E-01 0.5621E-03 -0.1632608E-01 0.3379E-03  2.034    
   3     -0.1736403E-01 0.6446E-03 -0.1656943E-01 0.3013E-03  2.045    
   4     -0.1628556E-01 0.4230E-03 -0.1647751E-01 0.2460E-03  1.480    
   5     -0.1654569E-01 0.4603E-03 -0.1649252E-01 0.2170E-03  1.117    
   6     -0.1703629E-01 0.5423E-03 -0.1657078E-01 0.2016E-03  1.065    
   7     -0.1643865E-01 0.4659E-03 -0.1655048E-01 0.1851E-03 0.9026    
   8     -0.1589174E-01 0.3183E-03 -0.1639552E-01 0.1609E-03  1.213    
   9     -0.1700117E-01 0.5754E-03 -0.1644163E-01 0.1551E-03  1.189    
  10     -0.1598797E-01 0.4864E-03 -0.1640258E-01 0.1478E-03  1.147    
  11     -0.1748200E-01 0.5649E-03 -0.1647912E-01 0.1432E-03  1.396    
  12     -0.1748256E-01 0.6130E-03 -0.1653612E-01 0.1396E-03  1.510    
  13     -0.1689485E-01 0.5014E-03 -0.1656248E-01 0.1345E-03  1.422    
  14     -0.1736775E-01 0.5836E-03 -0.1660612E-01 0.1312E-03  1.454    
  15     -0.1666473E-01 0.4944E-03 -0.1660993E-01 0.1268E-03  1.352    
  16     -0.1644117E-01 0.5447E-03 -0.1660157E-01 0.1235E-03  1.271    
  17     -0.1638589E-01 0.6129E-03 -0.1659350E-01 0.1210E-03  1.202    
  18     -0.1721626E-01 0.6273E-03 -0.1661712E-01 0.1189E-03  1.186    
  19     -0.1639108E-01 0.3849E-03 -0.1659821E-01 0.1137E-03  1.140    
  20     -0.1726731E-01 0.5907E-03 -0.1662359E-01 0.1117E-03  1.145    
   
   
 Integral virtual contribrtion:  -1.6623594888599096E-002 +-   1.1167349704404030E-004
 with chisq    =   1.1450146069952369     
  
  
  
    xq         Integral virtual contribrtion                 error
   1300     -0.166235948885991E-01      0.111673497044040E-03
Thanks for using LHAPDF 6.5.4. Please make sure to cite the paper:
  Eur.Phys.J. C75 (2015) 3, 132  (http://arxiv.org/abs/1412.7420)
LHAPDF 6.5.4 loading /home/niraj/1TB-Disc/Workspace-IITG/Packages/Install/LHAPDF-6.5.4/install/share/LHAPDF/MMHT2014nlo68cl/MMHT2014nlo68cl_0000.dat
MMHT2014nlo68cl PDF set, member #0, version 3; LHAPDF ID = 25100
  
 Writing data in the file  ../summary/run_02/virtual5.dat                                                                      
  
   
   
 ~~~~~~~~~~~~~~~~~~~~~~~~~~~~~~~~~~~~~~~~~~~~
     Calculating virtual contribrtion
 ~~~~~~~~~~~~~~~~~~~~~~~~~~~~~~~~~~~~~~~~~~~~
   
 ~~~~~~~~~~~~~~~~~~~~~~~~~~~~~~~~~~~~~~~~
using vegas points:                   5.E+05
         iteration:                   10
 ~~~~~~~~~~~~~~~~~~~~~~~~~~~~~~~~~~~~~~~~
  
 For xq =         1600 
  
 RM48 INITIALIZED:        40           0         0



 INPUT PARAMETERS FOR VEGAS:  NDIM=  3  NCALL=     476656.
                              IT=    0  ITMX=   10
                              MDS= -1   ND=  31
   1     -0.2263862E-01 0.6093E-02 -0.2263862E-01 0.6093E-02  0.000    
   2     -0.1964972E-01 0.1937E-02 -0.2000335E-01 0.1962E-02 0.2420    
   3     -0.1840004E-01 0.1349E-02 -0.1901832E-01 0.1167E-02 0.3553    
   4     -0.1752265E-01 0.1164E-02 -0.1837799E-01 0.8542E-03 0.5032    
   5     -0.1716128E-01 0.1090E-02 -0.1798995E-01 0.6880E-03 0.5660    
   6     -0.1818827E-01 0.1137E-02 -0.1803906E-01 0.5918E-03 0.4647    
   7     -0.1793984E-01 0.1146E-02 -0.1802003E-01 0.5278E-03 0.3944    
   8     -0.1958919E-01 0.1288E-02 -0.1826063E-01 0.4880E-03 0.5265    
   9     -0.1812567E-01 0.1478E-02 -0.1824840E-01 0.4632E-03 0.4660    
  10     -0.1877942E-01 0.1599E-02 -0.1828915E-01 0.4448E-03 0.4258    



 INPUT PARAMETERS FOR VEGAS:  NDIM=  3  NCALL=    4920750.
                              IT=    0  ITMX=   20
                              MDS= -1   ND=  45
   1     -0.1892370E-01 0.5113E-03 -0.1892370E-01 0.5113E-03  0.000    
   2     -0.1837702E-01 0.4809E-03 -0.1864163E-01 0.3506E-03 0.6072    
   3     -0.1841717E-01 0.4909E-03 -0.1856708E-01 0.2853E-03 0.3748    
   4     -0.1865450E-01 0.4923E-03 -0.1858921E-01 0.2469E-03 0.2572    
   5     -0.1904138E-01 0.5395E-03 -0.1867061E-01 0.2246E-03 0.3406    
   6     -0.1857920E-01 0.4602E-03 -0.1865318E-01 0.2019E-03 0.2793    
   7     -0.1835509E-01 0.4890E-03 -0.1861101E-01 0.1866E-03 0.2855    
   8     -0.1820110E-01 0.4589E-03 -0.1855508E-01 0.1729E-03 0.3407    
   9     -0.1840521E-01 0.4462E-03 -0.1853581E-01 0.1613E-03 0.3108    
  10     -0.1893403E-01 0.5103E-03 -0.1857334E-01 0.1538E-03 0.3387    
  11     -0.1907749E-01 0.4909E-03 -0.1862058E-01 0.1468E-03 0.4035    
  12     -0.1921139E-01 0.4790E-03 -0.1867420E-01 0.1403E-03 0.4979    
  13     -0.1882766E-01 0.4652E-03 -0.1868718E-01 0.1343E-03 0.4643    
  14     -0.2024429E-01 0.5418E-03 -0.1879187E-01 0.1305E-03  1.110    
  15     -0.1887770E-01 0.5201E-03 -0.1879699E-01 0.1266E-03  1.032    
  16     -0.1860081E-01 0.5068E-03 -0.1878571E-01 0.1228E-03 0.9736    
  17     -0.1937485E-01 0.5468E-03 -0.1881567E-01 0.1199E-03 0.9823    
  18     -0.1986520E-01 0.5159E-03 -0.1887515E-01 0.1168E-03  1.173    
  19     -0.1910954E-01 0.4920E-03 -0.1888793E-01 0.1136E-03  1.118    
  20     -0.1790218E-01 0.4350E-03 -0.1883108E-01 0.1100E-03  1.294    
   
   
 Integral virtual contribrtion:  -1.8831081580962777E-002 +-   1.1003862790595231E-004
 with chisq    =   1.2944575441552377     
  
  
  
    xq         Integral virtual contribrtion                 error
   1600     -0.188310815809628E-01      0.110038627905952E-03
Thanks for using LHAPDF 6.5.4. Please make sure to cite the paper:
  Eur.Phys.J. C75 (2015) 3, 132  (http://arxiv.org/abs/1412.7420)
LHAPDF 6.5.4 loading /home/niraj/1TB-Disc/Workspace-IITG/Packages/Install/LHAPDF-6.5.4/install/share/LHAPDF/MMHT2014nlo68cl/MMHT2014nlo68cl_0000.dat
MMHT2014nlo68cl PDF set, member #0, version 3; LHAPDF ID = 25100
  
 Writing data in the file  ../summary/run_02/virtual6.dat                                                                      
  
   
   
 ~~~~~~~~~~~~~~~~~~~~~~~~~~~~~~~~~~~~~~~~~~~~
     Calculating virtual contribrtion
 ~~~~~~~~~~~~~~~~~~~~~~~~~~~~~~~~~~~~~~~~~~~~
   
 ~~~~~~~~~~~~~~~~~~~~~~~~~~~~~~~~~~~~~~~~
using vegas points:                   5.E+05
         iteration:                   10
 ~~~~~~~~~~~~~~~~~~~~~~~~~~~~~~~~~~~~~~~~
  
 For xq =         1900 
  
 RM48 INITIALIZED:        40           0         0



 INPUT PARAMETERS FOR VEGAS:  NDIM=  3  NCALL=     476656.
                              IT=    0  ITMX=   10
                              MDS= -1   ND=  31
   1     -0.2337389E-01 0.5399E-02 -0.2337389E-01 0.5399E-02  0.000    
   2     -0.2161396E-01 0.2017E-02 -0.2186101E-01 0.1948E-02 0.9850E-01
   3     -0.2308127E-01 0.1687E-02 -0.2257324E-01 0.1268E-02 0.1610    
   4     -0.2031083E-01 0.1472E-02 -0.2173045E-01 0.9787E-03 0.5293    
   5     -0.2153538E-01 0.1541E-02 -0.2167655E-01 0.8282E-03 0.4040    
   6     -0.2068522E-01 0.1481E-02 -0.2146191E-01 0.7259E-03 0.3929    
   7     -0.2029945E-01 0.1441E-02 -0.2125218E-01 0.6509E-03 0.4123    
   8     -0.2011520E-01 0.1477E-02 -0.2108806E-01 0.5971E-03 0.4233    
   9     -0.1976261E-01 0.1505E-02 -0.2093134E-01 0.5561E-03 0.4507    
  10     -0.2652991E-01 0.3011E-02 -0.2121440E-01 0.5568E-03 0.9185    



 INPUT PARAMETERS FOR VEGAS:  NDIM=  3  NCALL=    4920750.
                              IT=    0  ITMX=   20
                              MDS= -1   ND=  45
   1     -0.2082310E-01 0.5668E-03 -0.2082310E-01 0.5668E-03  0.000    
   2     -0.1962035E-01 0.5684E-03 -0.2025918E-01 0.4013E-03  2.237    
   3     -0.1894762E-01 0.5406E-03 -0.1983178E-01 0.3227E-03  2.981    
   4     -0.2149706E-01 0.6046E-03 -0.2025004E-01 0.2854E-03  4.038    
   5     -0.2042910E-01 0.5733E-03 -0.2028611E-01 0.2555E-03  3.037    
   6     -0.2165031E-01 0.5822E-03 -0.2053154E-01 0.2340E-03  3.378    
   7     -0.1959034E-01 0.5619E-03 -0.2040304E-01 0.2161E-03  3.223    
   8     -0.2050810E-01 0.5971E-03 -0.2041534E-01 0.2032E-03  2.763    
   9     -0.2083220E-01 0.5798E-03 -0.2046265E-01 0.1918E-03  2.465    
  10     -0.2032121E-01 0.5878E-03 -0.2044920E-01 0.1823E-03  2.200    
  11     -0.1931699E-01 0.5550E-03 -0.2034968E-01 0.1733E-03  2.342    
  12     -0.2133427E-01 0.6144E-03 -0.2042890E-01 0.1668E-03  2.345    
  13     -0.1924890E-01 0.5419E-03 -0.2033725E-01 0.1595E-03  2.495    
  14     -0.2066100E-01 0.5837E-03 -0.2036044E-01 0.1539E-03  2.321    
  15     -0.2003391E-01 0.5667E-03 -0.2033867E-01 0.1485E-03  2.181    
  16     -0.2028334E-01 0.5668E-03 -0.2033514E-01 0.1437E-03  2.037    
  17     -0.2003068E-01 0.5709E-03 -0.2031751E-01 0.1393E-03  1.929    
  18     -0.2037723E-01 0.5753E-03 -0.2032084E-01 0.1354E-03  1.816    
  19     -0.2059533E-01 0.5777E-03 -0.2033550E-01 0.1318E-03  1.724    
  20     -0.1969099E-01 0.5652E-03 -0.2030421E-01 0.1284E-03  1.700    
   
   
 Integral virtual contribrtion:  -2.0304212046465646E-002 +-   1.2840380546970992E-004
 with chisq    =   1.7000364938726322     
  
  
  
    xq         Integral virtual contribrtion                 error
   1900     -0.203042120464656E-01      0.128403805469710E-03
Thanks for using LHAPDF 6.5.4. Please make sure to cite the paper:
  Eur.Phys.J. C75 (2015) 3, 132  (http://arxiv.org/abs/1412.7420)
LHAPDF 6.5.4 loading /home/niraj/1TB-Disc/Workspace-IITG/Packages/Install/LHAPDF-6.5.4/install/share/LHAPDF/MMHT2014nlo68cl/MMHT2014nlo68cl_0000.dat
MMHT2014nlo68cl PDF set, member #0, version 3; LHAPDF ID = 25100
  
 Writing data in the file  ../summary/run_02/virtual7.dat                                                                      
  
   
   
 ~~~~~~~~~~~~~~~~~~~~~~~~~~~~~~~~~~~~~~~~~~~~
     Calculating virtual contribrtion
 ~~~~~~~~~~~~~~~~~~~~~~~~~~~~~~~~~~~~~~~~~~~~
   
 ~~~~~~~~~~~~~~~~~~~~~~~~~~~~~~~~~~~~~~~~
using vegas points:                   5.E+05
         iteration:                   10
 ~~~~~~~~~~~~~~~~~~~~~~~~~~~~~~~~~~~~~~~~
  
 For xq =         2200 
  
 RM48 INITIALIZED:        40           0         0



 INPUT PARAMETERS FOR VEGAS:  NDIM=  3  NCALL=     476656.
                              IT=    0  ITMX=   10
                              MDS= -1   ND=  31
   1     -0.1497828E-01 0.4570E-02 -0.1497828E-01 0.4570E-02  0.000    
   2     -0.2080227E-01 0.2297E-02 -0.2012767E-01 0.1882E-02 0.9806    
   3     -0.2502479E-01 0.2049E-02 -0.2314740E-01 0.1330E-02  1.980    
   4     -0.2183147E-01 0.1916E-02 -0.2268791E-01 0.1088E-02  1.394    
   5     -0.2270568E-01 0.1720E-02 -0.2269358E-01 0.9130E-03  1.011    
   6     -0.2194657E-01 0.1628E-02 -0.2250711E-01 0.7947E-03 0.8339    
   7     -0.2083484E-01 0.1609E-02 -0.2219393E-01 0.7136E-03 0.8398    
   8     -0.2223571E-01 0.1622E-02 -0.2220118E-01 0.6522E-03 0.7124    
   9     -0.2276658E-01 0.1643E-02 -0.2228631E-01 0.6052E-03 0.6287    
  10     -0.2465139E-01 0.2044E-02 -0.2252845E-01 0.5820E-03 0.7112    



 INPUT PARAMETERS FOR VEGAS:  NDIM=  3  NCALL=    4920750.
                              IT=    0  ITMX=   20
                              MDS= -1   ND=  45
   1     -0.2258001E-01 0.5885E-03 -0.2258001E-01 0.5885E-03  0.000    
   2     -0.2284233E-01 0.5807E-03 -0.2271444E-01 0.4133E-03 0.1006    
   3     -0.2375796E-01 0.6226E-03 -0.2305395E-01 0.3448E-03  1.054    
   4     -0.2330446E-01 0.6072E-03 -0.2311598E-01 0.2998E-03 0.7425    
   5     -0.2227528E-01 0.5891E-03 -0.2295307E-01 0.2673E-03 0.9515    
   6     -0.2232189E-01 0.5876E-03 -0.2284982E-01 0.2433E-03 0.9523    
   7     -0.2278172E-01 0.5972E-03 -0.2284018E-01 0.2253E-03 0.7961    
   8     -0.2402506E-01 0.6388E-03 -0.2298352E-01 0.2127E-03  1.145    
   9     -0.2384087E-01 0.6286E-03 -0.2307745E-01 0.2015E-03  1.214    
  10     -0.2358159E-01 0.6139E-03 -0.2312839E-01 0.1915E-03  1.145    
  11     -0.2285317E-01 0.6139E-03 -0.2310454E-01 0.1828E-03  1.051    
  12     -0.2239869E-01 0.5901E-03 -0.2304620E-01 0.1746E-03  1.073    
  13     -0.2438518E-01 0.6301E-03 -0.2315214E-01 0.1683E-03  1.358    
  14     -0.2323907E-01 0.6080E-03 -0.2315837E-01 0.1622E-03  1.255    
  15     -0.2234317E-01 0.6148E-03 -0.2310878E-01 0.1569E-03  1.281    
  16     -0.2193478E-01 0.5840E-03 -0.2303715E-01 0.1515E-03  1.432    
  17     -0.2272092E-01 0.5830E-03 -0.2301766E-01 0.1467E-03  1.362    
  18     -0.2227025E-01 0.5967E-03 -0.2297767E-01 0.1424E-03  1.368    
  19     -0.2300148E-01 0.6269E-03 -0.2297884E-01 0.1389E-03  1.292    
  20     -0.2310550E-01 0.6095E-03 -0.2298516E-01 0.1354E-03  1.226    
   
   
 Integral virtual contribrtion:  -2.2985157282814646E-002 +-   1.3541768099060121E-004
 with chisq    =   1.2256332228333491     
  
  
  
    xq         Integral virtual contribrtion                 error
   2200     -0.229851572828146E-01      0.135417680990601E-03
Thanks for using LHAPDF 6.5.4. Please make sure to cite the paper:
  Eur.Phys.J. C75 (2015) 3, 132  (http://arxiv.org/abs/1412.7420)
LHAPDF 6.5.4 loading /home/niraj/1TB-Disc/Workspace-IITG/Packages/Install/LHAPDF-6.5.4/install/share/LHAPDF/MMHT2014nlo68cl/MMHT2014nlo68cl_0000.dat
MMHT2014nlo68cl PDF set, member #0, version 3; LHAPDF ID = 25100
  
 Writing data in the file  ../summary/run_02/virtual8.dat                                                                      
  
   
   
 ~~~~~~~~~~~~~~~~~~~~~~~~~~~~~~~~~~~~~~~~~~~~
     Calculating virtual contribrtion
 ~~~~~~~~~~~~~~~~~~~~~~~~~~~~~~~~~~~~~~~~~~~~
   
 ~~~~~~~~~~~~~~~~~~~~~~~~~~~~~~~~~~~~~~~~
using vegas points:                   5.E+05
         iteration:                   10
 ~~~~~~~~~~~~~~~~~~~~~~~~~~~~~~~~~~~~~~~~
  
 For xq =         2500 
  
 RM48 INITIALIZED:        40           0         0



 INPUT PARAMETERS FOR VEGAS:  NDIM=  3  NCALL=     476656.
                              IT=    0  ITMX=   10
                              MDS= -1   ND=  31
   1     -0.4861025E-01 0.2521E-01 -0.4861025E-01 0.2521E-01  0.000    
   2     -0.6787642E-01 0.1457E-01 -0.6505822E-01 0.1171E-01 0.3381    
   3     -0.2677571     0.1921     -0.7944465E-01 0.3096E-01  1.436    
   4     -0.7312119E-01 0.2196E-01 -0.7762177E-01 0.2337E-01  1.200    
   5     -0.7446422E-01 0.1038E-01 -0.7581438E-01 0.1411E-01  1.059    
   6     -0.8028477E-01 0.7771E-02 -0.7824099E-01 0.9020E-02 0.9602    
   7     -0.8698081E-01 0.7450E-02 -0.8181890E-01 0.6666E-02 0.9346    
   8     -0.6659479E-01 0.6080E-02 -0.7778683E-01 0.5460E-02  1.094    
   9     -0.6441029E-01 0.9106E-02 -0.7645619E-01 0.4978E-02  1.118    
  10     -0.7106822E-01 0.1446E-01 -0.7620921E-01 0.4715E-02  1.063    



 INPUT PARAMETERS FOR VEGAS:  NDIM=  3  NCALL=    4920750.
                              IT=    0  ITMX=   20
                              MDS= -1   ND=  45
   1     -0.8203829E-01 0.1185E-01 -0.8203829E-01 0.1185E-01  0.000    
   2     -0.8765961E-01 0.1985E-01 -0.8366347E-01 0.1034E-01 0.6080E-01
   3     -0.6238601E-01 0.2558E-02 -0.6455398E-01 0.3036E-02  2.284    
   4     -0.9154207E-01 0.1778E-01 -0.6559283E-01 0.3112E-02  2.320    
   5     -0.8077221E-01 0.1580E-01 -0.6614783E-01 0.3048E-02  1.966    
   6     -0.1290530     0.2956E-01 -0.6778188E-01 0.3365E-02  3.026    
   7     -0.6276082E-01 0.2621E-02 -0.6557957E-01 0.2425E-02  2.902    
   8     -0.8980418E-01 0.2052E-01 -0.6592948E-01 0.2415E-02  2.677    
   9     -0.9362980E-01 0.1868E-01 -0.6644417E-01 0.2410E-02  2.609    
  10     -0.1100636     0.2478E-01 -0.6707141E-01 0.2456E-02  2.696    
  11     -0.7801776E-01 0.1249E-01 -0.6737404E-01 0.2393E-02  2.543    
  12     -0.7181543E-01 0.1024E-01 -0.6752361E-01 0.2317E-02  2.394    
  13     -0.1384711     0.4586E-01 -0.6796399E-01 0.2435E-02  2.411    
  14     -0.9786311E-01 0.2199E-01 -0.6836188E-01 0.2427E-02  2.363    
  15     -0.6580032E-01 0.4842E-02 -0.6807915E-01 0.2250E-02  2.280    
  16     -0.1080352     0.3241E-01 -0.6834270E-01 0.2269E-02  2.215    
  17     -0.1167352     0.3119E-01 -0.6874186E-01 0.2297E-02  2.236    
  18     -0.6390543E-01 0.2532E-02 -0.6742236E-01 0.1929E-02  2.243    
  19     -0.6331971E-01 0.2424E-02 -0.6649449E-01 0.1673E-02  2.239    
  20     -0.8749677E-01 0.1844E-01 -0.6665000E-01 0.1663E-02  2.193    
   
   
 Integral virtual contribrtion:  -6.6649998778667563E-002 +-   1.6627454847752568E-003
 with chisq    =   2.1925654594186899     
  
  
  
    xq         Integral virtual contribrtion                 error
   2500     -0.666499987786676E-01      0.166274548477526E-02
Thanks for using LHAPDF 6.5.4. Please make sure to cite the paper:
  Eur.Phys.J. C75 (2015) 3, 132  (http://arxiv.org/abs/1412.7420)
