   2200.0000000000000        3.8392500509758595E-004   4.0947326279561069E-006
  
 Writing data in the file  ../summary/run2_00/PK_Plus7.dat                                                                     
  
LHAPDF 6.5.4 loading /home/niraj/1TB-Disc/Workspace-IITG/Packages/Install/LHAPDF-6.5.4/install/share/LHAPDF/MMHT2014nlo68cl/MMHT2014nlo68cl_0000.dat
MMHT2014nlo68cl PDF set, member #0, version 3; LHAPDF ID = 25100
   
   
 ~~~~~~~~~~~~~~~~~~~~~~~~~~~~~~~~~~~~~~~~~~~~
     Calculating P and K terms
 ~~~~~~~~~~~~~~~~~~~~~~~~~~~~~~~~~~~~~~~~~~~~
   
   
   
 ~~~~~~~~~~~~~~~~~~~~~~~~~~~~~~~~~~~~~~~~~~~~
     Calculating [+] distribution with delta 1d-5
 ~~~~~~~~~~~~~~~~~~~~~~~~~~~~~~~~~~~~~~~~~~~~
   
 ~~~~~~~~~~~~~~~~~~~~~~~~~~~~~~~~~~~~~~~~
using vegas points:                   2.E+08
         iteration:                   10
 ~~~~~~~~~~~~~~~~~~~~~~~~~~~~~~~~~~~~~~~~
  
 For xq =         2200 
  
 RM48 INITIALIZED:        40           0         0



 INPUT PARAMETERS FOR VEGAS:  NDIM=  4  NCALL=  192119202.
                              IT=    0  ITMX=   10
                              MDS= -1   ND=  33
   1      0.3234188E-03 0.2176E-03  0.3234188E-03 0.2176E-03  0.000    
   2      0.4328266E-03 0.6459E-04  0.4276958E-03 0.5566E-04 0.1727    
   3      0.2582565E-03 0.5759E-04  0.3770105E-03 0.4217E-04  1.798    
   4      0.4483833E-03 0.5690E-04  0.4112823E-03 0.3289E-04  1.416    
   5      0.3924627E-03 0.5710E-04  0.4062469E-03 0.2843E-04  1.062    
   6      0.3846074E-03 0.5692E-04  0.4018002E-03 0.2542E-04 0.8683    
   7      0.3689158E-03 0.5688E-04  0.3965658E-03 0.2322E-04 0.7737    
   8      0.2930721E-03 0.5792E-04  0.3874255E-03 0.2162E-04 0.9615    
   9      0.4083797E-03 0.5804E-04  0.3904823E-03 0.2023E-04 0.8370    
  10      0.3232140E-03 0.5828E-04  0.3848921E-03 0.1913E-04 0.8676    



 INPUT PARAMETERS FOR VEGAS:  NDIM=  4  NCALL= 1919025152.
                              IT=    0  ITMX=   20
                              MDS= -1   ND=  44
   1      0.4004362E-03 0.1836E-04  0.4004362E-03 0.1836E-04  0.000    
   2      0.4082995E-03 0.1831E-04  0.4044565E-03 0.1296E-04 0.9193E-01
   3      0.3670323E-03 0.1831E-04  0.3935188E-03 0.1058E-04  1.343    
   4      0.3996824E-03 0.1828E-04  0.3951089E-03 0.9158E-05 0.9156    
   5      0.3689486E-03 0.1829E-04  0.3904000E-03 0.8189E-05  1.081    
   6      0.3701661E-03 0.1835E-04  0.3873111E-03 0.7478E-05  1.068    
   7      0.3822786E-03 0.1832E-04  0.3866046E-03 0.6923E-05 0.9032    
   8      0.3793229E-03 0.1833E-04  0.3857209E-03 0.6476E-05 0.7965    
   9      0.3859052E-03 0.1829E-04  0.3857415E-03 0.6105E-05 0.6965    
  10      0.3905070E-03 0.1833E-04  0.3862297E-03 0.5792E-05 0.6243    
  11      0.3792708E-03 0.1828E-04  0.3856135E-03 0.5522E-05 0.5763    
  12      0.3552903E-03 0.1831E-04  0.3834333E-03 0.5287E-05 0.7300    
  13      0.4044650E-03 0.1831E-04  0.3852254E-03 0.5079E-05 0.7746    
  14      0.3653994E-03 0.1831E-04  0.3839361E-03 0.4895E-05 0.7966    
  15      0.3981291E-03 0.1827E-04  0.3849579E-03 0.4728E-05 0.7788    
  16      0.3942314E-03 0.1826E-04  0.3855698E-03 0.4577E-05 0.7413    
  17      0.3792716E-03 0.1833E-04  0.3852100E-03 0.4441E-05 0.7029    
  18      0.3754541E-03 0.1835E-04  0.3846937E-03 0.4316E-05 0.6783    
  19      0.3906742E-03 0.1834E-04  0.3850183E-03 0.4201E-05 0.6452    
  20      0.3603112E-03 0.1831E-04  0.3839250E-03 0.4095E-05 0.6959    
   
   
 Integral Plus:   3.8392500509758595E-004 +-   4.0947326279561069E-006
 with chisq    =  0.69594949973873488     
  
  
  
    xq         Integral Plus                 error
   2200      0.383925005097586E-03      0.409473262795611E-05
Thanks for using LHAPDF 6.5.4. Please make sure to cite the paper:
  Eur.Phys.J. C75 (2015) 3, 132  (http://arxiv.org/abs/1412.7420)
