   1000.0000000000000        1.4109259693136881E-004   1.7443867756055733E-006
  
 Writing data in the file  ../summary/run2_00/PK_Plus3.dat                                                                     
  
LHAPDF 6.5.4 loading /home/niraj/1TB-Disc/Workspace-IITG/Packages/Install/LHAPDF-6.5.4/install/share/LHAPDF/MMHT2014nlo68cl/MMHT2014nlo68cl_0000.dat
MMHT2014nlo68cl PDF set, member #0, version 3; LHAPDF ID = 25100
   
   
 ~~~~~~~~~~~~~~~~~~~~~~~~~~~~~~~~~~~~~~~~~~~~
     Calculating P and K terms
 ~~~~~~~~~~~~~~~~~~~~~~~~~~~~~~~~~~~~~~~~~~~~
   
   
   
 ~~~~~~~~~~~~~~~~~~~~~~~~~~~~~~~~~~~~~~~~~~~~
     Calculating [+] distribution with delta 1d-5
 ~~~~~~~~~~~~~~~~~~~~~~~~~~~~~~~~~~~~~~~~~~~~
   
 ~~~~~~~~~~~~~~~~~~~~~~~~~~~~~~~~~~~~~~~~
using vegas points:                   2.E+08
         iteration:                   10
 ~~~~~~~~~~~~~~~~~~~~~~~~~~~~~~~~~~~~~~~~
  
 For xq =         1000 
  
 RM48 INITIALIZED:        40           0         0



 INPUT PARAMETERS FOR VEGAS:  NDIM=  4  NCALL=  192119202.
                              IT=    0  ITMX=   10
                              MDS= -1   ND=  33
   1     -0.9957933E-04 0.1449E-03 -0.9957933E-04 0.1449E-03  0.000    
   2      0.1759763E-03 0.3058E-04  0.1721015E-03 0.2467E-04  1.729    
   3      0.1381067E-03 0.2515E-04  0.1560211E-03 0.1771E-04  1.344    
   4      0.1100215E-03 0.2496E-04  0.1452752E-03 0.1472E-04  1.577    
   5      0.1221978E-03 0.2454E-04  0.1399735E-03 0.1270E-04  1.371    
   6      0.1799749E-03 0.2448E-04  0.1533160E-03 0.1108E-04  1.538    
   7      0.1307846E-03 0.2446E-04  0.1499354E-03 0.1011E-04  1.413    
   8      0.1286724E-03 0.2469E-04  0.1472831E-03 0.9373E-05  1.315    
   9      0.1221818E-03 0.2441E-04  0.1446933E-03 0.8768E-05  1.274    
  10      0.1242226E-03 0.2471E-04  0.1427640E-03 0.8272E-05  1.211    



 INPUT PARAMETERS FOR VEGAS:  NDIM=  4  NCALL= 1919025152.
                              IT=    0  ITMX=   20
                              MDS= -1   ND=  44
   1      0.1485410E-03 0.7809E-05  0.1485410E-03 0.7809E-05  0.000    
   2      0.1393412E-03 0.7817E-05  0.1442393E-03 0.5524E-05 0.6904    
   3      0.1326409E-03 0.7792E-05  0.1407721E-03 0.4507E-05  1.058    
   4      0.1382799E-03 0.7805E-05  0.1401625E-03 0.3903E-05 0.7353    
   5      0.1303759E-03 0.7790E-05  0.1384092E-03 0.3490E-05 0.8554    
   6      0.1228621E-03 0.7790E-05  0.1362751E-03 0.3185E-05  1.273    
   7      0.1281608E-03 0.7813E-05  0.1352261E-03 0.2949E-05  1.219    
   8      0.1285885E-03 0.7777E-05  0.1344554E-03 0.2758E-05  1.142    
   9      0.1353764E-03 0.7832E-05  0.1345591E-03 0.2601E-05 0.9978    
  10      0.1298332E-03 0.7788E-05  0.1341109E-03 0.2467E-05 0.9274    
  11      0.1381320E-03 0.7811E-05  0.1344986E-03 0.2353E-05 0.8549    
  12      0.1541021E-03 0.7798E-05  0.1366048E-03 0.2252E-05  1.417    
  13      0.1474245E-03 0.7820E-05  0.1375686E-03 0.2164E-05  1.450    
  14      0.1440703E-03 0.7763E-05  0.1380853E-03 0.2085E-05  1.383    
  15      0.1564239E-03 0.7792E-05  0.1396453E-03 0.2014E-05  1.720    
  16      0.1519501E-03 0.7815E-05  0.1405548E-03 0.1950E-05  1.767    
  17      0.1366621E-03 0.7803E-05  0.1403345E-03 0.1892E-05  1.675    
  18      0.1465074E-03 0.7793E-05  0.1407123E-03 0.1839E-05  1.605    
  19      0.1437047E-03 0.7793E-05  0.1408787E-03 0.1790E-05  1.520    
  20      0.1448991E-03 0.7816E-05  0.1410926E-03 0.1744E-05  1.448    
   
   
 Integral Plus:   1.4109259693136881E-004 +-   1.7443867756055733E-006
 with chisq    =   1.4484524650013217     
  
  
  
    xq         Integral Plus                 error
   1000      0.141092596931369E-03      0.174438677560557E-05
Thanks for using LHAPDF 6.5.4. Please make sure to cite the paper:
  Eur.Phys.J. C75 (2015) 3, 132  (http://arxiv.org/abs/1412.7420)
