   1600.0000000000000        2.5361031938810644E-004   2.9557355234128720E-006
  
 Writing data in the file  ../summary/run2_00/PK_Plus5.dat                                                                     
  
LHAPDF 6.5.4 loading /home/niraj/1TB-Disc/Workspace-IITG/Packages/Install/LHAPDF-6.5.4/install/share/LHAPDF/MMHT2014nlo68cl/MMHT2014nlo68cl_0000.dat
MMHT2014nlo68cl PDF set, member #0, version 3; LHAPDF ID = 25100
   
   
 ~~~~~~~~~~~~~~~~~~~~~~~~~~~~~~~~~~~~~~~~~~~~
     Calculating P and K terms
 ~~~~~~~~~~~~~~~~~~~~~~~~~~~~~~~~~~~~~~~~~~~~
   
   
   
 ~~~~~~~~~~~~~~~~~~~~~~~~~~~~~~~~~~~~~~~~~~~~
     Calculating [+] distribution with delta 1d-5
 ~~~~~~~~~~~~~~~~~~~~~~~~~~~~~~~~~~~~~~~~~~~~
   
 ~~~~~~~~~~~~~~~~~~~~~~~~~~~~~~~~~~~~~~~~
using vegas points:                   2.E+08
         iteration:                   10
 ~~~~~~~~~~~~~~~~~~~~~~~~~~~~~~~~~~~~~~~~
  
 For xq =         1600 
  
 RM48 INITIALIZED:        40           0         0



 INPUT PARAMETERS FOR VEGAS:  NDIM=  4  NCALL=  192119202.
                              IT=    0  ITMX=   10
                              MDS= -1   ND=  33
   1      0.1695884E-03 0.1809E-03  0.1695884E-03 0.1809E-03  0.000    
   2      0.2247917E-03 0.4836E-04  0.2226349E-03 0.4199E-04 0.6490E-01
   3      0.1792733E-03 0.4211E-04  0.2032850E-03 0.3024E-04 0.2886    
   4      0.1859272E-03 0.4132E-04  0.1975100E-03 0.2449E-04 0.2330    
   5      0.2988049E-03 0.4107E-04  0.2446262E-03 0.2034E-04  1.679    
   6      0.1604384E-03 0.4105E-04  0.2346605E-03 0.1836E-04  1.891    
   7      0.3644162E-03 0.4123E-04  0.2835805E-03 0.1648E-04  3.646    
   8      0.2038867E-03 0.4156E-04  0.2752850E-03 0.1534E-04  3.590    
   9      0.3488352E-03 0.4180E-04  0.2923079E-03 0.1434E-04  3.346    
  10      0.2014315E-03 0.4260E-04  0.2860227E-03 0.1360E-04  3.400    



 INPUT PARAMETERS FOR VEGAS:  NDIM=  4  NCALL= 1919025152.
                              IT=    0  ITMX=   20
                              MDS= -1   ND=  44
   1      0.2544115E-03 0.1322E-04  0.2544115E-03 0.1322E-04  0.000    
   2      0.2468801E-03 0.1320E-04  0.2507527E-03 0.9341E-05 0.1624    
   3      0.2390192E-03 0.1322E-04  0.2470898E-03 0.7629E-05 0.3377    
   4      0.2625643E-03 0.1320E-04  0.2513332E-03 0.6605E-05 0.5821    
   5      0.2683492E-03 0.1323E-04  0.2551075E-03 0.5910E-05 0.7820    
   6      0.2333901E-03 0.1322E-04  0.2519814E-03 0.5396E-05  1.042    
   7      0.2534994E-03 0.1323E-04  0.2522016E-03 0.4996E-05 0.8677    
   8      0.2385372E-03 0.1323E-04  0.2506472E-03 0.4674E-05 0.8763    
   9      0.2525552E-03 0.1321E-04  0.2508634E-03 0.4406E-05 0.7673    
  10      0.2821780E-03 0.1319E-04  0.2547574E-03 0.4179E-05  1.343    
  11      0.2550879E-03 0.1321E-04  0.2547878E-03 0.3984E-05  1.208    
  12      0.2437439E-03 0.1322E-04  0.2539336E-03 0.3815E-05  1.159    
  13      0.2613952E-03 0.1322E-04  0.2545434E-03 0.3665E-05  1.083    
  14      0.2403591E-03 0.1325E-04  0.2536308E-03 0.3533E-05  1.082    
  15      0.2508801E-03 0.1319E-04  0.2534491E-03 0.3412E-05  1.008    
  16      0.2754753E-03 0.1322E-04  0.2550681E-03 0.3304E-05  1.132    
  17      0.2610041E-03 0.1320E-04  0.2554367E-03 0.3205E-05  1.070    
  18      0.2422921E-03 0.1325E-04  0.2547742E-03 0.3115E-05  1.062    
  19      0.2475509E-03 0.1323E-04  0.2544122E-03 0.3032E-05  1.021    
  20      0.2359691E-03 0.1324E-04  0.2536103E-03 0.2956E-05  1.059    
   
   
 Integral Plus:   2.5361031938810644E-004 +-   2.9557355234128720E-006
 with chisq    =   1.0588740989520127     
  
  
  
    xq         Integral Plus                 error
   1600      0.253610319388106E-03      0.295573552341287E-05
Thanks for using LHAPDF 6.5.4. Please make sure to cite the paper:
  Eur.Phys.J. C75 (2015) 3, 132  (http://arxiv.org/abs/1412.7420)
