   2500.0000000000000        1.5251279187266779E-003   2.6653187070977409E-005
  
 Writing data in the file  ../summary/run2_00/PK_Plus8.dat                                                                     
  
LHAPDF 6.5.4 loading /home/niraj/1TB-Disc/Workspace-IITG/Packages/Install/LHAPDF-6.5.4/install/share/LHAPDF/MMHT2014nlo68cl/MMHT2014nlo68cl_0000.dat
MMHT2014nlo68cl PDF set, member #0, version 3; LHAPDF ID = 25100
   
   
 ~~~~~~~~~~~~~~~~~~~~~~~~~~~~~~~~~~~~~~~~~~~~
     Calculating P and K terms
 ~~~~~~~~~~~~~~~~~~~~~~~~~~~~~~~~~~~~~~~~~~~~
   
   
   
 ~~~~~~~~~~~~~~~~~~~~~~~~~~~~~~~~~~~~~~~~~~~~
     Calculating [+] distribution with delta 1d-5
 ~~~~~~~~~~~~~~~~~~~~~~~~~~~~~~~~~~~~~~~~~~~~
   
 ~~~~~~~~~~~~~~~~~~~~~~~~~~~~~~~~~~~~~~~~
using vegas points:                   2.E+08
         iteration:                   10
 ~~~~~~~~~~~~~~~~~~~~~~~~~~~~~~~~~~~~~~~~
  
 For xq =         2500 
  
 RM48 INITIALIZED:        40           0         0



 INPUT PARAMETERS FOR VEGAS:  NDIM=  4  NCALL=  192119202.
                              IT=    0  ITMX=   10
                              MDS= -1   ND=  33
   1      0.3703621E-02 0.1324E-02  0.3703621E-02 0.1324E-02  0.000    
   2      0.1579525E-02 0.4163E-03  0.2327302E-02 0.6040E-03  2.821    
   3      0.7764342E-03 0.3827E-03  0.2084908E-02 0.4613E-03  2.785    
   4      0.1365544E-02 0.3743E-03  0.1843388E-02 0.3432E-03  2.555    
   5      0.1108023E-02 0.3745E-03  0.1710365E-02 0.2868E-03  2.491    
   6      0.1457706E-02 0.3714E-03  0.1649360E-02 0.2399E-03  2.201    
   7      0.1543487E-02 0.3725E-03  0.1626915E-02 0.2075E-03  1.939    
   8      0.6992363E-03 0.3754E-03  0.1588799E-02 0.1920E-03  1.993    
   9      0.1520724E-02 0.3789E-03  0.1577891E-02 0.1734E-03  1.798    
  10      0.1438856E-02 0.3788E-03  0.1560440E-02 0.1596E-03  1.659    



 INPUT PARAMETERS FOR VEGAS:  NDIM=  4  NCALL= 1919025152.
                              IT=    0  ITMX=   20
                              MDS= -1   ND=  44
   1      0.1542810E-02 0.1192E-03  0.1542810E-02 0.1192E-03  0.000    
   2      0.1519269E-02 0.1189E-03  0.1531194E-02 0.8421E-04 0.1954E-01
   3      0.1585190E-02 0.1188E-03  0.1550087E-02 0.6870E-04 0.7979E-01
   4      0.1588401E-02 0.1192E-03  0.1559998E-02 0.5953E-04 0.7900E-01
   5      0.1525453E-02 0.1195E-03  0.1553368E-02 0.5328E-04 0.7606E-01
   6      0.1490061E-02 0.1194E-03  0.1543557E-02 0.4866E-04 0.1060    
   7      0.1261099E-02 0.1192E-03  0.1515230E-02 0.4505E-04 0.6839    
   8      0.1414241E-02 0.1191E-03  0.1503903E-02 0.4213E-04 0.6767    
   9      0.1514836E-02 0.1195E-03  0.1505142E-02 0.3974E-04 0.5912    
  10      0.1616005E-02 0.1192E-03  0.1517866E-02 0.3770E-04 0.6146    
  11      0.1402258E-02 0.1197E-03  0.1508741E-02 0.3595E-04 0.6352    
  12      0.1442484E-02 0.1188E-03  0.1503568E-02 0.3441E-04 0.6054    
  13      0.1543421E-02 0.1188E-03  0.1506840E-02 0.3305E-04 0.5612    
  14      0.1677871E-02 0.1195E-03  0.1521815E-02 0.3186E-04 0.6860    
  15      0.1613534E-02 0.1189E-03  0.1528743E-02 0.3077E-04 0.6754    
  16      0.1528070E-02 0.1187E-03  0.1528700E-02 0.2979E-04 0.6300    
  17      0.1359917E-02 0.1194E-03  0.1520682E-02 0.2890E-04 0.6940    
  18      0.1592663E-02 0.1192E-03  0.1525096E-02 0.2809E-04 0.6714    
  19      0.1485248E-02 0.1195E-03  0.1523088E-02 0.2734E-04 0.6411    
  20      0.1561734E-02 0.1195E-03  0.1525128E-02 0.2665E-04 0.6110    
   
   
 Integral Plus:   1.5251279187266779E-003 +-   2.6653187070977409E-005
 with chisq    =  0.61095264612734723     
  
  
  
    xq         Integral Plus                 error
   2500      0.152512791872668E-02      0.266531870709774E-04
Thanks for using LHAPDF 6.5.4. Please make sure to cite the paper:
  Eur.Phys.J. C75 (2015) 3, 132  (http://arxiv.org/abs/1412.7420)
