 ____________________________________
 Calculating P and K terms for Leg 2
 ____________________________________
 ````````````````````````````````````
  
  
 For xq =          100 
  
 RM48 INITIALIZED:        40           0         0



 INPUT PARAMETERS FOR VEGAS:  NDIM=  4  NCALL=    9759362.
                              IT=    0  ITMX=   10
                              MDS= -1   ND=  47
   1     -0.2858211     0.1319     -0.2858211     0.1319      0.000    
   2     -0.5066578     0.8083E-01 -0.4830729     0.6202E-01  1.209    
   3      -1.189081     0.3623     -0.6219707     0.1033      3.867    
   4      -8.164307      6.242     -0.8504969     0.5503      1.928    
   5      -1.569280     0.1205      -1.389801     0.2504      2.130    
   6      -3.439845     0.8798      -1.519607     0.2389      2.626    
   7      -3.576578     0.5176      -1.859217     0.2172      4.271    
   8      -3.648214     0.2574      -2.592449     0.1666      7.657    
   9      -4.097421     0.3523      -2.917950     0.1494      8.680    
  10      -4.925295     0.4303      -3.265642     0.1408      10.42    



 INPUT PARAMETERS FOR VEGAS:  NDIM=  4  NCALL=   99574272.
                              IT=    0  ITMX=   20
                              MDS= -1   ND=  42
   1      -5.985370     0.2566      -5.985370     0.2566      0.000    

   2      -7.061260     0.6045      -6.201038     0.2509      2.947    
   3      -6.007878     0.2449      -6.110405     0.1779      1.702    
   4      -5.594241     0.1794      -5.887762     0.1303      2.487    
   5      -6.501778     0.5059      -5.929660     0.1271      2.198    
   6      -6.194811     0.4481      -5.949063     0.1221      1.828    
   7      -6.039111     0.3145      -5.960204     0.1138      1.549    
   8      -6.931405     0.7064      -5.990597     0.1137      1.604    
   9      -6.915976      1.126      -6.001816     0.1143      1.471    
  10      -5.810255     0.2236      -5.967677     0.1027      1.386    
  11      -5.725735     0.2136      -5.929120     0.9341E-01  1.358    
  12      -6.084630     0.2710      -5.944767     0.8837E-01  1.266    
  13      -5.954866     0.2149      -5.946108     0.8199E-01  1.170    
  14      -6.019223     0.3377      -5.949918     0.7963E-01  1.088    
  15      -6.323083     0.4391      -5.962191     0.7840E-01  1.059    
  16      -5.802420     0.3709      -5.956222     0.7661E-01  1.007    
  17      -5.629159     0.2106      -5.924044     0.7236E-01  1.068    
  18      -6.798612     0.5641      -5.941186     0.7208E-01  1.159    
  19      -6.786641     0.7412      -5.950645     0.7204E-01  1.168    
  20      -5.886978     0.2458      -5.946119     0.6925E-01  1.116    
   
   
 Integral=  -5.9461189347458525      +-   6.9246893878427668E-002
 with chisq    =   1.1158623127542988     
  
  
  
 For xq =          200 
  
 RM48 INITIALIZED:        40           0         0



 INPUT PARAMETERS FOR VEGAS:  NDIM=  4  NCALL=    9759362.
                              IT=    0  ITMX=   10
                              MDS= -1   ND=  47
   1     -0.3740410E-01 0.2732E-01 -0.3740410E-01 0.2732E-01  0.000    
   2     -0.3380447E-01 0.3196E-02 -0.3386381E-01 0.3343E-02 0.1880E-01
   3     -0.7142015E-01 0.1890E-01 -0.3805119E-01 0.4461E-02  3.516    
   4     -0.9400054E-01 0.1863E-01 -0.4733016E-01 0.5181E-02  6.827    
   5     -0.1149542     0.1596E-01 -0.6442077E-01 0.5377E-02  11.02    
   6     -0.1304652     0.2109E-01 -0.7479448E-01 0.5653E-02  10.34    
   7     -0.2352896     0.6796E-01 -0.8231934E-01 0.7553E-02  7.963    
   8     -0.2046127     0.2239E-01 -0.1124433     0.7283E-02  13.01    
   9     -0.3940136     0.1687     -0.1168982     0.9821E-02  7.761    
  10     -0.2460783     0.1423E-01 -0.1769320     0.7475E-02  14.63    



 INPUT PARAMETERS FOR VEGAS:  NDIM=  4  NCALL=   99574272.
                              IT=    0  ITMX=   20
                              MDS= -1   ND=  42
   1     -0.3599237     0.1806E-01 -0.3599237     0.1806E-01  0.000    
   2     -0.4007481     0.3342E-01 -0.3707771     0.1638E-01  1.213    
   3     -0.3822432     0.2730E-01 -0.3738280     0.1405E-01 0.6699    
   4     -0.3732570     0.2298E-01 -0.3736775     0.1199E-01 0.4515    
   5     -0.3622895     0.1682E-01 -0.3700692     0.9824E-02 0.4174    
   6     -0.4366539     0.7585E-01 -0.3715425     0.9993E-02 0.5077    
   7     -0.3670218     0.2012E-01 -0.3707205     0.8975E-02 0.4355    
   8     -0.3454406     0.1450E-01 -0.3647367     0.7747E-02 0.6572    
   9     -0.3502250     0.1565E-01 -0.3622313     0.6988E-02 0.6617    
  10     -0.4341590     0.5980E-01 -0.3635156     0.7040E-02 0.7727    
  11     -0.3857715     0.3221E-01 -0.3645472     0.6880E-02 0.7406    
  12     -0.3939972     0.3056E-01 -0.3660482     0.6719E-02 0.7544    
  13     -0.3751126     0.2796E-01 -0.3665224     0.6530E-02 0.7019    
  14     -0.3542332     0.1739E-01 -0.3652005     0.6137E-02 0.6843    
  15     -0.3639164     0.1818E-01 -0.3650797     0.5824E-02 0.6394    
  16     -0.3556608     0.1708E-01 -0.3642089     0.5526E-02 0.6177    
  17     -0.3839031     0.2675E-01 -0.3650371     0.5413E-02 0.6114    
  18     -0.4387959     0.4763E-01 -0.3662936     0.5418E-02 0.7473    
  19     -0.3591566     0.1867E-01 -0.3658003     0.5211E-02 0.7169    
  20     -0.3978470     0.3862E-01 -0.3664236     0.5172E-02 0.7147    
   
   
 Integral= -0.36642361012466462      +-   5.1716401832259552E-003
 with chisq    =  0.71469479655699841     
  
  
  
 For xq =          300 
  
 RM48 INITIALIZED:        40           0         0



 INPUT PARAMETERS FOR VEGAS:  NDIM=  4  NCALL=    9759362.
                              IT=    0  ITMX=   10
                              MDS= -1   ND=  47
   1     -0.4491092E-02 0.1691E-02 -0.4491092E-02 0.1691E-02  0.000    
   2     -0.7377746E-02 0.1351E-02 -0.6825785E-02 0.1006E-02  1.274    
   3     -0.1173271E-01 0.1984E-02 -0.9214086E-02 0.9924E-03  3.389    
   4     -0.1277125E-01 0.1420E-02 -0.1109793E-01 0.7839E-03  3.414    
   5     -0.2942821E-01 0.7262E-02 -0.1287756E-01 0.1212E-02  5.984    
   6     -0.2725625E-01 0.3126E-02 -0.1733577E-01 0.1162E-02  10.15    
   7     -0.1044836     0.7637E-01 -0.1799620E-01 0.2732E-02  2.794    
   8     -0.4544895E-01 0.6001E-02 -0.2316944E-01 0.2479E-02  5.038    
   9     -0.4724713E-01 0.5090E-02 -0.2848205E-01 0.2212E-02  6.862    
  10     -0.5267865E-01 0.3535E-02 -0.3725334E-01 0.1806E-02  10.45    



 INPUT PARAMETERS FOR VEGAS:  NDIM=  4  NCALL=   99574272.
                              IT=    0  ITMX=   20
                              MDS= -1   ND=  42
   1     -0.7170012E-01 0.8045E-02 -0.7170012E-01 0.8045E-02  0.000    
   2     -0.6708873E-01 0.2751E-02 -0.6763190E-01 0.2674E-02 0.3091    
   3     -0.7029524E-01 0.4681E-02 -0.6829936E-01 0.2324E-02 0.2765    
   4     -0.7135475E-01 0.5955E-02 -0.6871977E-01 0.2171E-02 0.2605    
   5     -0.7996496E-01 0.7285E-02 -0.6988384E-01 0.2117E-02 0.8392    
   6     -0.6543251E-01 0.3037E-02 -0.6861440E-01 0.1763E-02 0.9520    
   7     -0.9186283E-01 0.2246E-01 -0.6885082E-01 0.1835E-02 0.9934    
   8     -0.6475578E-01 0.2108E-02 -0.6735835E-01 0.1441E-02  1.145    
   9     -0.6536851E-01 0.3345E-02 -0.6710243E-01 0.1330E-02  1.057    
  10     -0.6831214E-01 0.4353E-02 -0.6719504E-01 0.1271E-02 0.9572    
  11     -0.9785771E-01 0.1897E-01 -0.6744666E-01 0.1313E-02  1.244    
  12     -0.8039234E-01 0.7889E-02 -0.6784832E-01 0.1301E-02  1.387    
  13     -0.6799227E-01 0.3126E-02 -0.6786615E-01 0.1209E-02  1.290    
  14     -0.6783217E-01 0.4062E-02 -0.6786384E-01 0.1160E-02  1.206    
  15     -0.7090916E-01 0.6465E-02 -0.6795066E-01 0.1140E-02  1.140    
  16     -0.6243881E-01 0.1739E-02 -0.6666035E-01 0.9884E-03  1.456    
  17     -0.8803057E-01 0.1507E-01 -0.6679187E-01 0.9981E-03  1.505    
  18     -0.7201133E-01 0.5383E-02 -0.6695513E-01 0.9807E-03  1.472    
  19     -0.6294910E-01 0.2071E-02 -0.6639822E-01 0.9032E-03  1.542    
  20     -0.6789122E-01 0.3207E-02 -0.6649255E-01 0.8710E-03  1.481    
   
   
 Integral=  -6.6492547078150777E-002 +-   8.7095163873223563E-004
 with chisq    =   1.4809804143602847     
  
  
  
 For xq =          400 
  
 RM48 INITIALIZED:        40           0         0



 INPUT PARAMETERS FOR VEGAS:  NDIM=  4  NCALL=    9759362.
                              IT=    0  ITMX=   10
                              MDS= -1   ND=  47
   1     -0.7440403E-01 0.7274E-01 -0.7440403E-01 0.7274E-01  0.000    
   2     -0.2367394E-02 0.1028E-02 -0.1423139E-01 0.2088E-01  1.637    
   3     -0.2566977E-02 0.3282E-03 -0.3664722E-02 0.5234E-02  1.438    
   4     -0.3467082E-02 0.2536E-03 -0.3519540E-02 0.2338E-02  1.276    
   5     -0.8345362E-02 0.2167E-02 -0.3785403E-02 0.2045E-02  1.254    
   6     -0.8807241E-02 0.1167E-02 -0.4662999E-02 0.1708E-02  1.437    
   7     -0.7890304E-02 0.4601E-03 -0.6193315E-02 0.1153E-02  1.708    
   8     -0.5929987E-01 0.4774E-01 -0.6325087E-02 0.1366E-02  1.574    
   9     -0.1649773E-01 0.2656E-02 -0.6919220E-02 0.1268E-02  1.947    
  10     -0.1559642E-01 0.1719E-02 -0.7881221E-02 0.1149E-02  2.500    



 INPUT PARAMETERS FOR VEGAS:  NDIM=  4  NCALL=   99574272.
                              IT=    0  ITMX=   20
                              MDS= -1   ND=  42
   1     -0.2333270E-01 0.4415E-02 -0.2333270E-01 0.4415E-02  0.000    
   2     -0.1902858E-01 0.9335E-03 -0.1929970E-01 0.1011E-02  1.070    
   3     -0.2287609E-01 0.3862E-02 -0.1956200E-01 0.9980E-03 0.9450    
   4     -0.1821407E-01 0.6356E-03 -0.1871030E-01 0.5821E-03  1.098    
   5     -0.2202692E-01 0.2263E-02 -0.1893553E-01 0.5677E-03  1.347    
   6     -0.2615463E-01 0.5031E-02 -0.1907276E-01 0.5862E-03  1.557    
   7     -0.1793984E-01 0.5740E-03 -0.1861136E-01 0.4402E-03  1.630    
   8     -0.2205072E-01 0.2072E-02 -0.1876645E-01 0.4314E-03  1.780    
   9     -0.4192206E-01 0.2123E-01 -0.1880236E-01 0.4927E-03  1.620    
  10     -0.1679810E-01 0.5161E-03 -0.1820843E-01 0.4021E-03  2.097    
  11     -0.1838163E-01 0.6886E-03 -0.1823722E-01 0.3601E-03  1.965    
  12     -0.2629006E-01 0.5871E-02 -0.1827471E-01 0.3629E-03  1.958    
  13     -0.2166561E-01 0.3454E-02 -0.1830541E-01 0.3589E-03  1.886    
  14     -0.2159571E-01 0.2226E-02 -0.1837512E-01 0.3529E-03  1.900    
  15     -0.1919841E-01 0.1200E-02 -0.1842000E-01 0.3393E-03  1.827    
  16     -0.2268653E-01 0.4298E-02 -0.1844517E-01 0.3378E-03  1.772    
  17     -0.1872703E-01 0.1250E-02 -0.1845795E-01 0.3267E-03  1.698    
  18     -0.1946117E-01 0.1998E-02 -0.1847683E-01 0.3210E-03  1.635    
  19     -0.1889593E-01 0.1128E-02 -0.1849891E-01 0.3099E-03  1.575    
  20     -0.1782926E-01 0.5304E-03 -0.1838169E-01 0.2788E-03  1.564    
   
   
 Integral=  -1.8381687895801278E-002 +-   2.7875791777273316E-004
 with chisq    =   1.5644873679869669     
  
  
  
 For xq =          500 
  
 RM48 INITIALIZED:        40           0         0



 INPUT PARAMETERS FOR VEGAS:  NDIM=  4  NCALL=    9759362.
                              IT=    0  ITMX=   10
                              MDS= -1   ND=  47
   1     -0.2483959E-02 0.2281E-02 -0.2483959E-02 0.2281E-02  0.000    
   2     -0.9984078E-03 0.4648E-03 -0.1302224E-02 0.7860E-03 0.5812    
   3     -0.2435295E-02 0.1536E-02 -0.1644856E-02 0.7246E-03 0.4964    
   4     -0.1937137E-02 0.4805E-03 -0.1838210E-02 0.4141E-03 0.3802    
   5     -0.2244032E-02 0.2672E-03 -0.2139182E-02 0.2145E-03 0.4458    
   6     -0.2835669E-02 0.5946E-03 -0.2273606E-02 0.2057E-03 0.6700    
   7     -0.4473542E-02 0.1129E-02 -0.2532374E-02 0.2311E-03  1.957    
   8     -0.4143514E-02 0.2524E-03 -0.3609808E-02 0.1443E-03  5.375    
   9     -0.7860395E-02 0.3076E-02 -0.3677577E-02 0.1870E-03  3.768    
  10     -0.7945512E-02 0.1654E-02 -0.3905141E-02 0.2107E-03  4.800    



 INPUT PARAMETERS FOR VEGAS:  NDIM=  4  NCALL=   99574272.
                              IT=    0  ITMX=   20
                              MDS= -1   ND=  42
   1     -0.7033962E-02 0.3398E-03 -0.7033962E-02 0.3398E-03  0.000    
   2     -0.6832996E-02 0.2318E-03 -0.6899376E-02 0.1925E-03 0.2411    
   3     -0.6953864E-02 0.2977E-03 -0.6915506E-02 0.1617E-03 0.1321    
   4     -0.7669343E-02 0.3749E-03 -0.7055025E-02 0.1499E-03  1.355    
   5     -0.7984717E-02 0.7371E-03 -0.7100885E-02 0.1498E-03  1.418    
   6     -0.7572824E-02 0.7539E-03 -0.7120085E-02 0.1477E-03  1.200    
   7     -0.7324235E-02 0.3555E-03 -0.7149926E-02 0.1364E-03  1.048    
   8     -0.8035830E-02 0.4869E-03 -0.7225889E-02 0.1320E-03  1.382    
   9     -0.7406665E-02 0.4057E-03 -0.7243055E-02 0.1255E-03  1.232    
  10     -0.6927351E-02 0.2643E-03 -0.7191374E-02 0.1140E-03  1.227    
  11     -0.7408529E-02 0.4969E-03 -0.7202297E-02 0.1111E-03  1.122    
  12     -0.8624175E-02 0.8869E-03 -0.7232082E-02 0.1116E-03  1.292    
  13     -0.7098589E-02 0.4246E-03 -0.7224298E-02 0.1079E-03  1.201    
  14     -0.7249273E-02 0.3046E-03 -0.7226937E-02 0.1018E-03  1.114    
  15     -0.8987845E-02 0.1344E-02 -0.7241514E-02 0.1029E-03  1.176    
  16     -0.8491890E-02 0.1672E-02 -0.7247455E-02 0.1035E-03  1.126    
  17     -0.7902474E-02 0.4759E-03 -0.7279101E-02 0.1012E-03  1.171    
  18     -0.7018287E-02 0.2878E-03 -0.7254490E-02 0.9586E-04  1.149    
  19     -0.9618898E-02 0.1927E-02 -0.7263804E-02 0.9717E-04  1.181    
  20     -0.7450917E-02 0.6220E-03 -0.7267953E-02 0.9591E-04  1.128    
   
   
 Integral=  -7.2679534450329165E-003 +-   9.5914795653959578E-005
 with chisq    =   1.1275199348111482     
  
  
  
 For xq =          600 
  
 RM48 INITIALIZED:        40           0         0



 INPUT PARAMETERS FOR VEGAS:  NDIM=  4  NCALL=    9759362.
                              IT=    0  ITMX=   10
                              MDS= -1   ND=  47
   1     -0.1160647E-02 0.9865E-03 -0.1160647E-02 0.9865E-03  0.000    
   2     -0.2606530E-03 0.5144E-04 -0.3066851E-03 0.1617E-03  1.504    
   3     -0.5196154E-03 0.8810E-04 -0.4264431E-03 0.9530E-04  1.561    
   4     -0.8352281E-03 0.1919E-03 -0.5223238E-03 0.8586E-04  2.338    
   5     -0.8715310E-03 0.7974E-04 -0.7306357E-03 0.5602E-04  4.000    
   6     -0.2858853E-02 0.1299E-02 -0.7809110E-03 0.9589E-04  3.339    
   7     -0.3462666E-02 0.1659E-02 -0.8367160E-03 0.1261E-03  3.113    
   8     -0.1806946E-02 0.2058E-03 -0.1097815E-02 0.1077E-03  4.957    
   9     -0.3940276E-02 0.1769E-02 -0.1146190E-02 0.1267E-03  4.133    
  10     -0.2242980E-02 0.1787E-03 -0.1531033E-02 0.1024E-03  6.547    



 INPUT PARAMETERS FOR VEGAS:  NDIM=  4  NCALL=   99574272.
                              IT=    0  ITMX=   20
                              MDS= -1   ND=  42
   1     -0.2765702E-02 0.8287E-04 -0.2765702E-02 0.8287E-04  0.000    
   2     -0.2875200E-02 0.1097E-03 -0.2807486E-02 0.6647E-04 0.6403    
   3     -0.3116075E-02 0.1936E-03 -0.2846290E-02 0.6439E-04  1.561    
   4     -0.3530551E-02 0.3249E-03 -0.2883392E-02 0.6612E-04  2.764    
   5     -0.3319748E-02 0.2836E-03 -0.2909214E-02 0.6514E-04  2.634    
   6     -0.3027788E-02 0.1675E-03 -0.2923879E-02 0.6063E-04  2.214    
   7     -0.3742117E-02 0.9036E-03 -0.2929157E-02 0.6232E-04  1.920    
   8     -0.3441601E-02 0.4486E-03 -0.2940257E-02 0.6220E-04  1.821    
   9     -0.3514566E-02 0.4686E-03 -0.2951903E-02 0.6216E-04  1.775    
  10     -0.3408063E-02 0.2773E-03 -0.2975462E-02 0.6079E-04  1.871    
  11     -0.3574163E-02 0.6360E-03 -0.2981855E-02 0.6096E-04  1.759    
  12     -0.4470609E-02 0.1340E-02 -0.2987439E-02 0.6289E-04  1.687    
  13     -0.2952196E-02 0.1124E-03 -0.2980796E-02 0.5609E-04  1.583    
  14     -0.3893874E-02 0.5458E-03 -0.2993329E-02 0.5633E-04  1.702    
  15     -0.3043427E-02 0.1277E-03 -0.2999983E-02 0.5208E-04  1.611    
  16     -0.3402817E-02 0.3277E-03 -0.3009890E-02 0.5144E-04  1.602    
  17     -0.3473035E-02 0.4398E-03 -0.3016385E-02 0.5113E-04  1.569    
  18     -0.3000786E-02 0.1860E-03 -0.3015522E-02 0.4939E-04  1.496    
  19     -0.3108997E-02 0.2407E-03 -0.3018721E-02 0.4833E-04  1.431    
  20     -0.3262742E-02 0.3432E-03 -0.3023165E-02 0.4781E-04  1.385    
   
   
 Integral=  -3.0231651267606063E-003 +-   4.7812478177921097E-005
 with chisq    =   1.3850453557950722     
  
  
  
 For xq =          700 
  
 RM48 INITIALIZED:        40           0         0



 INPUT PARAMETERS FOR VEGAS:  NDIM=  4  NCALL=    9759362.
                              IT=    0  ITMX=   10
                              MDS= -1   ND=  47
   1     -0.2118970E-03 0.1632E-03 -0.2118970E-03 0.1632E-03  0.000    
   2     -0.1424041E-03 0.3352E-04 -0.1483411E-03 0.4064E-04 0.2285    
   3     -0.3815682E-03 0.8473E-04 -0.2665373E-03 0.4190E-04  3.925    
   4     -0.2746977E-03 0.1972E-04 -0.2733021E-03 0.1749E-04  2.579    
   5     -0.3903767E-03 0.3151E-04 -0.3196754E-03 0.1505E-04  5.198    
   6     -0.5237313E-03 0.3283E-04 -0.4005754E-03 0.1360E-04  13.84    
   7     -0.9431559E-03 0.2243E-03 -0.4151180E-03 0.1863E-04  9.673    
   8     -0.8214178E-03 0.1285E-03 -0.4388039E-03 0.2016E-04  9.854    
   9     -0.1113377E-02 0.2157E-03 -0.4635242E-03 0.2318E-04  10.02    
  10     -0.2588932E-02 0.1294E-02 -0.4751563E-03 0.3739E-04  5.359    



 INPUT PARAMETERS FOR VEGAS:  NDIM=  4  NCALL=   99574272.
                              IT=    0  ITMX=   20
                              MDS= -1   ND=  42
   1     -0.1458777E-02 0.1162E-03 -0.1458777E-02 0.1162E-03  0.000    
   2     -0.1532074E-02 0.9956E-04 -0.1502797E-02 0.7533E-04 0.2271    
   3     -0.2096088E-02 0.5480E-03 -0.1524021E-02 0.8502E-04 0.9258    
   4     -0.1534650E-02 0.1240E-03 -0.1526916E-02 0.7066E-04 0.6517    
   5     -0.1468632E-02 0.1321E-03 -0.1516410E-02 0.6247E-04 0.5447    
   6     -0.1608896E-02 0.1239E-03 -0.1534675E-02 0.5581E-04 0.5252    
   7     -0.1448277E-02 0.8890E-04 -0.1514197E-02 0.4801E-04 0.5489    
   8     -0.1596502E-02 0.1035E-03 -0.1528628E-02 0.4356E-04 0.5450    
   9     -0.1400820E-02 0.6818E-04 -0.1498315E-02 0.3754E-04 0.7520    
  10     -0.1522869E-02 0.7143E-04 -0.1503309E-02 0.3338E-04 0.6832    
  11     -0.1363984E-02 0.4487E-04 -0.1462546E-02 0.2775E-04  1.151    
  12     -0.1382862E-02 0.1216E-03 -0.1459410E-02 0.2696E-04  1.095    
  13     -0.1464972E-02 0.6760E-04 -0.1460105E-02 0.2512E-04  1.013    
  14     -0.1529397E-02 0.1424E-03 -0.1462167E-02 0.2473E-04 0.9530    
  15     -0.1509961E-02 0.2026E-03 -0.1462843E-02 0.2452E-04 0.8909    
  16     -0.1517667E-02 0.7279E-04 -0.1468305E-02 0.2325E-04 0.8661    
  17     -0.1526018E-02 0.1944E-03 -0.1469109E-02 0.2308E-04 0.8179    
  18     -0.1470657E-02 0.1063E-03 -0.1469173E-02 0.2254E-04 0.7733    
  19     -0.1473661E-02 0.1011E-03 -0.1469371E-02 0.2200E-04 0.7334    
  20     -0.1440662E-02 0.6137E-04 -0.1466430E-02 0.2078E-04 0.7079    
   
   
 Integral=  -1.4664301688195973E-003 +-   2.0783100091386497E-005
 with chisq    =  0.70789335877572090     
  
  
  
 For xq =          800 
  
 RM48 INITIALIZED:        40           0         0



 INPUT PARAMETERS FOR VEGAS:  NDIM=  4  NCALL=    9759362.
                              IT=    0  ITMX=   10
                              MDS= -1   ND=  47
   1     -0.2120535E-04 0.4586E-05 -0.2120535E-04 0.4586E-05  0.000    
   2     -0.8436314E-04 0.1515E-04 -0.5859644E-04 0.8497E-05  13.34    
   3     -0.1724378E-03 0.3989E-04 -0.8852753E-04 0.1322E-04  9.210    
   4     -0.1466735E-03 0.1263E-04 -0.1265956E-03 0.8451E-05  8.760    
   5     -0.2869548E-03 0.6358E-04 -0.1410324E-03 0.1117E-04  7.642    
   6     -0.3030433E-03 0.3851E-04 -0.1758508E-03 0.1161E-04  11.02    
   7     -0.3996158E-03 0.5042E-04 -0.2159016E-03 0.1264E-04  14.03    
   8     -0.4815373E-03 0.5910E-04 -0.2581513E-03 0.1368E-04  15.85    
   9     -0.4920350E-03 0.3444E-04 -0.3349692E-03 0.1245E-04  20.98    
  10     -0.3303420E-02 0.2631E-02 -0.3424766E-03 0.4348E-04  2.831    



 INPUT PARAMETERS FOR VEGAS:  NDIM=  4  NCALL=   99574272.
                              IT=    0  ITMX=   20
                              MDS= -1   ND=  42
   1     -0.1015554E-02 0.2942E-03 -0.1015554E-02 0.2942E-03  0.000    
   2     -0.1016211E-02 0.1699E-03 -0.1016047E-02 0.1471E-03 0.3733E-05
   3     -0.6736297E-03 0.2598E-04 -0.6963245E-03 0.3415E-04  3.111    
   4     -0.9915941E-03 0.2185E-03 -0.7045382E-03 0.3438E-04  2.654    
   5     -0.1497277E-02 0.7598E-03 -0.7086750E-03 0.3928E-04  2.045    
   6     -0.1473059E-02 0.6561E-03 -0.7138166E-03 0.4195E-04  1.869    
   7     -0.9257686E-03 0.1238E-03 -0.7285385E-03 0.3945E-04  1.950    
   8     -0.8250009E-03 0.7607E-04 -0.7408328E-03 0.3578E-04  1.888    
   9     -0.7338657E-03 0.3951E-04 -0.7389367E-03 0.2959E-04  1.760    
  10     -0.8804474E-03 0.1045E-03 -0.7464373E-03 0.2835E-04  1.752    
  11     -0.1103526E-02 0.3557E-03 -0.7489860E-03 0.2842E-04  1.670    
  12     -0.7735336E-03 0.7707E-04 -0.7506924E-03 0.2690E-04  1.582    
  13     -0.7109294E-03 0.3962E-04 -0.7434636E-03 0.2384E-04  1.545    
  14     -0.9377005E-03 0.9759E-04 -0.7530870E-03 0.2314E-04  1.695    
  15     -0.8337641E-03 0.9119E-04 -0.7565506E-03 0.2240E-04  1.644    
  16     -0.7334045E-03 0.4439E-04 -0.7537048E-03 0.2068E-04  1.588    
  17     -0.8852659E-03 0.1004E-03 -0.7581545E-03 0.2023E-04  1.590    
  18     -0.8303170E-03 0.7757E-04 -0.7615822E-03 0.1959E-04  1.556    
  19     -0.7184560E-03 0.4585E-04 -0.7575989E-03 0.1845E-04  1.530    
  20     -0.7773870E-03 0.4216E-04 -0.7598427E-03 0.1723E-04  1.481    
   
   
 Integral=  -7.5984269231303193E-004 +-   1.7226232945768619E-005
 with chisq    =   1.4805180324536238     
  
  
  
 For xq =          900 
  
 RM48 INITIALIZED:        40           0         0



 INPUT PARAMETERS FOR VEGAS:  NDIM=  4  NCALL=    9759362.
                              IT=    0  ITMX=   10
                              MDS= -1   ND=  47
   1     -0.1078896E-04 0.2395E-05 -0.1078896E-04 0.2395E-05  0.000    
   2     -0.5635721E-04 0.1436E-04 -0.3045837E-04 0.6791E-05  11.04    
   3     -0.7454954E-04 0.9436E-05 -0.5850875E-04 0.5484E-05  10.56    
   4     -0.2893116E-03 0.1838E-03 -0.6419389E-04 0.1517E-04  2.752    
   5     -0.1063548E-03 0.1018E-04 -0.8612539E-04 0.9954E-05  3.419    
   6     -0.1350867E-03 0.9919E-05 -0.1091102E-03 0.7177E-05  5.110    
   7     -0.3587457E-03 0.1654E-03 -0.1120489E-03 0.9466E-05  3.767    
   8     -0.2539199E-03 0.3793E-04 -0.1263490E-03 0.9414E-05  5.876    
   9     -0.3266488E-03 0.4934E-04 -0.1443235E-03 0.9797E-05  8.589    
  10     -0.3371175E-03 0.2161E-04 -0.2084209E-03 0.8555E-05  19.21    



 INPUT PARAMETERS FOR VEGAS:  NDIM=  4  NCALL=   99574272.
                              IT=    0  ITMX=   20
                              MDS= -1   ND=  42
   1     -0.4590821E-03 0.3483E-04 -0.4590821E-03 0.3483E-04  0.000    
   2     -0.5327297E-03 0.8097E-04 -0.4737740E-03 0.3376E-04 0.7601    
   3     -0.4228734E-03 0.2606E-04 -0.4458720E-03 0.2162E-04  1.105    
   4     -0.5998187E-03 0.1078E-03 -0.4552016E-03 0.2248E-04  1.531    
   5     -0.4204625E-03 0.2006E-04 -0.4391477E-03 0.1596E-04  1.520    
   6     -0.4409845E-03 0.2382E-04 -0.4396345E-03 0.1345E-04  1.258    
   7     -0.4868226E-03 0.4197E-04 -0.4440803E-03 0.1281E-04  1.239    
   8     -0.4732388E-03 0.5371E-04 -0.4455838E-03 0.1244E-04  1.106    
   9     -0.4580014E-03 0.3020E-04 -0.4472294E-03 0.1153E-04 0.9957    
  10     -0.4851829E-03 0.4564E-04 -0.4495494E-03 0.1118E-04 0.9567    
  11     -0.4528454E-03 0.2635E-04 -0.4500034E-03 0.1033E-04 0.8712    
  12     -0.5468405E-03 0.8632E-04 -0.4517828E-03 0.1036E-04 0.9154    
  13     -0.4615461E-03 0.4640E-04 -0.4522060E-03 0.1010E-04 0.8483    
  14     -0.4446616E-03 0.4157E-04 -0.4518460E-03 0.9803E-05 0.7936    
  15     -0.6309173E-03 0.1456E-03 -0.4532384E-03 0.9999E-05 0.8796    
  16     -0.4357681E-03 0.2219E-04 -0.4508335E-03 0.9223E-05 0.8605    
  17     -0.4478430E-03 0.2302E-04 -0.4504775E-03 0.8616E-05 0.8151    
  18     -0.4950745E-03 0.4682E-04 -0.4519923E-03 0.8478E-05 0.8189    
  19     -0.4156207E-03 0.2350E-04 -0.4488358E-03 0.8044E-05 0.8746    
  20     -0.4220323E-03 0.1959E-04 -0.4457787E-03 0.7526E-05 0.9059    
   
   
 Integral=  -4.4577867659245239E-004 +-   7.5262257804752727E-006
 with chisq    =  0.90591861448744870     
  
  
  
 For xq =         1000 
  
 RM48 INITIALIZED:        40           0         0



 INPUT PARAMETERS FOR VEGAS:  NDIM=  4  NCALL=    9759362.
                              IT=    0  ITMX=   10
                              MDS= -1   ND=  47
   1     -0.1326065E-04 0.4752E-05 -0.1326065E-04 0.4752E-05  0.000    
   2     -0.6225201E-04 0.3252E-04 -0.2893708E-04 0.1330E-04  2.952    
   3     -0.5997458E-04 0.2496E-04 -0.3934401E-04 0.1217E-04  1.898    
   4     -0.5387514E-04 0.5325E-05 -0.5178181E-04 0.4697E-05  1.616    
   5     -0.8135678E-04 0.1107E-04 -0.6098319E-04 0.4448E-05  3.300    
   6     -0.9991623E-04 0.1083E-04 -0.7379034E-04 0.4183E-05  5.828    
   7     -0.1651212E-03 0.2851E-04 -0.8427588E-04 0.5158E-05  8.138    
   8     -0.1918391E-03 0.6307E-04 -0.8757673E-04 0.6150E-05  6.055    
   9     -0.1501878E-03 0.9652E-05 -0.1154653E-03 0.4822E-05  9.984    
  10     -0.1922178E-03 0.1385E-04 -0.1355518E-03 0.4525E-05  13.62    



 INPUT PARAMETERS FOR VEGAS:  NDIM=  4  NCALL=   99574272.
                              IT=    0  ITMX=   20
                              MDS= -1   ND=  42
   1     -0.3022189E-03 0.3857E-04 -0.3022189E-03 0.3857E-04  0.000    
   2     -0.2801266E-03 0.1818E-04 -0.2846651E-03 0.1686E-04 0.2804    
   3     -0.4613979E-03 0.1526E-03 -0.2899108E-03 0.2035E-04  1.179    
   4     -0.2800430E-03 0.3282E-04 -0.2880240E-03 0.1740E-04 0.8865    
   5     -0.3559803E-03 0.6738E-04 -0.2926649E-03 0.1696E-04 0.9073    
   6     -0.4431994E-03 0.1240E-03 -0.2972302E-03 0.1761E-04  1.083    
   7     -0.5584033E-03 0.2397E-03 -0.3005492E-03 0.1915E-04  1.142    
   8     -0.2781164E-03 0.2022E-04 -0.2936599E-03 0.1543E-04  1.109    
   9     -0.2633598E-03 0.1328E-04 -0.2818519E-03 0.1170E-04  1.230    
  10     -0.3531130E-03 0.9399E-04 -0.2828344E-03 0.1156E-04  1.162    
  11     -0.3069121E-03 0.4039E-04 -0.2841202E-03 0.1109E-04  1.100    
  12     -0.2899687E-03 0.2515E-04 -0.2847606E-03 0.1030E-04  1.034    
  13     -0.2749062E-03 0.1530E-04 -0.2826918E-03 0.9008E-05 0.9959    
  14     -0.3847595E-03 0.1037E-03 -0.2835972E-03 0.9028E-05 0.9936    
  15     -0.2663321E-03 0.2960E-04 -0.2827406E-03 0.8671E-05 0.9638    
  16     -0.4891568E-03 0.2126E-03 -0.2834083E-03 0.8911E-05 0.9644    
  17     -0.3357260E-03 0.6786E-04 -0.2841791E-03 0.8810E-05 0.9433    
  18     -0.2904468E-03 0.3438E-04 -0.2844373E-03 0.8543E-05 0.9064    
  19     -0.2613152E-03 0.1529E-04 -0.2811034E-03 0.7807E-05 0.9375    
  20     -0.3385821E-03 0.6116E-04 -0.2819605E-03 0.7735E-05 0.9340    
   
   
 Integral=  -2.8196050606793028E-004 +-   7.7349948654692494E-006
 with chisq    =  0.93397181359191439     
  
  
  
 For xq =         1100 
  
 RM48 INITIALIZED:        40           0         0



 INPUT PARAMETERS FOR VEGAS:  NDIM=  4  NCALL=    9759362.
                              IT=    0  ITMX=   10
                              MDS= -1   ND=  47
   1     -0.7466009E-05 0.2162E-05 -0.7466009E-05 0.2162E-05  0.000    
   2     -0.3230007E-04 0.1621E-04 -0.1366828E-04 0.5878E-05  3.344    
   3     -0.3347798E-04 0.1245E-04 -0.1986266E-04 0.5655E-05  2.560    
   4     -0.2634496E-04 0.2512E-05 -0.2521818E-04 0.2339E-05  2.101    
   5     -0.5593400E-04 0.1013E-04 -0.3094555E-04 0.2718E-05  5.794    
   6     -0.5203264E-04 0.3969E-05 -0.4174871E-04 0.2085E-05  8.953    
   7     -0.8502154E-04 0.1099E-04 -0.4830248E-04 0.2403E-05  11.71    
   8     -0.1229458E-03 0.2197E-04 -0.5377896E-04 0.3018E-05  11.84    
   9     -0.1055146E-03 0.1625E-04 -0.5842944E-04 0.3164E-05  11.31    
  10     -0.1197578E-03 0.8016E-05 -0.7820968E-04 0.2859E-05  19.51    



 INPUT PARAMETERS FOR VEGAS:  NDIM=  4  NCALL=   99574272.
                              IT=    0  ITMX=   20
                              MDS= -1   ND=  42
   1     -0.2518055E-03 0.7150E-04 -0.2518055E-03 0.7150E-04  0.000    
   2     -0.2044702E-03 0.2680E-04 -0.2127830E-03 0.2729E-04 0.4354    
   3     -0.1512131E-03 0.6247E-05 -0.1578357E-03 0.8064E-05  3.066    
   4     -0.1394626E-03 0.5017E-05 -0.1479020E-03 0.5080E-05  3.449    
   5     -0.1795244E-03 0.1667E-04 -0.1502766E-03 0.4823E-05  3.400    
   6     -0.2194708E-03 0.7718E-04 -0.1506368E-03 0.4945E-05  2.777    
   7     -0.1567777E-03 0.9840E-05 -0.1514993E-03 0.4468E-05  2.475    
   8     -0.1864981E-03 0.2177E-04 -0.1528649E-03 0.4370E-05  2.475    
   9     -0.1621122E-03 0.1638E-04 -0.1533229E-03 0.4196E-05  2.260    
  10     -0.1370273E-03 0.3224E-05 -0.1455446E-03 0.2963E-05  2.945    
  11     -0.2892114E-03 0.1273E-03 -0.1457401E-03 0.3158E-05  2.610    
  12     -0.1526459E-03 0.9733E-05 -0.1461609E-03 0.3011E-05  2.479    
  13     -0.3565504E-03 0.2081E-03 -0.1463138E-03 0.3284E-05  2.157    
  14     -0.1874177E-03 0.2561E-04 -0.1468514E-03 0.3240E-05  2.179    
  15     -0.1975209E-03 0.3199E-04 -0.1473190E-03 0.3215E-05  2.198    
  16     -0.1774472E-03 0.1708E-04 -0.1480861E-03 0.3148E-05  2.238    
  17     -0.1917749E-03 0.2291E-04 -0.1487964E-03 0.3111E-05  2.310    
  18     -0.1699463E-03 0.1043E-04 -0.1500238E-03 0.2993E-05  2.373    
  19     -0.1816974E-03 0.1393E-04 -0.1511591E-03 0.2924E-05  2.489    
  20     -0.1678692E-03 0.9929E-05 -0.1521085E-03 0.2818E-05  2.494    
   
   
 Integral=  -1.5210851788187112E-004 +-   2.8178181361411416E-006
 with chisq    =   2.4941432581383709     
  
  
  
 For xq =         1200 
  
 RM48 INITIALIZED:        40           0         0



 INPUT PARAMETERS FOR VEGAS:  NDIM=  4  NCALL=    9759362.
                              IT=    0  ITMX=   10
                              MDS= -1   ND=  47
   1     -0.5574654E-05 0.1974E-05 -0.5574654E-05 0.1974E-05  0.000    
   2     -0.1666897E-04 0.8982E-05 -0.8920320E-05 0.3678E-05  1.917    
   3     -0.1891927E-04 0.4763E-05 -0.1472046E-04 0.2859E-05  2.156    
   4     -0.2359074E-04 0.3624E-05 -0.2012288E-04 0.2097E-05  2.465    
   5     -0.3015312E-04 0.3141E-05 -0.2583923E-04 0.1624E-05  3.663    
   6     -0.4433992E-04 0.7179E-05 -0.2937004E-04 0.1849E-05  4.923    
   7     -0.5379442E-04 0.6411E-05 -0.3573270E-04 0.1922E-05  7.988    
   8     -0.6297416E-04 0.6063E-05 -0.4350437E-04 0.1903E-05  10.96    
   9     -0.6914141E-04 0.6551E-05 -0.4933777E-04 0.1890E-05  11.56    
  10     -0.8942160E-04 0.1101E-04 -0.5409444E-04 0.2067E-05  11.94    



 INPUT PARAMETERS FOR VEGAS:  NDIM=  4  NCALL=   99574272.
                              IT=    0  ITMX=   20
                              MDS= -1   ND=  42
   1     -0.1131621E-03 0.1221E-04 -0.1131621E-03 0.1221E-04  0.000    
   2     -0.1282750E-03 0.2112E-04 -0.1177021E-03 0.1092E-04 0.4028    
   3     -0.1333836E-03 0.2374E-04 -0.1209100E-03 0.1008E-04 0.3848    
   4     -0.9698614E-04 0.2725E-05 -0.9958420E-04 0.3151E-05  2.145    
   5     -0.1275624E-03 0.1529E-04 -0.1008911E-03 0.3124E-05  2.454    
   6     -0.1426085E-03 0.2566E-04 -0.1017376E-03 0.3193E-05  2.520    
   7     -0.1618423E-03 0.5903E-04 -0.1020330E-03 0.3338E-05  2.176    
   8     -0.9632798E-04 0.3208E-05 -0.9991694E-04 0.2571E-05  2.142    
   9     -0.1028555E-03 0.5656E-05 -0.1002688E-03 0.2366E-05  1.968    
  10     -0.1005551E-03 0.3975E-05 -0.1003226E-03 0.2095E-05  1.813    
  11     -0.1364130E-03 0.2220E-04 -0.1007189E-03 0.2106E-05  1.914    
  12     -0.9938703E-04 0.4514E-05 -0.1005544E-03 0.1943E-05  1.798    
  13     -0.1057712E-03 0.5592E-05 -0.1009903E-03 0.1842E-05  1.731    
  14     -0.9659821E-04 0.3910E-05 -0.1004422E-03 0.1701E-05  1.695    
  15     -0.1152983E-03 0.2255E-04 -0.1005211E-03 0.1693E-05  1.610    
  16     -0.1062081E-03 0.5538E-05 -0.1009168E-03 0.1623E-05  1.575    
  17     -0.1468389E-03 0.2994E-04 -0.1011247E-03 0.1645E-05  1.650    
  18     -0.1088801E-03 0.6601E-05 -0.1015028E-03 0.1597E-05  1.632    
  19     -0.9605536E-04 0.4506E-05 -0.1010926E-03 0.1521E-05  1.620    
  20     -0.1421857E-03 0.2988E-04 -0.1012462E-03 0.1535E-05  1.642    
   
   
 Integral=  -1.0124616750599109E-004 +-   1.5353394989926579E-006
 with chisq    =   1.6415996325770017     
  
  
  
 For xq =         1300 
  
 RM48 INITIALIZED:        40           0         0



 INPUT PARAMETERS FOR VEGAS:  NDIM=  4  NCALL=    9759362.
                              IT=    0  ITMX=   10
                              MDS= -1   ND=  47
   1     -0.3537526E-05 0.1138E-05 -0.3537526E-05 0.1138E-05  0.000    
   2     -0.7637948E-05 0.1528E-05 -0.6494852E-05 0.1011E-05  3.307    
   3     -0.1027348E-04 0.2417E-05 -0.7789809E-05 0.1056E-05  2.438    
   4     -0.2220090E-04 0.6255E-05 -0.1056876E-04 0.1600E-05  4.778    
   5     -0.2914801E-04 0.6961E-05 -0.1450047E-04 0.1915E-05  5.901    
   6     -0.2760895E-04 0.3440E-05 -0.2023391E-04 0.1607E-05  7.048    
   7     -0.3771232E-04 0.5637E-05 -0.2430753E-04 0.1660E-05  7.524    
   8     -0.7171725E-04 0.2435E-04 -0.2635629E-04 0.2347E-05  5.495    
   9     -0.4692084E-04 0.4015E-05 -0.3468277E-04 0.1908E-05  7.830    
  10     -0.7438805E-04 0.1093E-04 -0.3947622E-04 0.2079E-05  9.454    



 INPUT PARAMETERS FOR VEGAS:  NDIM=  4  NCALL=   99574272.
                              IT=    0  ITMX=   20
                              MDS= -1   ND=  42
   1     -0.6911441E-04 0.3120E-05 -0.6911441E-04 0.3120E-05  0.000    
   2     -0.7289652E-04 0.4018E-05 -0.7063281E-04 0.2481E-05 0.5586    
   3     -0.7770871E-04 0.7954E-05 -0.7137074E-04 0.2424E-05 0.6602    
   4     -0.8622553E-04 0.1646E-04 -0.7180312E-04 0.2500E-05 0.7343    
   5     -0.1000968E-03 0.1916E-04 -0.7259919E-04 0.2631E-05  1.273    
   6     -0.8929040E-04 0.2116E-04 -0.7290005E-04 0.2648E-05  1.129    
   7     -0.6985980E-04 0.3332E-05 -0.7196379E-04 0.2156E-05  1.053    
   8     -0.6390558E-04 0.1934E-05 -0.6847193E-04 0.1583E-05  1.856    
   9     -0.7249811E-04 0.6017E-05 -0.6869133E-04 0.1525E-05  1.700    
  10     -0.8105513E-04 0.1094E-04 -0.6894090E-04 0.1514E-05  1.649    
  11     -0.6668390E-04 0.2413E-05 -0.6844612E-04 0.1320E-05  1.574    
  12     -0.6759282E-04 0.2972E-05 -0.6833580E-04 0.1219E-05  1.466    
  13     -0.6943864E-04 0.2817E-05 -0.6848124E-04 0.1128E-05  1.372    
  14     -0.6753142E-04 0.2423E-05 -0.6834420E-04 0.1035E-05  1.295    
  15     -0.8159397E-04 0.9364E-05 -0.6852843E-04 0.1033E-05  1.352    
  16     -0.1003263E-03 0.2979E-04 -0.6859435E-04 0.1055E-05  1.332    
  17     -0.7875036E-04 0.9113E-05 -0.6873110E-04 0.1049E-05  1.325    
  18     -0.6515931E-04 0.2805E-05 -0.6841434E-04 0.9925E-06  1.330    
  19     -0.7949035E-04 0.6817E-05 -0.6865637E-04 0.9830E-06  1.404    
  20     -0.7193242E-04 0.3539E-05 -0.6886040E-04 0.9486E-06  1.376    
   
   
 Integral=  -6.8860395241940740E-005 +-   9.4859445063872742E-007
 with chisq    =   1.3756500612581020     
  
  
  
 For xq =         1400 
  
 RM48 INITIALIZED:        40           0         0



 INPUT PARAMETERS FOR VEGAS:  NDIM=  4  NCALL=    9759362.
                              IT=    0  ITMX=   10
                              MDS= -1   ND=  47
   1     -0.3871364E-05 0.1688E-05 -0.3871364E-05 0.1688E-05  0.000    
   2     -0.1224971E-04 0.7299E-05 -0.6792532E-05 0.3196E-05  1.561    
   3     -0.7087122E-05 0.1152E-05 -0.7035335E-05 0.1250E-05 0.9014    
   4     -0.1501280E-04 0.4845E-05 -0.8413967E-05 0.1408E-05  1.921    
   5     -0.2786587E-04 0.1492E-04 -0.9562778E-05 0.2030E-05  1.927    
   6     -0.1982343E-04 0.2716E-05 -0.1442875E-04 0.1546E-05  3.596    
   7     -0.2303593E-04 0.4190E-05 -0.1625414E-04 0.1465E-05  3.591    
   8     -0.4414716E-04 0.1657E-04 -0.1757685E-04 0.1848E-05  3.311    
   9     -0.3439306E-04 0.5259E-05 -0.2131536E-04 0.1745E-05  4.535    
  10     -0.3436589E-04 0.1736E-05 -0.3006843E-04 0.1051E-05  7.443    



 INPUT PARAMETERS FOR VEGAS:  NDIM=  4  NCALL=   99574272.
                              IT=    0  ITMX=   20
                              MDS= -1   ND=  42
   1     -0.4562209E-04 0.2183E-05 -0.4562209E-04 0.2183E-05  0.000    
   2     -0.4804183E-04 0.2690E-05 -0.4664332E-04 0.1704E-05 0.4919    
   3     -0.5261156E-04 0.4357E-05 -0.4760829E-04 0.1627E-05  1.139    
   4     -0.4937477E-04 0.3601E-05 -0.4791307E-04 0.1484E-05 0.8224    
   5     -0.5087528E-04 0.3630E-05 -0.4836552E-04 0.1376E-05 0.7571    
   6     -0.5417910E-04 0.9013E-05 -0.4852440E-04 0.1380E-05 0.6800    
   7     -0.4886080E-04 0.3229E-05 -0.4857405E-04 0.1270E-05 0.5724    
   8     -0.4916664E-04 0.4054E-05 -0.4862537E-04 0.1211E-05 0.4954    
   9     -0.4742150E-04 0.2932E-05 -0.4846464E-04 0.1121E-05 0.4549    
  10     -0.4628356E-04 0.2309E-05 -0.4809371E-04 0.1015E-05 0.4821    
  11     -0.4287534E-04 0.1448E-05 -0.4668047E-04 0.8568E-06  1.176    
  12     -0.4999203E-04 0.3754E-05 -0.4685241E-04 0.8360E-06  1.135    
  13     -0.5112762E-04 0.4430E-05 -0.4701284E-04 0.8232E-06  1.114    
  14     -0.4482118E-04 0.1861E-05 -0.4670498E-04 0.7587E-06  1.118    
  15     -0.5005571E-04 0.4692E-05 -0.4679484E-04 0.7498E-06  1.072    
  16     -0.4656951E-04 0.3687E-05 -0.4678668E-04 0.7340E-06  1.006    
  17     -0.4804002E-04 0.3103E-05 -0.4685139E-04 0.7142E-06 0.9543    
  18     -0.4486222E-04 0.1845E-05 -0.4662672E-04 0.6699E-06 0.9577    
  19     -0.4448460E-04 0.2215E-05 -0.4647340E-04 0.6428E-06 0.9530    
  20     -0.4867392E-04 0.3444E-05 -0.4654872E-04 0.6319E-06 0.9232    
   
   
 Integral=  -4.6548716261607868E-005 +-   6.3194912829110326E-007
 with chisq    =  0.92316764666694073     
  
  
  
 For xq =         1500 
  
 RM48 INITIALIZED:        40           0         0



 INPUT PARAMETERS FOR VEGAS:  NDIM=  4  NCALL=    9759362.
                              IT=    0  ITMX=   10
                              MDS= -1   ND=  47
   1     -0.1174906E-05 0.2286E-06 -0.1174906E-05 0.2286E-06  0.000    
   2     -0.4767300E-05 0.1371E-05 -0.2302371E-05 0.5595E-06  8.879    
   3     -0.1571306E-04 0.1100E-04 -0.2977529E-05 0.1493E-05  2.522    
   4     -0.2339788E-04 0.1666E-04 -0.3924458E-05 0.2194E-05  2.020    
   5     -0.7935012E-05 0.9445E-06 -0.6427125E-05 0.1248E-05  2.364    
   6     -0.2717635E-04 0.1544E-04 -0.6980053E-05 0.1524E-05  2.196    
   7     -0.1426550E-04 0.1849E-05 -0.9447890E-05 0.1218E-05  3.233    
   8     -0.2234041E-04 0.3565E-05 -0.1180259E-04 0.1162E-05  5.111    
   9     -0.2329922E-04 0.4568E-05 -0.1304345E-04 0.1149E-05  5.282    
  10     -0.2840334E-04 0.4008E-05 -0.1569254E-04 0.1123E-05  7.038    



 INPUT PARAMETERS FOR VEGAS:  NDIM=  4  NCALL=   99574272.
                              IT=    0  ITMX=   20
                              MDS= -1   ND=  42
   1     -0.3936867E-04 0.4934E-05 -0.3936867E-04 0.4934E-05  0.000    
   2     -0.3448272E-04 0.2225E-05 -0.3550631E-04 0.2123E-05 0.8772    
   3     -0.3025391E-04 0.1508E-05 -0.3251290E-04 0.1313E-05  2.454    
   4     -0.3323881E-04 0.2670E-05 -0.3264346E-04 0.1175E-05  1.694    
   5     -0.3542361E-04 0.3377E-05 -0.3295834E-04 0.1113E-05  1.413    
   6     -0.4688077E-04 0.1349E-04 -0.3312932E-04 0.1180E-05  1.332    
   7     -0.5154711E-04 0.1920E-04 -0.3326328E-04 0.1252E-05  1.239    
   8     -0.3543325E-04 0.2659E-05 -0.3359310E-04 0.1139E-05  1.155    
   9     -0.3296354E-04 0.1559E-05 -0.3341880E-04 0.9532E-06  1.054    
  10     -0.5094167E-04 0.1483E-04 -0.3354587E-04 0.9855E-06  1.123    
  11     -0.4778858E-04 0.6575E-05 -0.3399369E-04 0.9893E-06  1.603    
  12     -0.3130181E-04 0.1388E-05 -0.3336851E-04 0.8521E-06  1.669    
  13     -0.2974274E-04 0.9107E-06 -0.3218048E-04 0.6867E-06  2.096    
  14     -0.3694296E-04 0.3488E-05 -0.3233911E-04 0.6725E-06  2.075    
  15     -0.3414007E-04 0.2292E-05 -0.3245040E-04 0.6463E-06  1.989    
  16     -0.3135087E-04 0.1721E-05 -0.3235733E-04 0.6116E-06  1.914    
  17     -0.3489399E-04 0.3606E-05 -0.3241649E-04 0.6014E-06  1.838    
  18     -0.4768119E-04 0.1323E-04 -0.3246573E-04 0.6098E-06  1.796    
  19     -0.3503328E-04 0.4493E-05 -0.3250391E-04 0.6024E-06  1.727    
  20     -0.3104620E-04 0.1258E-05 -0.3231493E-04 0.5570E-06  1.706    
   
   
 Integral=  -3.2314925961447196E-005 +-   5.5702200514984459E-007
 with chisq    =   1.7058160437022445     
  
  
  
 For xq =         1600 
  
 RM48 INITIALIZED:        40           0         0



 INPUT PARAMETERS FOR VEGAS:  NDIM=  4  NCALL=    9759362.
                              IT=    0  ITMX=   10
                              MDS= -1   ND=  47
   1     -0.4068247E-05 0.2667E-05 -0.4068247E-05 0.2667E-05  0.000    
   2     -0.1737246E-05 0.3461E-06 -0.1934394E-05 0.5963E-06  1.183    
   3     -0.3027391E-05 0.3671E-06 -0.2712529E-05 0.3166E-06  1.826    
   4     -0.5087932E-05 0.7364E-06 -0.3504106E-05 0.3087E-06  5.239    
   5     -0.5922137E-05 0.4943E-06 -0.4714160E-05 0.2501E-06  8.833    
   6     -0.1147476E-04 0.3226E-05 -0.4999893E-05 0.3510E-06  6.439    
   7     -0.8872012E-05 0.8719E-06 -0.5994709E-05 0.3262E-06  9.103    
   8     -0.1309195E-04 0.3214E-05 -0.6275372E-05 0.3748E-06  7.621    
   9     -0.2313661E-04 0.9574E-05 -0.6506852E-05 0.5128E-06  5.343    
  10     -0.1927340E-04 0.1731E-05 -0.9388969E-05 0.5008E-06  16.47    



 INPUT PARAMETERS FOR VEGAS:  NDIM=  4  NCALL=   99574272.
                              IT=    0  ITMX=   20
                              MDS= -1   ND=  42
   1     -0.2473879E-04 0.1978E-05 -0.2473879E-04 0.1978E-05  0.000    
   2     -0.2267628E-04 0.2459E-05 -0.2401249E-04 0.1527E-05 0.4163    
   3     -0.3258817E-04 0.1273E-04 -0.2423886E-04 0.1715E-05 0.4822    
   4     -0.2207130E-04 0.1714E-05 -0.2337053E-04 0.1271E-05 0.5833    
   5     -0.2907665E-04 0.4534E-05 -0.2388615E-04 0.1244E-05 0.8479    
   6     -0.3276103E-04 0.1136E-04 -0.2404539E-04 0.1285E-05 0.7918    
   7     -0.2548462E-04 0.2930E-05 -0.2424743E-04 0.1179E-05 0.7045    
   8     -0.2347833E-04 0.2033E-05 -0.2409489E-04 0.1038E-05 0.6369    
   9     -0.2727607E-04 0.4334E-05 -0.2427184E-04 0.1010E-05 0.6207    
  10     -0.2138501E-04 0.1265E-05 -0.2344495E-04 0.8373E-06 0.8429    
  11     -0.2458095E-04 0.2377E-05 -0.2355494E-04 0.7908E-06 0.7862    
  12     -0.2728597E-04 0.5823E-05 -0.2362766E-04 0.7856E-06 0.7493    
  13     -0.2257009E-04 0.1193E-05 -0.2337275E-04 0.6773E-06 0.7385    
  14     -0.3314940E-04 0.8938E-05 -0.2346251E-04 0.6888E-06 0.7940    
  15     -0.2779573E-04 0.3596E-05 -0.2362864E-04 0.6774E-06 0.8408    
  16     -0.2156281E-04 0.9718E-06 -0.2313262E-04 0.5840E-06 0.9545    
  17     -0.2498994E-04 0.2144E-05 -0.2324801E-04 0.5638E-06 0.9400    
  18     -0.2654703E-04 0.3015E-05 -0.2336099E-04 0.5543E-06 0.9529    
  19     -0.2784483E-04 0.3921E-05 -0.2345870E-04 0.5499E-06 0.9733    
  20     -0.4898115E-04 0.2609E-04 -0.2349751E-04 0.5819E-06 0.9760    
   
   
 Integral=  -2.3497509052977602E-005 +-   5.8187251346167183E-007
 with chisq    =  0.97599348196040858     
  
  
  
 For xq =         1700 
  
 RM48 INITIALIZED:        40           0         0



 INPUT PARAMETERS FOR VEGAS:  NDIM=  4  NCALL=    9759362.
                              IT=    0  ITMX=   10
                              MDS= -1   ND=  47
   1     -0.1817356E-05 0.5755E-06 -0.1817356E-05 0.5755E-06  0.000    
   2     -0.3117832E-05 0.1499E-05 -0.2210988E-05 0.6748E-06 0.7838    
   3     -0.3136599E-05 0.1270E-05 -0.2487889E-05 0.6112E-06 0.5754    
   4     -0.3591204E-05 0.7353E-06 -0.3082529E-05 0.4495E-06 0.8261    
   5     -0.4199869E-05 0.5566E-06 -0.3711255E-05 0.3249E-06  1.246    
   6     -0.5708963E-05 0.4663E-06 -0.4903870E-05 0.2389E-06  4.108    
   7     -0.6704809E-05 0.4701E-06 -0.5709962E-05 0.2029E-06  5.870    
   8     -0.7697927E-05 0.3541E-06 -0.6723392E-05 0.1601E-06  9.462    
   9     -0.1118891E-04 0.1623E-05 -0.6941211E-05 0.1896E-06  8.834    
  10     -0.1418271E-04 0.1945E-05 -0.7315763E-05 0.2242E-06  11.01    



 INPUT PARAMETERS FOR VEGAS:  NDIM=  4  NCALL=   99574272.
                              IT=    0  ITMX=   20
                              MDS= -1   ND=  42
   1     -0.1753009E-04 0.1855E-05 -0.1753009E-04 0.1855E-05  0.000    
   2     -0.1418336E-04 0.5590E-06 -0.1459098E-04 0.5889E-06  3.455    
   3     -0.2403976E-04 0.7164E-05 -0.1473391E-04 0.6975E-06  2.580    
   4     -0.1492443E-04 0.7929E-06 -0.1479535E-04 0.5458E-06  1.912    
   5     -0.1443229E-04 0.1002E-05 -0.1473767E-04 0.4820E-06  1.565    
   6     -0.1537676E-04 0.1111E-05 -0.1481945E-04 0.4418E-06  1.347    
   7     -0.2498402E-04 0.8807E-05 -0.1487377E-04 0.4750E-06  1.371    
   8     -0.1373810E-04 0.4075E-06 -0.1438531E-04 0.3485E-06  1.617    
   9     -0.2582157E-04 0.5711E-05 -0.1447310E-04 0.3673E-06  2.186    
  10     -0.1921552E-04 0.3021E-05 -0.1454409E-04 0.3651E-06  2.214    
  11     -0.1756366E-04 0.2004E-05 -0.1462749E-04 0.3576E-06  2.211    
  12     -0.2043110E-04 0.3298E-05 -0.1470650E-04 0.3578E-06  2.302    
  13     -0.1371955E-04 0.3575E-06 -0.1436778E-04 0.2846E-06  2.417    
  14     -0.1880862E-04 0.4022E-05 -0.1439030E-04 0.2840E-06  2.323    
  15     -0.1897781E-04 0.3873E-05 -0.1441569E-04 0.2836E-06  2.255    
  16     -0.1424096E-04 0.6626E-06 -0.1439887E-04 0.2660E-06  2.164    
  17     -0.1331361E-04 0.3814E-06 -0.1417915E-04 0.2342E-06  2.304    
  18     -0.1710948E-04 0.2357E-05 -0.1420457E-04 0.2325E-06  2.262    
  19     -0.1482568E-04 0.7201E-06 -0.1424512E-04 0.2228E-06  2.201    
  20     -0.1723537E-04 0.1829E-05 -0.1428546E-04 0.2208E-06  2.222    
   
   
 Integral=  -1.4285463138545706E-005 +-   2.2083624780175110E-007
 with chisq    =   2.2216721274529836     
  
  
  
 For xq =         1800 
  
 RM48 INITIALIZED:        40           0         0



 INPUT PARAMETERS FOR VEGAS:  NDIM=  4  NCALL=    9759362.
                              IT=    0  ITMX=   10
                              MDS= -1   ND=  47
   1     -0.1065979E-05 0.3575E-06 -0.1065979E-05 0.3575E-06  0.000    
   2     -0.6104425E-05 0.4889E-05 -0.1817914E-05 0.1356E-05  1.754    
   3     -0.2084324E-05 0.6755E-06 -0.1944936E-05 0.8447E-06  1.194    
   4     -0.2313156E-05 0.3450E-06 -0.2199921E-05 0.4303E-06 0.9953    
   5     -0.4368153E-05 0.5572E-06 -0.3254200E-05 0.3260E-06  3.430    
   6     -0.5926176E-05 0.1470E-05 -0.3558789E-05 0.3457E-06  3.369    
   7     -0.5961876E-05 0.8276E-06 -0.4199771E-05 0.3182E-06  4.291    
   8     -0.5477457E-05 0.3817E-06 -0.4856851E-05 0.2289E-06  4.564    
   9     -0.8930947E-05 0.1682E-05 -0.5124634E-05 0.2533E-06  5.031    
  10     -0.1492823E-04 0.5233E-05 -0.5307260E-05 0.3282E-06  4.428    



 INPUT PARAMETERS FOR VEGAS:  NDIM=  4  NCALL=   99574272.
                              IT=    0  ITMX=   20
                              MDS= -1   ND=  42
   1     -0.1049820E-04 0.4424E-06 -0.1049820E-04 0.4424E-06  0.000    
   2     -0.1039451E-04 0.4420E-06 -0.1044682E-04 0.3127E-06 0.2749E-01
   3     -0.1177689E-04 0.1422E-05 -0.1052382E-04 0.3169E-06 0.4930    
   4     -0.1238642E-04 0.1313E-05 -0.1065396E-04 0.3165E-06  1.057    
   5     -0.1123164E-04 0.7237E-06 -0.1074584E-04 0.2899E-06 0.9271    
   6     -0.1940211E-04 0.5867E-05 -0.1080789E-04 0.3327E-06  1.523    
   7     -0.1101301E-04 0.5328E-06 -0.1085277E-04 0.2881E-06  1.337    
   8     -0.1147322E-04 0.6982E-06 -0.1092815E-04 0.2668E-06  1.256    
   9     -0.1281805E-04 0.1645E-05 -0.1097840E-04 0.2638E-06  1.260    
  10     -0.1105254E-04 0.8934E-06 -0.1098305E-04 0.2524E-06  1.147    
  11     -0.1187675E-04 0.1406E-05 -0.1100848E-04 0.2478E-06  1.077    
  12     -0.1063839E-04 0.4998E-06 -0.1095184E-04 0.2255E-06  1.033    
  13     -0.1542317E-04 0.3137E-05 -0.1098805E-04 0.2295E-06  1.161    
  14     -0.9559177E-05 0.2842E-06 -0.1059526E-04 0.1925E-06  1.949    
  15     -0.1033929E-04 0.3950E-06 -0.1055874E-04 0.1765E-06  1.865    
  16     -0.1630294E-04 0.4584E-05 -0.1057383E-04 0.1805E-06  1.837    
  17     -0.1260378E-04 0.1586E-05 -0.1060011E-04 0.1794E-06  1.823    
  18     -0.1299229E-04 0.2016E-05 -0.1062030E-04 0.1790E-06  1.797    
  19     -0.1055995E-04 0.8512E-06 -0.1061847E-04 0.1749E-06  1.724    
  20     -0.1126024E-04 0.7592E-06 -0.1064514E-04 0.1704E-06  1.678    
   
   
 Integral=  -1.0645141047843719E-005 +-   1.7041562097790907E-007
 with chisq    =   1.6776729499297436     
  
  
  
 For xq =         1900 
  
 RM48 INITIALIZED:        40           0         0



 INPUT PARAMETERS FOR VEGAS:  NDIM=  4  NCALL=    9759362.
                              IT=    0  ITMX=   10
                              MDS= -1   ND=  47
   1     -0.7604910E-06 0.3586E-06 -0.7604910E-06 0.3586E-06  0.000    
   2     -0.9435533E-06 0.1884E-06 -0.9157135E-06 0.1576E-06 0.1741    
   3     -0.1366556E-05 0.2332E-06 -0.1157880E-05 0.1319E-06  1.510    
   4     -0.1688737E-05 0.1840E-06 -0.1459724E-05 0.1022E-06  2.930    
   5     -0.2684413E-05 0.4019E-06 -0.1743211E-05 0.1179E-06  6.069    
   6     -0.3131552E-05 0.4459E-06 -0.2026051E-05 0.1264E-06  7.279    
   7     -0.3576099E-05 0.3174E-06 -0.2559356E-05 0.1180E-06  11.05    
   8     -0.4618978E-05 0.4213E-06 -0.3065437E-05 0.1210E-06  14.46    
   9     -0.4782675E-05 0.5699E-06 -0.3281534E-05 0.1262E-06  12.72    
  10     -0.6892037E-05 0.8112E-06 -0.3693930E-05 0.1422E-06  15.14    



 INPUT PARAMETERS FOR VEGAS:  NDIM=  4  NCALL=   99574272.
                              IT=    0  ITMX=   20
                              MDS= -1   ND=  42
   1     -0.7581853E-05 0.3371E-06 -0.7581853E-05 0.3371E-06  0.000    
   2     -0.8794152E-05 0.8814E-06 -0.7781218E-05 0.3337E-06  1.813    
   3     -0.8264231E-05 0.6066E-06 -0.7894575E-05 0.2926E-06  1.148    
   4     -0.8899538E-05 0.1002E-05 -0.7985674E-05 0.2849E-06  1.076    
   5     -0.1172615E-04 0.3308E-05 -0.8038928E-05 0.3085E-06  1.194    
   6     -0.8625030E-05 0.7633E-06 -0.8113011E-05 0.2856E-06  1.067    
   7     -0.8521881E-05 0.7975E-06 -0.8154541E-05 0.2684E-06 0.9396    
   8     -0.7880867E-05 0.5662E-06 -0.8114317E-05 0.2442E-06 0.8521    
   9     -0.8213745E-05 0.5759E-06 -0.8127611E-05 0.2255E-06 0.7603    
  10     -0.8170213E-05 0.4992E-06 -0.8133990E-05 0.2065E-06 0.6858    
  11     -0.7706316E-05 0.3066E-06 -0.8022408E-05 0.1758E-06 0.7441    
  12     -0.8959759E-05 0.9268E-06 -0.8057250E-05 0.1730E-06 0.7679    
  13     -0.9932910E-05 0.1963E-05 -0.8076166E-05 0.1742E-06 0.7839    
  14     -0.8783772E-05 0.8519E-06 -0.8104597E-05 0.1706E-06 0.7746    
  15     -0.8610405E-05 0.8967E-06 -0.8121626E-05 0.1675E-06 0.7423    
  16     -0.9639684E-05 0.1466E-05 -0.8145224E-05 0.1673E-06 0.7678    
  17     -0.7657853E-05 0.4150E-06 -0.8092078E-05 0.1568E-06 0.7891    
  18     -0.8490236E-05 0.7458E-06 -0.8107946E-05 0.1533E-06 0.7604    
  19     -0.8118774E-05 0.4462E-06 -0.8108947E-05 0.1456E-06 0.7234    
  20     -0.7577456E-05 0.3598E-06 -0.8050387E-05 0.1365E-06 0.7721    
   
   
 Integral=  -8.0503871463789276E-006 +-   1.3646819058348892E-007
 with chisq    =  0.77207929794188079     
  
  
  
 For xq =         2000 
  
 RM48 INITIALIZED:        40           0         0



 INPUT PARAMETERS FOR VEGAS:  NDIM=  4  NCALL=    9759362.
                              IT=    0  ITMX=   10
                              MDS= -1   ND=  47
   1     -0.2527383E-06 0.9408E-07 -0.2527383E-06 0.9408E-07  0.000    
   2     -0.4889287E-06 0.7090E-07 -0.4578058E-06 0.5259E-07  2.308    
   3     -0.1658072E-05 0.4440E-06 -0.7013876E-06 0.1217E-06  8.041    
   4     -0.1529401E-05 0.3040E-06 -0.9243046E-06 0.1197E-06  7.183    
   5     -0.1987216E-05 0.3081E-06 -0.1250393E-05 0.1174E-06  8.248    
   6     -0.4130743E-05 0.1763E-05 -0.1362457E-05 0.1766E-06  4.791    
   7     -0.5936166E-05 0.3201E-05 -0.1471290E-05 0.2468E-06  3.325    
   8     -0.3244929E-05 0.3821E-06 -0.2061596E-05 0.2040E-06  5.178    
   9     -0.4295632E-05 0.8587E-06 -0.2292922E-05 0.2041E-06  5.450    
  10     -0.5220475E-05 0.1008E-05 -0.2585449E-05 0.2095E-06  6.089    



 INPUT PARAMETERS FOR VEGAS:  NDIM=  4  NCALL=   99574272.
                              IT=    0  ITMX=   20
                              MDS= -1   ND=  42
   1     -0.6024997E-05 0.3471E-06 -0.6024997E-05 0.3471E-06  0.000    
   2     -0.6676119E-05 0.5015E-06 -0.6266119E-05 0.2907E-06  1.170    
   3     -0.5907529E-05 0.3277E-06 -0.6121065E-05 0.2191E-06 0.9354    
   4     -0.6610462E-05 0.6687E-06 -0.6174135E-05 0.2103E-06 0.7781    
   5     -0.6607401E-05 0.9664E-06 -0.6195501E-05 0.2070E-06 0.6240    
   6     -0.9882855E-05 0.3831E-05 -0.6221201E-05 0.2292E-06 0.7629    
   7     -0.9970586E-05 0.2995E-05 -0.6264231E-05 0.2433E-06  1.006    
   8     -0.6133872E-05 0.5286E-06 -0.6248281E-05 0.2230E-06 0.9065    
   9     -0.6895918E-05 0.5412E-06 -0.6331546E-05 0.2067E-06 0.9424    
  10     -0.7256061E-05 0.1356E-05 -0.6352044E-05 0.2041E-06 0.8891    
  11     -0.6526739E-05 0.8195E-06 -0.6360224E-05 0.1974E-06 0.8191    
  12     -0.5620934E-05 0.3870E-06 -0.6260634E-05 0.1805E-06 0.9482    
  13     -0.6090152E-05 0.4364E-06 -0.6241777E-05 0.1684E-06 0.8962    
  14     -0.1027358E-04 0.3985E-05 -0.6256940E-05 0.1747E-06 0.9199    
  15     -0.6439900E-05 0.6445E-06 -0.6266725E-05 0.1686E-06 0.8718    
  16     -0.1038073E-04 0.4223E-05 -0.6280000E-05 0.1737E-06 0.8848    
  17     -0.7795638E-05 0.1861E-05 -0.6294065E-05 0.1733E-06 0.8698    
  18     -0.6499460E-05 0.7131E-06 -0.6302710E-05 0.1684E-06 0.8339    
  19     -0.5376875E-05 0.2901E-06 -0.6165437E-05 0.1534E-06  1.064    
  20     -0.7117339E-05 0.1169E-05 -0.6180414E-05 0.1519E-06  1.043    
   
   
 Integral=  -6.1804136411899827E-006 +-   1.5192086880923497E-007
 with chisq    =   1.0433053777028773     
  
  
 Total PK1 + PK2 for
    xq            Integral
  
    100     -0.594611893474585E+01
    200     -0.366423610124665E+00
    300     -0.664925470781508E-01
    400     -0.183816878958013E-01
    500     -0.726795344503292E-02
    600     -0.302316512676061E-02
    700     -0.146643016881960E-02
    800     -0.759842692313032E-03
    900     -0.445778676592452E-03
   1000     -0.281960506067930E-03
   1100     -0.152108517881871E-03
   1200     -0.101246167505991E-03
   1300     -0.688603952419407E-04
   1400     -0.465487162616079E-04
   1500     -0.323149259614472E-04
   1600     -0.234975090529776E-04
   1700     -0.142854631385457E-04
   1800     -0.106451410478437E-04
   1900     -0.805038714637893E-05
   2000     -0.618041364118998E-05

