 ____________________________________
 Calculating P and K terms for Leg 1
 ____________________________________
 ````````````````````````````````````
  
 For xq =          100 
  
 RM48 INITIALIZED:        40           0         0



 INPUT PARAMETERS FOR VEGAS:  NDIM=  4  NCALL=    9759362.
                              IT=    0  ITMX=   10
                              MDS= -1   ND=  47
   1     -0.3223379     0.1487     -0.3223379     0.1487      0.000    
   2     -0.5739294     0.9108E-01 -0.5473173     0.6985E-01  1.227    
   3      -1.345508     0.4089     -0.7037871     0.1164      3.886    
   4      -8.430961      6.358     -0.9422034     0.5671      1.956    
   5      -4.417822      2.107      -1.191108     0.5500      2.112    
   6      -3.754512      1.274      -1.508819     0.5043      2.322    
   7      -3.026735     0.2120      -2.638364     0.2461      3.286    
   8      -4.509528     0.5041      -3.061514     0.2195      4.556    
   9      -33.16938      28.85      -3.173533     0.6219      1.581    
  10      -6.345684      1.217      -3.399183     0.5778      1.733    



 INPUT PARAMETERS FOR VEGAS:  NDIM=  4  NCALL=   99574272.
                              IT=    0  ITMX=   20
                              MDS= -1   ND=  42
   1      -15.46066      6.450      -15.46066      6.450      0.000    
   2      -6.274393     0.2019      -6.328745     0.3786      3.463    
   3      -6.966459     0.3956      -6.483065     0.2916      2.650    
   4      -6.568416     0.2206      -6.517975     0.2066      2.095    
   5      -6.597794     0.2574      -6.536544     0.1711      1.767    
   6      -6.684901     0.2788      -6.561629     0.1499      1.558    
   7      -6.911910     0.3534      -6.597059     0.1382      1.469    
   8      -6.297062     0.1642      -6.513102     0.1140      1.534    
   9      -6.860759     0.3783      -6.533587     0.1086      1.461    
  10      -6.467225     0.2158      -6.524389     0.9896E-01  1.354    
  11      -6.919249     0.3966      -6.542105     0.9563E-01  1.320    
  12      -6.335910     0.1839      -6.511392     0.8692E-01  1.301    
  13      -6.512584     0.2409      -6.511492     0.8223E-01  1.220    
  14      -7.155029     0.7414      -6.518307     0.8142E-01  1.187    
  15      -6.535624     0.2252      -6.519820     0.7708E-01  1.123    
  16      -8.259570      1.506      -6.525230     0.7742E-01  1.140    
  17      -7.094466     0.3164      -6.553366     0.7519E-01  1.245    
  18      -7.275702     0.4992      -6.568145     0.7425E-01  1.289    
  19      -6.527208     0.2280      -6.565150     0.7100E-01  1.235    
  20      -6.378433     0.1569      -6.541156     0.6582E-01  1.234    
   
   
 Integral=  -6.5411558653479771      +-   6.5819142402046810E-002
 with chisq    =   1.2340582686956070     
  
  
  
 For xq =          200 
  
 RM48 INITIALIZED:        40           0         0



 INPUT PARAMETERS FOR VEGAS:  NDIM=  4  NCALL=    9759362.
                              IT=    0  ITMX=   10
                              MDS= -1   ND=  47
   1     -0.3790608E-01 0.2769E-01 -0.3790608E-01 0.2769E-01  0.000    
   2     -0.3436353E-01 0.3240E-02 -0.3442159E-01 0.3383E-02 0.1768E-01
   3     -0.7269938E-01 0.1918E-01 -0.3869293E-01 0.4523E-02  3.554    
   4     -0.9860980E-01 0.1571E-01 -0.5273952E-01 0.5119E-02  9.612    
   5     -0.1216069     0.1565E-01 -0.7093940E-01 0.5326E-02  13.03    
   6     -0.1547847     0.1599E-01 -0.9531784E-01 0.5399E-02  17.14    
   7     -0.1978762     0.2233E-01 -0.1154136     0.5835E-02  17.94    
   8     -0.2229668     0.2438E-01 -0.1339821     0.6122E-02  17.86    
   9     -0.4795074     0.1920     -0.1383756     0.9217E-02  9.011    
  10     -0.3336641     0.4561E-01 -0.1575771     0.9455E-02  11.07    



 INPUT PARAMETERS FOR VEGAS:  NDIM=  4  NCALL=   99574272.
                              IT=    0  ITMX=   20
                              MDS= -1   ND=  42
   1     -0.3651995     0.1107E-01 -0.3651995     0.1107E-01  0.000    
   2     -0.3670260     0.1346E-01 -0.3659406     0.8553E-02 0.1100E-01
   3     -0.3785712     0.1644E-01 -0.3687744     0.7619E-02 0.2445    
   4     -0.3584719     0.1807E-01 -0.3673039     0.6998E-02 0.2540    
   5     -0.5723815     0.1456     -0.3684469     0.7912E-02  1.079    
   6     -0.4481266     0.7434E-01 -0.3694780     0.7964E-02  1.097    
   7     -0.4595203     0.3759E-01 -0.3740283     0.7862E-02  1.939    
   8     -0.3592107     0.1045E-01 -0.3697991     0.6523E-02  1.876    
   9     -0.3474070     0.1050E-01 -0.3651176     0.5699E-02  2.020    
  10     -0.4037830     0.3562E-01 -0.3660446     0.5619E-02  1.926    
  11     -0.3693179     0.1272E-01 -0.3664896     0.5176E-02  1.769    
  12     -0.3734557     0.1709E-01 -0.3669875     0.4954E-02  1.642    
  13     -0.3660458     0.2204E-01 -0.3669501     0.4821E-02  1.527    
  14     -0.4194252     0.3076E-01 -0.3683158     0.4773E-02  1.636    
  15     -0.3916895     0.3286E-01 -0.3687717     0.4717E-02  1.559    
  16     -0.3441123     0.8671E-02 -0.3643886     0.4241E-02  1.809    
  17     -0.3747435     0.1438E-01 -0.3651259     0.4073E-02  1.735    
  18     -0.4495848     0.5771E-01 -0.3656599     0.4091E-02  1.766    
  19     -0.4196901     0.4808E-01 -0.3660854     0.4085E-02  1.735    
  20     -0.3644273     0.1383E-01 -0.3659744     0.3929E-02  1.659    
   
   
 Integral= -0.36597444379824839      +-   3.9287823891243842E-003
 with chisq    =   1.6590316140117969     
  
  
  
 For xq =          300 
  
 RM48 INITIALIZED:        40           0         0



 INPUT PARAMETERS FOR VEGAS:  NDIM=  4  NCALL=    9759362.
                              IT=    0  ITMX=   10
                              MDS= -1   ND=  47
   1     -0.4296238E-02 0.1618E-02 -0.4296238E-02 0.1618E-02  0.000    
   2     -0.7041402E-02 0.1291E-02 -0.6515805E-02 0.9612E-03  1.263    
   3     -0.1124808E-01 0.1796E-02 -0.8956625E-02 0.9235E-03  3.610    
   4     -0.1514330E-01 0.2355E-02 -0.1113608E-01 0.9501E-03  4.698    
   5     -0.2303468E-01 0.5438E-02 -0.1271368E-01 0.1188E-02  4.842    
   6     -0.2557655E-01 0.3772E-02 -0.1597512E-01 0.1216E-02  6.994    
   7     -0.2912003E-01 0.3604E-02 -0.1945473E-01 0.1193E-02  8.391    
   8     -0.2958688     0.2283     -0.2132527E-01 0.6731E-02  1.844    
   9     -0.3992552E-01 0.4871E-02 -0.2528709E-01 0.5680E-02  2.008    
  10     -0.5340199E-01 0.6842E-02 -0.2983769E-01 0.5009E-02  2.398    



 INPUT PARAMETERS FOR VEGAS:  NDIM=  4  NCALL=   99574272.
                              IT=    0  ITMX=   20
                              MDS= -1   ND=  42
   1     -0.8072101E-01 0.1093E-01 -0.8072101E-01 0.1093E-01  0.000    
   2     -0.6149783E-01 0.4196E-02 -0.6538871E-01 0.4372E-02  3.121    
   3     -0.6254134E-01 0.3873E-02 -0.6398812E-01 0.2989E-02  1.810    
   4     -0.7075886E-01 0.1494E-01 -0.6426304E-01 0.2949E-02  1.258    
   5     -0.6591461E-01 0.6253E-02 -0.6453959E-01 0.2665E-02 0.9752    
   6     -0.6183054E-01 0.2990E-02 -0.6347791E-01 0.2045E-02 0.8891    
   7     -0.7783424E-01 0.9116E-02 -0.6437683E-01 0.2026E-02  1.199    
   8     -0.6033109E-01 0.3328E-02 -0.6348608E-01 0.1762E-02  1.189    
   9     -0.8036017E-01 0.1256E-01 -0.6393611E-01 0.1776E-02  1.289    
  10     -0.5613304E-01 0.2425E-02 -0.6191572E-01 0.1502E-02  1.763    
  11     -0.6894378E-01 0.6506E-02 -0.6227745E-01 0.1464E-02  1.697    
  12     -0.6845168E-01 0.7201E-02 -0.6252298E-01 0.1435E-02  1.606    
  13     -0.6711528E-01 0.4614E-02 -0.6291421E-01 0.1370E-02  1.550    
  14     -0.5923190E-01 0.2966E-02 -0.6240468E-01 0.1261E-02  1.535    
  15     -0.6397104E-01 0.4736E-02 -0.6249793E-01 0.1218E-02  1.442    
  16     -0.6678894E-01 0.6234E-02 -0.6265282E-01 0.1195E-02  1.377    
  17     -0.6488680E-01 0.1231E-01 -0.6267217E-01 0.1188E-02  1.299    
  18     -0.5802795E-01 0.2892E-02 -0.6215430E-01 0.1111E-02  1.342    
  19     -0.6627953E-01 0.6968E-02 -0.6225514E-01 0.1097E-02  1.287    
  20     -0.8186978E-01 0.9860E-02 -0.6261382E-01 0.1101E-02  1.489    
   
   
 Integral=  -6.2613819730991047E-002 +-   1.1008231391944029E-003
 with chisq    =   1.4890322765932413     
  
  
  
 For xq =          400 
  
 RM48 INITIALIZED:        40           0         0



 INPUT PARAMETERS FOR VEGAS:  NDIM=  4  NCALL=    9759362.
                              IT=    0  ITMX=   10
                              MDS= -1   ND=  47
   1     -0.6844258E-01 0.6691E-01 -0.6844258E-01 0.6691E-01  0.000    
   2     -0.2180026E-02 0.9456E-03 -0.1307969E-01 0.1920E-01  1.637    
   3     -0.2324084E-02 0.2984E-03 -0.3345203E-02 0.4833E-02  1.439    
   4     -0.3597077E-02 0.5895E-03 -0.3435170E-02 0.3360E-02  1.276    
   5     -0.5786895E-02 0.1488E-02 -0.3733155E-02 0.2818E-02  1.207    
   6     -0.7189311E-02 0.7934E-03 -0.5141623E-02 0.1991E-02  1.292    
   7     -0.8433470E-02 0.1268E-02 -0.5734503E-02 0.1682E-02  1.332    
   8     -0.9242796E-02 0.6166E-03 -0.7410301E-02 0.1147E-02  1.616    
   9     -0.1356741E-01 0.1576E-02 -0.8248150E-02 0.1023E-02  2.066    
  10     -0.1746732E-01 0.2781E-02 -0.8870901E-02 0.9650E-03  2.564    



 INPUT PARAMETERS FOR VEGAS:  NDIM=  4  NCALL=   99574272.
                              IT=    0  ITMX=   20
                              MDS= -1   ND=  42
   1     -0.1670480E-01 0.1019E-02 -0.1670480E-01 0.1019E-02  0.000    
   2     -0.1725898E-01 0.6635E-03 -0.1710134E-01 0.5523E-03 0.2049    
   3     -0.1672063E-01 0.8994E-03 -0.1699943E-01 0.4702E-03 0.1678    
   4     -0.2009590E-01 0.2326E-02 -0.1716862E-01 0.4803E-03 0.8170    
   5     -0.1713418E-01 0.7827E-03 -0.1715968E-01 0.4104E-03 0.6216    
   6     -0.2572754E-01 0.7706E-02 -0.1721113E-01 0.4461E-03 0.8589    
   7     -0.2235257E-01 0.3062E-02 -0.1735459E-01 0.4507E-03  1.270    
   8     -0.1710942E-01 0.1127E-02 -0.1732818E-01 0.4192E-03  1.127    
   9     -0.1698272E-01 0.9407E-03 -0.1728251E-01 0.3854E-03  1.024    
  10     -0.1660630E-01 0.8358E-03 -0.1718920E-01 0.3534E-03 0.9819    
  11     -0.1806819E-01 0.1339E-02 -0.1724181E-01 0.3413E-03 0.9280    
  12     -0.2166228E-01 0.3638E-02 -0.1729272E-01 0.3439E-03 0.9925    
  13     -0.1958865E-01 0.2302E-02 -0.1734549E-01 0.3406E-03 0.9910    
  14     -0.2163379E-01 0.5763E-02 -0.1736458E-01 0.3432E-03 0.9500    
  15     -0.1978197E-01 0.2014E-02 -0.1743610E-01 0.3387E-03 0.9838    
  16     -0.1999582E-01 0.2126E-02 -0.1750372E-01 0.3349E-03  1.014    
  17     -0.2524571E-01 0.8529E-02 -0.1752392E-01 0.3412E-03 0.9973    
  18     -0.1753354E-01 0.1269E-02 -0.1752443E-01 0.3300E-03 0.9499    
  19     -0.2047845E-01 0.3137E-02 -0.1755948E-01 0.3287E-03 0.9457    
  20     -0.1794633E-01 0.1800E-02 -0.1756989E-01 0.3229E-03 0.9056    
   
   
 Integral=  -1.7569893859766872E-002 +-   3.2289361904577703E-004
 with chisq    =  0.90561226768279091     
  
  
  
 For xq =          500 
  
 RM48 INITIALIZED:        40           0         0



 INPUT PARAMETERS FOR VEGAS:  NDIM=  4  NCALL=    9759362.
                              IT=    0  ITMX=   10
                              MDS= -1   ND=  47
   1     -0.2219244E-02 0.2037E-02 -0.2219244E-02 0.2037E-02  0.000    
   2     -0.8908383E-03 0.4152E-03 -0.1163060E-02 0.7028E-03 0.5822    
   3     -0.2166102E-02 0.1372E-02 -0.1464824E-02 0.6474E-03 0.4923    
   4     -0.1116375E-02 0.1105E-03 -0.1142538E-02 0.1626E-03 0.4972    
   5     -0.1856106E-02 0.2587E-03 -0.1369642E-02 0.1366E-03  1.839    
   6     -0.3359099E-02 0.9713E-03 -0.1506602E-02 0.1591E-03  3.015    
   7     -0.3755071E-02 0.6137E-03 -0.1905212E-02 0.1655E-03  6.397    
   8     -0.3737642E-02 0.8414E-03 -0.2061827E-02 0.1717E-03  5.931    
   9     -0.5568668E-02 0.1404E-02 -0.2285416E-02 0.1962E-03  6.103    
  10     -0.5387013E-02 0.9569E-03 -0.2638618E-02 0.2028E-03  7.122    



 INPUT PARAMETERS FOR VEGAS:  NDIM=  4  NCALL=   99574272.
                              IT=    0  ITMX=   20
                              MDS= -1   ND=  42
   1     -0.6989358E-02 0.6539E-03 -0.6989358E-02 0.6539E-03  0.000    
   2     -0.6107261E-02 0.2185E-03 -0.6219798E-02 0.2193E-03  1.800    
   3     -0.7463413E-02 0.7214E-03 -0.6352568E-02 0.2172E-03  2.383    
   4     -0.6037250E-02 0.2608E-03 -0.6242704E-02 0.1702E-03  1.945    
   5     -0.8358657E-02 0.2273E-02 -0.6261146E-02 0.1788E-03  1.613    
   6     -0.6809270E-02 0.4936E-03 -0.6321006E-02 0.1679E-03  1.512    
   7     -0.5921664E-02 0.2365E-03 -0.6215366E-02 0.1410E-03  1.574    
   8     -0.6425005E-02 0.3405E-03 -0.6242763E-02 0.1304E-03  1.412    
   9     -0.6571858E-02 0.3111E-03 -0.6289075E-02 0.1204E-03  1.358    
  10     -0.6462263E-02 0.4056E-03 -0.6301912E-02 0.1154E-03  1.235    
  11     -0.8640446E-02 0.2233E-02 -0.6312088E-02 0.1184E-03  1.220    
  12     -0.6690998E-02 0.4149E-03 -0.6338721E-02 0.1138E-03  1.181    
  13     -0.6228494E-02 0.3791E-03 -0.6331226E-02 0.1091E-03  1.105    
  14     -0.7722485E-02 0.1916E-02 -0.6336896E-02 0.1099E-03  1.051    
  15     -0.6867973E-02 0.4503E-03 -0.6366170E-02 0.1067E-03  1.069    
  16     -0.6697277E-02 0.3777E-03 -0.6389128E-02 0.1027E-03  1.047    
  17     -0.6666358E-02 0.4939E-03 -0.6399838E-02 0.1005E-03  1.003    
  18     -0.8131347E-02 0.1179E-02 -0.6417139E-02 0.1011E-03  1.095    
  19     -0.6887548E-02 0.4572E-03 -0.6438533E-02 0.9870E-04  1.090    
  20     -0.6930902E-02 0.4994E-03 -0.6456833E-02 0.9682E-04  1.082    
   
   
 Integral=  -6.4568331173216033E-003 +-   9.6821774098389257E-005
 with chisq    =   1.0822378156437886     
  
  
  
 For xq =          600 
  
 RM48 INITIALIZED:        40           0         0



 INPUT PARAMETERS FOR VEGAS:  NDIM=  4  NCALL=    9759362.
                              IT=    0  ITMX=   10
                              MDS= -1   ND=  47
   1     -0.1013389E-02 0.8614E-03 -0.1013389E-02 0.8614E-03  0.000    
   2     -0.2279530E-03 0.4491E-04 -0.2679963E-03 0.1410E-03  1.502    
   3     -0.4563737E-03 0.7696E-04 -0.3743053E-03 0.8298E-04  1.578    
   4     -0.5848469E-03 0.6331E-04 -0.4959965E-03 0.5252E-04  2.415    
   5     -0.1441791E-02 0.4428E-03 -0.5593578E-03 0.6845E-04  3.978    
   6     -0.1317391E-02 0.2924E-03 -0.6455295E-03 0.7128E-04  4.880    
   7     -0.1103098E-02 0.6205E-04 -0.9378922E-03 0.4386E-04  8.062    
   8     -0.1476052E-02 0.1232E-03 -0.1058939E-02 0.4161E-04  10.12    
   9     -0.3879714E-02 0.2180E-02 -0.1072867E-02 0.6434E-04  4.865    
  10     -0.2164976E-02 0.3298E-03 -0.1141633E-02 0.6462E-04  5.889    



 INPUT PARAMETERS FOR VEGAS:  NDIM=  4  NCALL=   99574272.
                              IT=    0  ITMX=   20
                              MDS= -1   ND=  42
   1     -0.2475836E-02 0.1190E-03 -0.2475836E-02 0.1190E-03  0.000    
   2     -0.2746988E-02 0.1745E-03 -0.2574561E-02 0.1002E-03  1.695    
   3     -0.2590495E-02 0.1515E-03 -0.2579347E-02 0.8357E-04 0.8565    
   4     -0.2611908E-02 0.1320E-03 -0.2588687E-02 0.7061E-04 0.5849    
   5     -0.2512736E-02 0.1011E-03 -0.2565030E-02 0.5817E-04 0.5365    
   6     -0.2575029E-02 0.1991E-03 -0.2565808E-02 0.5580E-04 0.4304    
   7     -0.2836006E-02 0.2723E-03 -0.2578791E-02 0.5523E-04 0.5311    
   8     -0.2556654E-02 0.1643E-03 -0.2576647E-02 0.5232E-04 0.4604    
   9     -0.2814591E-02 0.2856E-03 -0.2585549E-02 0.5178E-04 0.4910    
  10     -0.2660578E-02 0.1789E-03 -0.2591441E-02 0.4975E-04 0.4540    
  11     -0.2441828E-02 0.9712E-04 -0.2564026E-02 0.4466E-04 0.5820    
  12     -0.3503726E-02 0.6669E-03 -0.2571485E-02 0.4591E-04 0.7965    
  13     -0.2801082E-02 0.1707E-03 -0.2587983E-02 0.4435E-04 0.8752    
  14     -0.2648893E-02 0.1673E-03 -0.2591802E-02 0.4287E-04 0.8197    
  15     -0.2795714E-02 0.1845E-03 -0.2602872E-02 0.4177E-04 0.8453    
  16     -0.2756142E-02 0.1917E-03 -0.2610015E-02 0.4083E-04 0.8293    
  17     -0.2682226E-02 0.1790E-03 -0.2613495E-02 0.3980E-04 0.7881    
  18     -0.3591599E-02 0.8618E-03 -0.2617128E-02 0.4054E-04 0.8388    
  19     -0.2768307E-02 0.1910E-03 -0.2623630E-02 0.3966E-04 0.8256    
  20     -0.2965633E-02 0.1914E-03 -0.2639650E-02 0.3886E-04 0.9585    
   
   
 Integral=  -2.6396502965324916E-003 +-   3.8858730355362458E-005
 with chisq    =  0.95852455615712817     
  
  
  
 For xq =          700 
  
 RM48 INITIALIZED:        40           0         0



 INPUT PARAMETERS FOR VEGAS:  NDIM=  4  NCALL=    9759362.
                              IT=    0  ITMX=   10
                              MDS= -1   ND=  47
   1     -0.1815070E-03 0.1398E-03 -0.1815070E-03 0.1398E-03  0.000    
   2     -0.1220291E-03 0.2871E-04 -0.1271071E-03 0.3480E-04 0.2281    
   3     -0.3276641E-03 0.7263E-04 -0.2288971E-03 0.3592E-04  3.949    
   4     -0.2402198E-03 0.1679E-04 -0.2383658E-03 0.1474E-04  2.586    
   5     -0.4832736E-03 0.1082E-03 -0.2567970E-03 0.1836E-04  4.251    
   6     -0.5220650E-03 0.9084E-04 -0.2862133E-03 0.2006E-04  5.983    
   7     -0.6053554E-03 0.8901E-04 -0.3291122E-03 0.2123E-04  8.236    
   8     -0.6028662E-03 0.2866E-04 -0.4831174E-03 0.1517E-04  17.49    
   9     -0.8703173E-03 0.1027E-03 -0.5155065E-03 0.1690E-04  16.34    
  10     -0.8789196E-03 0.5206E-04 -0.6060769E-03 0.1614E-04  22.49    



 INPUT PARAMETERS FOR VEGAS:  NDIM=  4  NCALL=   99574272.
                              IT=    0  ITMX=   20
                              MDS= -1   ND=  42
   1     -0.1281558E-02 0.1386E-03 -0.1281558E-02 0.1386E-03  0.000    
   2     -0.1600193E-02 0.3593E-03 -0.1341538E-02 0.1412E-03 0.7777    
   3     -0.1319227E-02 0.8921E-04 -0.1326481E-02 0.7819E-04 0.4214    
   4     -0.1220053E-02 0.4783E-04 -0.1255435E-02 0.4366E-04 0.7391    
   5     -0.1587336E-02 0.2944E-03 -0.1265050E-02 0.4453E-04 0.9081    
   6     -0.1453254E-02 0.1672E-03 -0.1278222E-02 0.4316E-04 0.9667    
   7     -0.1493133E-02 0.1465E-03 -0.1297083E-02 0.4154E-04  1.150    
   8     -0.1598889E-02 0.2340E-03 -0.1308537E-02 0.4138E-04  1.233    
   9     -0.1192911E-02 0.5024E-04 -0.1272187E-02 0.3364E-04  1.438    
  10     -0.1240324E-02 0.6595E-04 -0.1266938E-02 0.3037E-04  1.326    
  11     -0.1408788E-02 0.1147E-03 -0.1276254E-02 0.2936E-04  1.337    
  12     -0.1298451E-02 0.7345E-04 -0.1278911E-02 0.2738E-04  1.237    
  13     -0.1595111E-02 0.3479E-03 -0.1281437E-02 0.2758E-04  1.195    
  14     -0.1405920E-02 0.1394E-03 -0.1286070E-02 0.2705E-04  1.162    
  15     -0.1393069E-02 0.1144E-03 -0.1291579E-02 0.2632E-04  1.139    
  16     -0.1219688E-02 0.3951E-04 -0.1273714E-02 0.2263E-04  1.206    
  17     -0.1380369E-02 0.1459E-03 -0.1276147E-02 0.2235E-04  1.164    
  18     -0.1577172E-02 0.2256E-03 -0.1279851E-02 0.2238E-04  1.209    
  19     -0.2227389E-02 0.1009E-02 -0.1281011E-02 0.2323E-04  1.172    
  20     -0.1311402E-02 0.1167E-03 -0.1281946E-02 0.2275E-04  1.124    
   
   
 Integral=  -1.2819458362596718E-003 +-   2.2754690143623994E-005
 with chisq    =   1.1240986330863847     
  
  
  
 For xq =          800 
  
 RM48 INITIALIZED:        40           0         0



 INPUT PARAMETERS FOR VEGAS:  NDIM=  4  NCALL=    9759362.
                              IT=    0  ITMX=   10
                              MDS= -1   ND=  47
   1     -0.1786832E-04 0.3865E-05 -0.1786832E-04 0.3865E-05  0.000    
   2     -0.7095532E-04 0.1276E-04 -0.4924855E-04 0.7156E-05  13.30    
   3     -0.1449047E-03 0.3357E-04 -0.7437875E-04 0.1113E-04  9.181    
   4     -0.1250642E-03 0.1083E-04 -0.1074633E-03 0.7170E-05  8.897    
   5     -0.2624064E-03 0.5703E-04 -0.1220178E-03 0.9918E-05  8.352    
   6     -0.3116112E-03 0.3334E-04 -0.1749683E-03 0.1053E-04  17.33    
   7     -0.6575351E-03 0.3449E-03 -0.1805140E-03 0.1700E-04  6.997    
   8     -0.3285611E-03 0.2050E-04 -0.2468747E-03 0.1277E-04  10.61    
   9     -0.5298584E-03 0.7570E-04 -0.2691555E-03 0.1355E-04  11.55    
  10     -0.4956922E-03 0.2406E-04 -0.3610239E-03 0.1103E-04  20.50    



 INPUT PARAMETERS FOR VEGAS:  NDIM=  4  NCALL=   99574272.
                              IT=    0  ITMX=   20
                              MDS= -1   ND=  42
   1     -0.6571596E-03 0.3864E-04 -0.6571596E-03 0.3864E-04  0.000    
   2     -0.9895799E-03 0.2603E-03 -0.6729841E-03 0.4820E-04  2.156    
   3     -0.7186125E-03 0.7261E-04 -0.6841111E-03 0.4000E-04  1.304    
   4     -0.6427940E-03 0.3961E-04 -0.6677473E-03 0.2967E-04  1.109    
   5     -0.7871384E-03 0.1046E-03 -0.6771102E-03 0.2865E-04  1.136    
   6     -0.8189020E-03 0.1511E-03 -0.6826530E-03 0.2839E-04  1.077    
   7     -0.6346692E-03 0.3637E-04 -0.6688067E-03 0.2337E-04  1.086    
   8     -0.6676038E-03 0.4133E-04 -0.6685683E-03 0.2062E-04 0.9585    
   9     -0.7148532E-03 0.1011E-03 -0.6702606E-03 0.2015E-04 0.8701    
  10     -0.1038138E-02 0.3832E-03 -0.6722261E-03 0.2102E-04 0.8876    
  11     -0.7404710E-03 0.8571E-04 -0.6757432E-03 0.2038E-04 0.8608    
  12     -0.6617805E-03 0.3393E-04 -0.6728387E-03 0.1793E-04 0.8097    
  13     -0.6926262E-03 0.4034E-04 -0.6755860E-03 0.1652E-04 0.7672    
  14     -0.5874726E-03 0.1511E-04 -0.6389446E-03 0.1244E-04  1.666    
  15     -0.6315255E-03 0.3363E-04 -0.6382884E-03 0.1176E-04  1.580    
  16     -0.7291393E-03 0.8432E-04 -0.6399604E-03 0.1164E-04  1.552    
  17     -0.6846733E-03 0.9440E-04 -0.6405319E-03 0.1152E-04  1.479    
  18     -0.7290418E-03 0.9225E-04 -0.6418551E-03 0.1142E-04  1.446    
  19     -0.6823144E-03 0.1113E-03 -0.6422159E-03 0.1133E-04  1.383    
  20     -0.6954882E-03 0.7615E-04 -0.6432497E-03 0.1119E-04  1.340    
   
   
 Integral=  -6.4324970688276709E-004 +-   1.1186773360226313E-005
 with chisq    =   1.3397459600395092     
  
  
  
 For xq =          900 
  
 RM48 INITIALIZED:        40           0         0



 INPUT PARAMETERS FOR VEGAS:  NDIM=  4  NCALL=    9759362.
                              IT=    0  ITMX=   10
                              MDS= -1   ND=  47
   1     -0.8963249E-05 0.1990E-05 -0.8963249E-05 0.1990E-05  0.000    
   2     -0.4620692E-04 0.1191E-04 -0.2482135E-04 0.5600E-05  10.82    
   3     -0.5673904E-04 0.8742E-05 -0.4218105E-04 0.4836E-05  8.709    
   4     -0.1263252E-03 0.4110E-04 -0.5132861E-04 0.7845E-05  5.682    
   5     -0.9735586E-04 0.8955E-05 -0.7785473E-04 0.5487E-05  7.988    
   6     -0.1634324E-03 0.2350E-04 -0.9417984E-04 0.6153E-05  10.08    
   7     -0.1965748E-03 0.2550E-04 -0.1136223E-03 0.6629E-05  11.98    
   8     -0.2095211E-03 0.1640E-04 -0.1465094E-03 0.6065E-05  16.11    
   9     -0.2214139E-03 0.1235E-04 -0.1766849E-03 0.5134E-05  18.15    
  10     -0.3133665E-03 0.4400E-04 -0.1848606E-03 0.5821E-05  15.24    



 INPUT PARAMETERS FOR VEGAS:  NDIM=  4  NCALL=   99574272.
                              IT=    0  ITMX=   20
                              MDS= -1   ND=  42
   1     -0.3983615E-03 0.4156E-04 -0.3983615E-03 0.4156E-04  0.000    
   2     -0.3236234E-03 0.9512E-05 -0.3291184E-03 0.1027E-04  3.609    
   3     -0.5303080E-03 0.1307E-03 -0.3317358E-03 0.1198E-04  3.121    
   4     -0.4099951E-03 0.4177E-04 -0.3372713E-03 0.1144E-04  3.146    
   5     -0.3674755E-03 0.2011E-04 -0.3432153E-03 0.9999E-05  2.840    
   6     -0.4077832E-03 0.5281E-04 -0.3454084E-03 0.9812E-05  2.564    
   7     -0.3665655E-03 0.2031E-04 -0.3487186E-03 0.8878E-05  2.326    
   8     -0.3691962E-03 0.2214E-04 -0.3511312E-03 0.8250E-05  2.128    
   9     -0.3483587E-03 0.1835E-04 -0.3507638E-03 0.7579E-05  1.916    
  10     -0.3765493E-03 0.2299E-04 -0.3530793E-03 0.7198E-05  1.836    
  11     -0.5826320E-03 0.2034E-03 -0.3537080E-03 0.7567E-05  1.742    
  12     -0.4192063E-03 0.5957E-04 -0.3547729E-03 0.7513E-05  1.691    
  13     -0.4268427E-03 0.6563E-04 -0.3557602E-03 0.7479E-05  1.647    
  14     -0.4282479E-03 0.5738E-04 -0.3570445E-03 0.7429E-05  1.641    
  15     -0.4838137E-03 0.1220E-03 -0.3576755E-03 0.7496E-05  1.591    
  16     -0.4487007E-03 0.7248E-04 -0.3587665E-03 0.7482E-05  1.589    
  17     -0.6619672E-03 0.2349E-03 -0.3595177E-03 0.7784E-05  1.607    
  18     -0.3575345E-03 0.2278E-04 -0.3593762E-03 0.7430E-05  1.542    
  19     -0.3586827E-03 0.1993E-04 -0.3593167E-03 0.7043E-05  1.482    
  20     -0.4264655E-03 0.3823E-04 -0.3614593E-03 0.6925E-05  1.559    
   
   
 Integral=  -3.6145933056803422E-004 +-   6.9247597846987463E-006
 with chisq    =   1.5587796871334065     
  
  
  
 For xq =         1000 
  
 RM48 INITIALIZED:        40           0         0



 INPUT PARAMETERS FOR VEGAS:  NDIM=  4  NCALL=    9759362.
                              IT=    0  ITMX=   10
                              MDS= -1   ND=  47
   1     -0.1087947E-04 0.3899E-05 -0.1087947E-04 0.3899E-05  0.000    
   2     -0.5103665E-04 0.2668E-04 -0.2371714E-04 0.1091E-04  2.948    
   3     -0.5046809E-04 0.2051E-04 -0.3297401E-04 0.1002E-04  1.949    
   4     -0.4484886E-04 0.3953E-05 -0.4342795E-04 0.3528E-05  1.652    
   5     -0.3252524E-03 0.2055E-03 -0.4817446E-04 0.1233E-04  2.262    
   6     -0.8079360E-04 0.1112E-04 -0.5672276E-04 0.9944E-05  2.470    
   7     -0.3100531E-03 0.1283E-03 -0.6386050E-04 0.1219E-04  3.302    
   8     -0.1538079E-03 0.4662E-04 -0.6834538E-04 0.1171E-04  3.315    
   9     -0.1312852E-03 0.9357E-05 -0.9818857E-04 0.8287E-05  4.841    
  10     -0.1879978E-03 0.3114E-04 -0.1054377E-03 0.8040E-05  5.231    



 INPUT PARAMETERS FOR VEGAS:  NDIM=  4  NCALL=   99574272.
                              IT=    0  ITMX=   20
                              MDS= -1   ND=  42
   1     -0.2177883E-03 0.1281E-04 -0.2177883E-03 0.1281E-04  0.000    
   2     -0.2963833E-03 0.4634E-04 -0.2275367E-03 0.1432E-04  3.273    
   3     -0.3166432E-03 0.1117E-03 -0.2296560E-03 0.1524E-04  1.806    
   4     -0.2174024E-03 0.1287E-04 -0.2240473E-03 0.1065E-04  1.447    
   5     -0.2283138E-03 0.1485E-04 -0.2252204E-03 0.8829E-05  1.157    
   6     -0.2279756E-03 0.1108E-04 -0.2261295E-03 0.7091E-05 0.9682    
   7     -0.3755839E-03 0.8427E-04 -0.2284089E-03 0.7610E-05  1.655    
   8     -0.2853148E-03 0.5224E-04 -0.2296832E-03 0.7561E-05  1.582    
   9     -0.2376050E-03 0.2146E-04 -0.2303507E-03 0.7131E-05  1.437    
  10     -0.2105275E-03 0.9514E-05 -0.2253590E-03 0.6043E-05  1.556    
  11     -0.3624869E-03 0.8970E-04 -0.2265009E-03 0.6246E-05  1.698    
  12     -0.2456288E-03 0.2677E-04 -0.2272884E-03 0.6062E-05  1.607    
  13     -0.2762440E-03 0.5814E-04 -0.2278230E-03 0.6033E-05  1.531    
  14     -0.2089648E-03 0.1379E-04 -0.2259382E-03 0.5637E-05  1.534    
  15     -0.2155142E-03 0.1014E-04 -0.2242239E-03 0.5090E-05  1.501    
  16     -0.2717693E-03 0.2723E-04 -0.2258857E-03 0.5006E-05  1.601    
  17     -0.2144960E-03 0.1695E-04 -0.2252793E-03 0.4819E-05  1.550    
  18     -0.2784222E-03 0.4416E-04 -0.2259721E-03 0.4802E-05  1.543    
  19     -0.2099490E-03 0.1200E-04 -0.2245105E-03 0.4533E-05  1.544    
  20     -0.2255715E-03 0.1425E-04 -0.2245842E-03 0.4344E-05  1.482    
   
   
 Integral=  -2.2458418755528210E-004 +-   4.3439036384632642E-006
 with chisq    =   1.4822353452080776     
  
  
  
 For xq =         1100 
  
 RM48 INITIALIZED:        40           0         0



 INPUT PARAMETERS FOR VEGAS:  NDIM=  4  NCALL=    9759362.
                              IT=    0  ITMX=   10
                              MDS= -1   ND=  47
   1     -0.6057047E-05 0.1754E-05 -0.6057047E-05 0.1754E-05  0.000    
   2     -0.2613070E-04 0.1315E-04 -0.1104796E-04 0.4760E-05  3.323    
   3     -0.2795631E-04 0.1015E-04 -0.1651753E-04 0.4617E-05  2.662    
   4     -0.9100814E-04 0.6771E-04 -0.2184052E-04 0.9837E-05  1.631    
   5     -0.3572200E-04 0.5043E-05 -0.3107170E-04 0.5414E-05  1.719    
   6     -0.5379597E-04 0.4867E-05 -0.4511922E-04 0.3430E-05  3.380    
   7     -0.7878271E-04 0.1784E-04 -0.4814180E-04 0.3642E-05  3.438    
   8     -0.9019052E-04 0.1178E-04 -0.5707780E-04 0.3582E-05  5.695    
   9     -0.1293586E-03 0.3252E-04 -0.6100170E-04 0.4143E-05  5.476    
  10     -0.1187322E-03 0.1237E-04 -0.7485956E-04 0.3926E-05  8.502    



 INPUT PARAMETERS FOR VEGAS:  NDIM=  4  NCALL=   99574272.
                              IT=    0  ITMX=   20
                              MDS= -1   ND=  42
   1     -0.1490536E-03 0.1615E-04 -0.1490536E-03 0.1615E-04  0.000    
   2     -0.1194327E-03 0.3991E-05 -0.1220067E-03 0.4313E-05  3.743    
   3     -0.1353357E-03 0.1209E-04 -0.1235166E-03 0.4064E-05  2.409    
   4     -0.1973988E-03 0.6113E-04 -0.1242066E-03 0.4582E-05  2.053    
   5     -0.1638694E-03 0.2003E-04 -0.1264501E-03 0.4515E-05  2.526    
   6     -0.2665744E-03 0.1444E-03 -0.1268527E-03 0.5188E-05  1.944    
   7     -0.2054102E-03 0.4018E-04 -0.1285458E-03 0.5248E-05  2.336    
   8     -0.1242927E-03 0.4525E-05 -0.1269147E-03 0.3980E-05  2.185    
   9     -0.1514734E-03 0.1792E-04 -0.1277755E-03 0.3852E-05  2.142    
  10     -0.1414898E-03 0.1175E-04 -0.1286865E-03 0.3658E-05  2.067    
  11     -0.1408261E-03 0.9547E-05 -0.1297865E-03 0.3437E-05  2.019    
  12     -0.1264155E-03 0.5102E-05 -0.1291002E-03 0.3011E-05  1.924    
  13     -0.1406478E-03 0.1030E-04 -0.1297723E-03 0.2891E-05  1.874    
  14     -0.2662503E-03 0.1107E-03 -0.1300184E-03 0.3054E-05  1.825    
  15     -0.1705882E-03 0.2793E-04 -0.1304849E-03 0.3033E-05  1.842    
  16     -0.1370908E-03 0.1243E-04 -0.1307234E-03 0.2943E-05  1.772    
  17     -0.1907938E-03 0.3858E-04 -0.1311567E-03 0.2954E-05  1.823    
  18     -0.1348131E-03 0.6915E-05 -0.1315253E-03 0.2771E-05  1.762    
  19     -0.1265748E-03 0.6638E-05 -0.1310899E-03 0.2615E-05  1.720    
  20     -0.1258011E-03 0.6726E-05 -0.1306773E-03 0.2483E-05  1.684    
   
   
 Integral=  -1.3067734954011644E-004 +-   2.4832721595659962E-006
 with chisq    =   1.6836374006715220     
  
  
  
 For xq =         1200 
  
 RM48 INITIALIZED:        40           0         0



 INPUT PARAMETERS FOR VEGAS:  NDIM=  4  NCALL=    9759362.
                              IT=    0  ITMX=   10
                              MDS= -1   ND=  47
   1     -0.4477282E-05 0.1585E-05 -0.4477282E-05 0.1585E-05  0.000    
   2     -0.1340330E-04 0.7214E-05 -0.7173860E-05 0.2956E-05  1.923    
   3     -0.1786052E-04 0.4912E-05 -0.1290554E-04 0.2649E-05  2.579    
   4     -0.2365228E-04 0.3739E-05 -0.1955550E-04 0.2042E-05  3.281    
   5     -0.2918432E-04 0.3742E-05 -0.2422337E-04 0.1754E-05  3.601    
   6     -0.6095451E-04 0.2037E-04 -0.2666999E-04 0.2645E-05  3.579    
   7     -0.2234934E-03 0.1816E-03 -0.2886255E-04 0.7643E-05  1.571    
   8     -0.4417912E-04 0.6257E-05 -0.3297176E-04 0.6222E-05  1.657    
   9     -0.1190960E-03 0.4291E-04 -0.3640062E-04 0.6418E-05  2.169    
  10     -0.5934995E-04 0.3474E-05 -0.5020166E-04 0.3937E-05  2.947    



 INPUT PARAMETERS FOR VEGAS:  NDIM=  4  NCALL=   99574272.
                              IT=    0  ITMX=   20
                              MDS= -1   ND=  42
   1     -0.1164567E-03 0.2392E-04 -0.1164567E-03 0.2392E-04  0.000    
   2     -0.9631836E-04 0.5965E-05 -0.9799718E-04 0.6336E-05 0.7719    
   3     -0.7887381E-04 0.2427E-05 -0.8293106E-04 0.2688E-05  4.685    
   4     -0.8609287E-04 0.4076E-05 -0.8372043E-04 0.2259E-05  3.441    
   5     -0.8768160E-04 0.5076E-05 -0.8428722E-04 0.2058E-05  2.778    
   6     -0.8493052E-04 0.6801E-05 -0.8433199E-04 0.1955E-05  2.293    
   7     -0.1192557E-03 0.2675E-04 -0.8463891E-04 0.2036E-05  2.174    
   8     -0.9007771E-04 0.5504E-05 -0.8521495E-04 0.1909E-05  2.005    
   9     -0.8012547E-04 0.2654E-05 -0.8386672E-04 0.1609E-05  2.059    
  10     -0.8767376E-04 0.7247E-05 -0.8402207E-04 0.1565E-05  1.881    
  11     -0.1173178E-03 0.1204E-04 -0.8488046E-04 0.1584E-05  2.720    
  12     -0.9292475E-04 0.9197E-05 -0.8509751E-04 0.1558E-05  2.550    
  13     -0.9213933E-04 0.8453E-05 -0.8531191E-04 0.1530E-05  2.403    
  14     -0.1403938E-03 0.5349E-04 -0.8540900E-04 0.1590E-05  2.211    
  15     -0.9377207E-04 0.1262E-04 -0.8552554E-04 0.1573E-05  2.096    
  16     -0.8791885E-04 0.4388E-05 -0.8574564E-04 0.1489E-05  1.997    
  17     -0.8930598E-04 0.6248E-05 -0.8590479E-04 0.1448E-05  1.908    
  18     -0.9910426E-04 0.1010E-04 -0.8617690E-04 0.1434E-05  1.894    
  19     -0.1379446E-03 0.4003E-04 -0.8630832E-04 0.1469E-05  1.875    
  20     -0.1082776E-03 0.1775E-04 -0.8648165E-04 0.1469E-05  1.855    
   
   
 Integral=  -8.6481653268257795E-005 +-   1.4688979796353376E-006
 with chisq    =   1.8546941151707439     
  
  
  
 For xq =         1300 
  
 RM48 INITIALIZED:        40           0         0



 INPUT PARAMETERS FOR VEGAS:  NDIM=  4  NCALL=    9759362.
                              IT=    0  ITMX=   10
                              MDS= -1   ND=  47
   1     -0.2815052E-05 0.9057E-06 -0.2815052E-05 0.9057E-06  0.000    
   2     -0.6057868E-05 0.1215E-05 -0.5149789E-05 0.8042E-06  3.278    
   3     -0.8487706E-05 0.1955E-05 -0.6329277E-05 0.8537E-06  2.687    
   4     -0.1078660E-04 0.1130E-05 -0.9140670E-05 0.6350E-06  5.022    
   5     -0.1257439E-04 0.9127E-06 -0.1109034E-04 0.4837E-06  5.896    
   6     -0.1924409E-04 0.2355E-05 -0.1244746E-04 0.5625E-06  8.737    
   7     -0.2362868E-04 0.1811E-05 -0.1577933E-04 0.5745E-06  18.11    
   8     -0.2642867E-04 0.3521E-05 -0.1673511E-04 0.6340E-06  14.89    
   9     -0.4107309E-04 0.6577E-05 -0.1815887E-04 0.7859E-06  14.59    
  10     -0.6371906E-04 0.2508E-04 -0.1859593E-04 0.1074E-05  8.774    



 INPUT PARAMETERS FOR VEGAS:  NDIM=  4  NCALL=   99574272.
                              IT=    0  ITMX=   20
                              MDS= -1   ND=  42
   1     -0.8156561E-04 0.2283E-04 -0.8156561E-04 0.2283E-04  0.000    
   2     -0.5075967E-04 0.2657E-05 -0.5180033E-04 0.3495E-05  2.536    
   3     -0.4849587E-04 0.2846E-05 -0.5036454E-04 0.2404E-05  1.748    
   4     -0.4923440E-04 0.2548E-05 -0.4995950E-04 0.1834E-05  1.314    
   5     -0.5828089E-04 0.5562E-05 -0.5075322E-04 0.1739E-05  1.486    
   6     -0.6359188E-04 0.1383E-04 -0.5098489E-04 0.1746E-05  1.349    
   7     -0.6559084E-04 0.1090E-04 -0.5142258E-04 0.1745E-05  1.432    
   8     -0.4459655E-04 0.1218E-05 -0.4783228E-04 0.1166E-05  2.523    
   9     -0.5372390E-04 0.7844E-05 -0.4793871E-04 0.1145E-05  2.308    
  10     -0.6270428E-04 0.9108E-05 -0.4820341E-04 0.1143E-05  2.346    
  11     -0.5819542E-04 0.1019E-04 -0.4832514E-04 0.1135E-05  2.209    
  12     -0.5315467E-04 0.3917E-05 -0.4863603E-04 0.1090E-05  2.146    
  13     -0.7323856E-04 0.1403E-04 -0.4886815E-04 0.1108E-05  2.267    
  14     -0.5205709E-04 0.4888E-05 -0.4898865E-04 0.1078E-05  2.153    
  15     -0.5391762E-04 0.9858E-05 -0.4903730E-04 0.1067E-05  2.037    
  16     -0.6596088E-04 0.1256E-04 -0.4918994E-04 0.1071E-05  2.019    
  17     -0.6291288E-04 0.1190E-04 -0.4931418E-04 0.1070E-05  1.971    
  18     -0.5945514E-04 0.6548E-05 -0.4957797E-04 0.1056E-05  1.993    
  19     -0.5767174E-04 0.5312E-05 -0.4986815E-04 0.1035E-05  2.005    
  20     -0.6852334E-04 0.9363E-05 -0.5016724E-04 0.1035E-05  2.138    
   
   
 Integral=  -5.0167238011796723E-005 +-   1.0352919772717774E-006
 with chisq    =   2.1380425417404081     
  
  
  
 For xq =         1400 
  
 RM48 INITIALIZED:        40           0         0



 INPUT PARAMETERS FOR VEGAS:  NDIM=  4  NCALL=    9759362.
                              IT=    0  ITMX=   10
                              MDS= -1   ND=  47
   1     -0.3054758E-05 0.1332E-05 -0.3054758E-05 0.1332E-05  0.000    
   2     -0.9665739E-05 0.5759E-05 -0.5359641E-05 0.2522E-05  1.561    
   3     -0.5602585E-05 0.9088E-06 -0.5559992E-05 0.9851E-06 0.9010    
   4     -0.1160733E-04 0.3834E-05 -0.6563184E-05 0.1103E-05  1.786    
   5     -0.2283713E-04 0.1148E-04 -0.7651754E-05 0.1634E-05  2.117    
   6     -0.1288543E-04 0.1383E-05 -0.1076348E-04 0.1045E-05  2.890    
   7     -0.1603957E-04 0.1125E-05 -0.1383272E-04 0.7047E-06  4.487    
   8     -0.3795811E-04 0.1469E-04 -0.1428555E-04 0.9657E-06  3.652    
   9     -0.2380245E-04 0.1850E-05 -0.1730815E-04 0.8285E-06  6.537    
  10     -0.2382788E-04 0.9428E-06 -0.2089781E-04 0.5715E-06  9.067    



 INPUT PARAMETERS FOR VEGAS:  NDIM=  4  NCALL=   99574272.
                              IT=    0  ITMX=   20
                              MDS= -1   ND=  42
   1     -0.4969280E-04 0.1269E-04 -0.4969280E-04 0.1269E-04  0.000    
   2     -0.3497908E-04 0.1962E-05 -0.3565625E-04 0.2354E-05  1.715    
   3     -0.6664481E-04 0.2431E-04 -0.3633982E-04 0.2821E-05  1.886    
   4     -0.3751074E-04 0.3455E-05 -0.3664073E-04 0.2281E-05  1.446    
   5     -0.3930332E-04 0.5103E-05 -0.3694568E-04 0.2069E-05  1.209    
   6     -0.3275686E-04 0.1107E-05 -0.3431443E-04 0.1206E-05  1.621    
   7     -0.3635608E-04 0.3581E-05 -0.3445507E-04 0.1135E-05  1.456    
   8     -0.3168473E-04 0.1184E-05 -0.3355844E-04 0.9048E-06  1.621    
   9     -0.4763575E-04 0.7454E-05 -0.3381370E-04 0.9091E-06  1.913    
  10     -0.4015346E-04 0.3988E-05 -0.3408672E-04 0.8833E-06  1.959    
  11     -0.3375282E-04 0.2248E-05 -0.3405754E-04 0.8292E-06  1.828    
  12     -0.3713121E-04 0.2688E-05 -0.3426925E-04 0.7926E-06  1.781    
  13     -0.4140362E-04 0.5723E-05 -0.3440156E-04 0.7848E-06  1.760    
  14     -0.4569507E-04 0.8555E-05 -0.3451459E-04 0.7865E-06  1.758    
  15     -0.3999404E-04 0.4147E-05 -0.3468767E-04 0.7715E-06  1.753    
  16     -0.3635701E-04 0.3963E-05 -0.3473407E-04 0.7549E-06  1.671    
  17     -0.4918531E-04 0.1083E-04 -0.3483189E-04 0.7612E-06  1.681    
  18     -0.8649813E-04 0.4659E-04 -0.3489022E-04 0.8263E-06  1.601    
  19     -0.3813199E-04 0.2951E-05 -0.3505840E-04 0.7981E-06  1.581    
  20     -0.3592605E-04 0.2176E-05 -0.3512612E-04 0.7592E-06  1.531    
   
   
 Integral=  -3.5126117332096616E-005 +-   7.5922100596649904E-007
 with chisq    =   1.5313928023894579     
  
  
  
 For xq =         1500 
  
 RM48 INITIALIZED:        40           0         0



 INPUT PARAMETERS FOR VEGAS:  NDIM=  4  NCALL=    9759362.
                              IT=    0  ITMX=   10
                              MDS= -1   ND=  47
   1     -0.9198548E-06 0.1789E-06 -0.9198548E-06 0.1789E-06  0.000    
   2     -0.3739346E-05 0.1074E-05 -0.1806948E-05 0.4385E-06  8.913    
   3     -0.5564106E-05 0.1610E-05 -0.2695417E-05 0.5498E-06  6.381    
   4     -0.5955632E-05 0.1061E-05 -0.3948247E-05 0.4977E-06  6.580    
   5     -0.1373205E-04 0.5617E-05 -0.4612825E-05 0.7832E-06  4.328    
   6     -0.9612737E-05 0.1467E-05 -0.6253301E-05 0.6790E-06  5.486    
   7     -0.1146879E-04 0.1775E-05 -0.7514525E-05 0.6391E-06  5.948    
   8     -0.1302139E-04 0.1156E-05 -0.9846627E-05 0.5261E-06  8.159    
   9     -0.1784572E-04 0.2127E-05 -0.1136833E-04 0.5430E-06  9.604    
  10     -0.1735275E-04 0.1256E-05 -0.1340421E-04 0.4783E-06  11.16    



 INPUT PARAMETERS FOR VEGAS:  NDIM=  4  NCALL=   99574272.
                              IT=    0  ITMX=   20
                              MDS= -1   ND=  42
   1     -0.2532615E-04 0.2122E-05 -0.2532615E-04 0.2122E-05  0.000    
   2     -0.3574004E-04 0.6788E-05 -0.2702265E-04 0.2374E-05  2.623    
   3     -0.2365977E-04 0.1630E-05 -0.2516221E-04 0.1473E-05  2.167    
   4     -0.2483182E-04 0.1807E-05 -0.2505273E-04 0.1166E-05  1.549    
   5     -0.2625156E-04 0.2222E-05 -0.2528862E-04 0.1033E-05  1.241    
   6     -0.2340143E-04 0.8040E-06 -0.2426131E-04 0.6811E-06  1.421    
   7     -0.2974789E-04 0.2896E-05 -0.2460957E-04 0.6697E-06  1.813    
   8     -0.2409666E-04 0.1070E-05 -0.2448967E-04 0.5780E-06  1.618    
   9     -0.2505135E-04 0.1699E-05 -0.2454086E-04 0.5469E-06  1.448    
  10     -0.2760051E-04 0.2542E-05 -0.2468488E-04 0.5357E-06  1.441    
  11     -0.2591852E-04 0.1974E-05 -0.2476433E-04 0.5166E-06  1.339    
  12     -0.3426783E-04 0.5877E-05 -0.2488353E-04 0.5270E-06  1.522    
  13     -0.3029809E-04 0.4766E-05 -0.2496305E-04 0.5275E-06  1.499    
  14     -0.2734694E-04 0.2609E-05 -0.2505460E-04 0.5168E-06  1.446    
  15     -0.2480264E-04 0.1470E-05 -0.2503181E-04 0.4897E-06  1.362    
  16     -0.3736426E-04 0.9657E-05 -0.2509022E-04 0.5013E-06  1.397    
  17     -0.2521062E-04 0.1674E-05 -0.2509828E-04 0.4814E-06  1.326    
  18     -0.2648247E-04 0.2726E-05 -0.2513580E-04 0.4734E-06  1.268    
  19     -0.2664717E-04 0.2888E-05 -0.2517187E-04 0.4666E-06  1.217    
  20     -0.2314003E-04 0.9262E-06 -0.2486923E-04 0.4271E-06  1.322    
   
   
 Integral=  -2.4869233407633660E-005 +-   4.2713816835309651E-007
 with chisq    =   1.3223541086534916     
  
  
  
 For xq =         1600 
  
 RM48 INITIALIZED:        40           0         0



 INPUT PARAMETERS FOR VEGAS:  NDIM=  4  NCALL=    9759362.
                              IT=    0  ITMX=   10
                              MDS= -1   ND=  47
   1     -0.3162037E-05 0.2073E-05 -0.3162037E-05 0.2073E-05  0.000    
   2     -0.1350497E-05 0.2690E-06 -0.1503669E-05 0.4634E-06  1.183    
   3     -0.2310271E-05 0.2818E-06 -0.2075953E-05 0.2457E-06  1.722    
   4     -0.3179286E-05 0.4242E-06 -0.2486574E-05 0.2125E-06  3.062    
   5     -0.5026015E-05 0.6845E-06 -0.3155026E-05 0.2265E-06  7.587    
   6     -0.5718977E-05 0.4928E-06 -0.4172155E-05 0.2045E-06  12.01    
   7     -0.6780965E-05 0.4821E-06 -0.5132623E-05 0.1868E-06  15.15    
   8     -0.8266648E-05 0.4793E-06 -0.6249323E-05 0.1729E-06  20.53    
   9     -0.1096625E-04 0.1145E-05 -0.6716593E-05 0.1958E-06  19.08    
  10     -0.1389363E-04 0.1621E-05 -0.7243807E-05 0.2264E-06  19.35    



 INPUT PARAMETERS FOR VEGAS:  NDIM=  4  NCALL=   99574272.
                              IT=    0  ITMX=   20
                              MDS= -1   ND=  42
   1     -0.1858293E-04 0.2220E-05 -0.1858293E-04 0.2220E-05  0.000    
   2     -0.1416333E-04 0.5601E-06 -0.1459995E-04 0.6202E-06  4.521    
   3     -0.2936389E-04 0.8988E-05 -0.1481876E-04 0.8073E-06  3.756    
   4     -0.2086111E-04 0.4208E-05 -0.1501816E-04 0.7866E-06  3.178    
   5     -0.1742523E-04 0.2831E-05 -0.1513469E-04 0.7407E-06  2.680    
   6     -0.1452451E-04 0.5008E-06 -0.1481861E-04 0.4919E-06  2.419    
   7     -0.1965484E-04 0.3108E-05 -0.1493488E-04 0.4854E-06  2.409    
   8     -0.2397042E-04 0.6908E-05 -0.1499979E-04 0.4975E-06  2.288    
   9     -0.1698612E-04 0.2385E-05 -0.1505813E-04 0.4818E-06  2.132    
  10     -0.1553482E-04 0.6530E-06 -0.1517580E-04 0.4097E-06  2.002    
  11     -0.1952096E-04 0.1838E-05 -0.1537947E-04 0.3998E-06  2.331    
  12     -0.2604152E-04 0.7055E-05 -0.1543952E-04 0.4112E-06  2.335    
  13     -0.2162465E-04 0.3319E-05 -0.1554621E-04 0.4099E-06  2.438    
  14     -0.1805590E-04 0.1895E-05 -0.1563550E-04 0.3995E-06  2.389    
  15     -0.1871337E-04 0.2015E-05 -0.1573607E-04 0.3910E-06  2.380    
  16     -0.1708376E-04 0.1993E-05 -0.1577258E-04 0.3824E-06  2.282    
  17     -0.1772289E-04 0.1930E-05 -0.1583138E-04 0.3742E-06  2.215    
  18     -0.1652579E-04 0.1391E-05 -0.1586476E-04 0.3621E-06  2.131    
  19     -0.1552042E-04 0.7678E-06 -0.1582271E-04 0.3359E-06  2.059    
  20     -0.1794578E-04 0.2030E-05 -0.1587117E-04 0.3308E-06  2.013    
   
   
 Integral=  -1.5871170929962422E-005 +-   3.3079336391152221E-007
 with chisq    =   2.0133558254917330     
  
  
  
 For xq =         1700 
  
 RM48 INITIALIZED:        40           0         0



 INPUT PARAMETERS FOR VEGAS:  NDIM=  4  NCALL=    9759362.
                              IT=    0  ITMX=   10
                              MDS= -1   ND=  47
   1     -0.1403059E-05 0.4443E-06 -0.1403059E-05 0.4443E-06  0.000    
   2     -0.2406696E-05 0.1157E-05 -0.1706721E-05 0.5210E-06 0.7831    
   3     -0.2419618E-05 0.9807E-06 -0.1919608E-05 0.4719E-06 0.5738    
   4     -0.2736420E-05 0.5676E-06 -0.2354809E-05 0.3477E-06 0.7869    
   5     -0.1251761E-04 0.9721E-05 -0.2726899E-05 0.8861E-06  1.247    
   6     -0.4838978E-05 0.5891E-06 -0.3990693E-05 0.5454E-06  1.779    
   7     -0.6574132E-05 0.1466E-05 -0.4381481E-05 0.5127E-06  1.967    
   8     -0.1266469E-04 0.4078E-05 -0.4942144E-05 0.5959E-06  2.905    
   9     -0.8382141E-05 0.7526E-06 -0.6543050E-05 0.4450E-06  4.295    
  10     -0.1454956E-04 0.2482E-05 -0.7457445E-05 0.4777E-06  6.092    



 INPUT PARAMETERS FOR VEGAS:  NDIM=  4  NCALL=   99574272.
                              IT=    0  ITMX=   20
                              MDS= -1   ND=  42
   1     -0.1440676E-04 0.2243E-05 -0.1440676E-04 0.2243E-05  0.000    
   2     -0.1415958E-04 0.1432E-05 -0.1423294E-04 0.1212E-05 0.8685E-02
   3     -0.1522569E-04 0.2425E-05 -0.1445230E-04 0.1093E-05 0.7510E-01
   4     -0.1181319E-04 0.5886E-06 -0.1262318E-04 0.5790E-06  1.528    
   5     -0.1642160E-04 0.2448E-05 -0.1289613E-04 0.5788E-06  1.782    
   6     -0.1281445E-04 0.7281E-06 -0.1286910E-04 0.4648E-06  1.481    
   7     -0.1299498E-04 0.8899E-06 -0.1289246E-04 0.4145E-06  1.266    
   8     -0.1569591E-04 0.2548E-05 -0.1298206E-04 0.4141E-06  1.255    
   9     -0.1393443E-04 0.2031E-05 -0.1301838E-04 0.4051E-06  1.129    
  10     -0.1343990E-04 0.1163E-05 -0.1305951E-04 0.3827E-06  1.027    
  11     -0.1230266E-04 0.1165E-05 -0.1300242E-04 0.3639E-06 0.9751    
  12     -0.1378607E-04 0.1417E-05 -0.1304955E-04 0.3523E-06 0.9141    
  13     -0.1259698E-04 0.6826E-06 -0.1296905E-04 0.3172E-06 0.8750    
  14     -0.2653225E-04 0.1429E-04 -0.1299343E-04 0.3456E-06 0.8915    
  15     -0.1149449E-04 0.4835E-06 -0.1265227E-04 0.2994E-06  1.167    
  16     -0.2208745E-04 0.7227E-05 -0.1268763E-04 0.3098E-06  1.244    
  17     -0.1313475E-04 0.8214E-06 -0.1272924E-04 0.2926E-06  1.198    
  18     -0.1305704E-04 0.9940E-06 -0.1274860E-04 0.2817E-06  1.150    
  19     -0.1260874E-04 0.7726E-06 -0.1273691E-04 0.2674E-06  1.105    
  20     -0.1294243E-04 0.9850E-06 -0.1274747E-04 0.2587E-06  1.063    
   
   
 Integral=  -1.2747474441668700E-005 +-   2.5869714468936922E-007
 with chisq    =   1.0626630169491091     
  
  
  
 For xq =         1800 
  
 RM48 INITIALIZED:        40           0         0



 INPUT PARAMETERS FOR VEGAS:  NDIM=  4  NCALL=    9759362.
                              IT=    0  ITMX=   10
                              MDS= -1   ND=  47
   1     -0.8177697E-06 0.2743E-06 -0.8177697E-06 0.2743E-06  0.000    
   2     -0.4677865E-05 0.3750E-05 -0.1392880E-05 0.1039E-05  1.750    
   3     -0.1692379E-05 0.5234E-06 -0.1542696E-05 0.6367E-06  1.192    
   4     -0.1836252E-05 0.2455E-06 -0.1756415E-05 0.3060E-06 0.9964    
   5     -0.2368117E-05 0.2466E-06 -0.2090044E-05 0.2017E-06  1.352    
   6     -0.3735001E-05 0.6388E-06 -0.2366769E-05 0.1991E-06  2.833    
   7     -0.4836777E-05 0.6948E-06 -0.2842371E-05 0.2018E-06  5.739    
   8     -0.4147830E-05 0.1747E-06 -0.3744793E-05 0.1168E-06  8.344    
   9     -0.5135066E-05 0.3034E-06 -0.4106335E-05 0.1078E-06  10.33    
  10     -0.9470845E-05 0.1539E-05 -0.4284706E-05 0.1341E-06  11.45    



 INPUT PARAMETERS FOR VEGAS:  NDIM=  4  NCALL=   99574272.
                              IT=    0  ITMX=   20
                              MDS= -1   ND=  42
   1     -0.1171494E-04 0.1700E-05 -0.1171494E-04 0.1700E-05  0.000    
   2     -0.2192167E-04 0.1054E-04 -0.1256785E-04 0.2442E-05  1.338    
   3     -0.8257117E-05 0.4107E-06 -0.8746722E-05 0.7082E-06  2.769    
   4     -0.7940810E-05 0.2938E-06 -0.8250465E-05 0.3972E-06  2.579    
   5     -0.8682095E-05 0.4644E-06 -0.8348683E-05 0.3276E-06  2.273    
   6     -0.8091993E-05 0.4031E-06 -0.8295352E-05 0.2766E-06  2.050    
   7     -0.9781177E-05 0.1087E-05 -0.8354928E-05 0.2640E-06  2.002    
   8     -0.1001077E-04 0.1533E-05 -0.8389152E-05 0.2565E-06  1.901    
   9     -0.9225923E-05 0.6334E-06 -0.8467190E-05 0.2391E-06  1.865    
  10     -0.1211035E-04 0.4062E-05 -0.8481367E-05 0.2402E-06  1.736    
  11     -0.8767833E-05 0.8242E-06 -0.8494892E-05 0.2300E-06  1.631    
  12     -0.8885313E-05 0.6812E-06 -0.8520766E-05 0.2187E-06  1.548    
  13     -0.2807202E-04 0.1616E-04 -0.8543731E-05 0.2602E-06  1.554    
  14     -0.1284481E-04 0.4472E-05 -0.8557493E-05 0.2593E-06  1.507    
  15     -0.8776988E-05 0.8274E-06 -0.8566671E-05 0.2490E-06  1.456    
  16     -0.1567584E-04 0.4538E-05 -0.8598053E-05 0.2521E-06  1.553    
  17     -0.7893613E-05 0.2724E-06 -0.8431061E-05 0.2161E-06  1.632    
  18     -0.9661997E-05 0.1036E-05 -0.8460549E-05 0.2109E-06  1.621    
  19     -0.9130893E-05 0.7055E-06 -0.8490118E-05 0.2035E-06  1.597    
  20     -0.8037467E-05 0.3141E-06 -0.8423530E-05 0.1852E-06  1.598    
   
   
 Integral=  -8.4235302583690880E-006 +-   1.8516111061341197E-007
 with chisq    =   1.5980677670958428     
  
  
  
 For xq =         1900 
  
 RM48 INITIALIZED:        40           0         0



 INPUT PARAMETERS FOR VEGAS:  NDIM=  4  NCALL=    9759362.
                              IT=    0  ITMX=   10
                              MDS= -1   ND=  47
   1     -0.5799533E-06 0.2734E-06 -0.5799533E-06 0.2734E-06  0.000    
   2     -0.7196286E-06 0.1437E-06 -0.6983910E-06 0.1201E-06 0.1742    
   3     -0.1046322E-05 0.1779E-06 -0.8859511E-06 0.1006E-06  1.543    
   4     -0.1341797E-05 0.1682E-06 -0.1112880E-05 0.8563E-07  3.074    
   5     -0.1493356E-05 0.9452E-07 -0.1364503E-05 0.5629E-07  4.365    
   6     -0.2757233E-05 0.4598E-06 -0.1485630E-05 0.7400E-07  7.471    
   7     -0.2884941E-05 0.2792E-06 -0.1772912E-05 0.7756E-07  13.35    
   8     -0.7720801E-05 0.4442E-05 -0.1807254E-05 0.1396E-06  5.005    
   9     -0.3486986E-05 0.2596E-06 -0.2238079E-05 0.1216E-06  8.834    
  10     -0.4358343E-05 0.3476E-06 -0.2625183E-05 0.1144E-06  12.95    



 INPUT PARAMETERS FOR VEGAS:  NDIM=  4  NCALL=   99574272.
                              IT=    0  ITMX=   20
                              MDS= -1   ND=  42
   1     -0.6323234E-05 0.3978E-06 -0.6323234E-05 0.3978E-06  0.000    
   2     -0.7615554E-05 0.1040E-05 -0.6549424E-05 0.3999E-06  1.508    
   3     -0.6152607E-05 0.4262E-06 -0.6388766E-05 0.2966E-06  1.031    
   4     -0.5793700E-05 0.3644E-06 -0.6192715E-05 0.2349E-06  1.208    
   5     -0.7512384E-05 0.9705E-06 -0.6288288E-05 0.2336E-06  1.385    
   6     -0.5951966E-05 0.3570E-06 -0.6203704E-05 0.1985E-06  1.257    
   7     -0.5924595E-05 0.3707E-06 -0.6151311E-05 0.1764E-06  1.141    
   8     -0.5532611E-05 0.3214E-06 -0.6040659E-05 0.1570E-06  1.339    
   9     -0.8615402E-05 0.2240E-05 -0.6063439E-05 0.1633E-06  1.347    
  10     -0.9909564E-05 0.3995E-05 -0.6077537E-05 0.1725E-06  1.270    
  11     -0.8883918E-05 0.2432E-05 -0.6099681E-05 0.1763E-06  1.284    
  12     -0.5737280E-05 0.3789E-06 -0.6056414E-05 0.1628E-06  1.252    
  13     -0.9751986E-05 0.3193E-05 -0.6074272E-05 0.1678E-06  1.271    
  14     -0.6223219E-05 0.6486E-06 -0.6081052E-05 0.1622E-06  1.200    
  15     -0.1445996E-04 0.6231E-05 -0.6103307E-05 0.1771E-06  1.356    
  16     -0.1153731E-04 0.5636E-05 -0.6114514E-05 0.1829E-06  1.306    
  17     -0.6688773E-05 0.5563E-06 -0.6152664E-05 0.1749E-06  1.291    
  18     -0.6424787E-05 0.5205E-06 -0.6170469E-05 0.1673E-06  1.251    
  19     -0.5690011E-05 0.2162E-06 -0.6060356E-05 0.1449E-06  1.321    
  20     -0.6975954E-05 0.5871E-06 -0.6101238E-05 0.1408E-06  1.362    
   
   
 Integral=  -6.1012382286679129E-006 +-   1.4082516151070845E-007
 with chisq    =   1.3615237931833575     
  
  
  
 For xq =         2000 
  
 RM48 INITIALIZED:        40           0         0



 INPUT PARAMETERS FOR VEGAS:  NDIM=  4  NCALL=    9759362.
                              IT=    0  ITMX=   10
                              MDS= -1   ND=  47
   1     -0.1916623E-06 0.7135E-07 -0.1916623E-06 0.7135E-07  0.000    
   2     -0.3712593E-06 0.5377E-07 -0.3476469E-06 0.3988E-07  2.316    
   3     -0.1255357E-05 0.3368E-06 -0.5310116E-06 0.9211E-07  8.001    
   4     -0.1157099E-05 0.2302E-06 -0.6992029E-06 0.9062E-07  7.156    
   5     -0.1648385E-05 0.2451E-06 -0.1007410E-05 0.9132E-07  9.492    
   6     -0.2049939E-05 0.2978E-06 -0.1272022E-05 0.9454E-07  9.893    
   7     -0.4907243E-05 0.2111E-05 -0.1374321E-05 0.1592E-06  5.199    
   8     -0.2526485E-05 0.3393E-06 -0.1632496E-05 0.1430E-06  5.903    
   9     -0.2667072E-05 0.2229E-06 -0.2011624E-05 0.1163E-06  7.237    
  10     -0.3466617E-05 0.3178E-06 -0.2351243E-05 0.1081E-06  9.305    



 INPUT PARAMETERS FOR VEGAS:  NDIM=  4  NCALL=   99574272.
                              IT=    0  ITMX=   20
                              MDS= -1   ND=  42
   1     -0.4594666E-05 0.5174E-06 -0.4594666E-05 0.5174E-06  0.000    
   2     -0.4341613E-05 0.4317E-06 -0.4452466E-05 0.3331E-06 0.1420    
   3     -0.4380124E-05 0.4792E-06 -0.4429537E-05 0.2735E-06 0.7954E-01
   4     -0.4055582E-05 0.3155E-06 -0.4285415E-05 0.2099E-06 0.3059    
   5     -0.4242171E-05 0.3194E-06 -0.4272809E-05 0.1759E-06 0.2347    
   6     -0.1586535E-04 0.7323E-05 -0.4362019E-05 0.3072E-06  2.236    
   7     -0.3996492E-05 0.2034E-06 -0.4220357E-05 0.2276E-06  2.180    
   8     -0.4681738E-05 0.3601E-06 -0.4287286E-05 0.2028E-06  2.105    
   9     -0.5694618E-05 0.1578E-05 -0.4302837E-05 0.1980E-06  1.980    
  10     -0.7349906E-05 0.3301E-05 -0.4315607E-05 0.1993E-06  1.839    
  11     -0.4058148E-05 0.2306E-06 -0.4262179E-05 0.1721E-06  1.796    
  12     -0.5341568E-05 0.1501E-05 -0.4271257E-05 0.1688E-06  1.713    
  13     -0.4133069E-05 0.3575E-06 -0.4259988E-05 0.1580E-06  1.651    
  14     -0.4642014E-05 0.4887E-06 -0.4279920E-05 0.1512E-06  1.602    
  15     -0.4196816E-05 0.2744E-06 -0.4270020E-05 0.1392E-06  1.547    
  16     -0.5234282E-05 0.1065E-05 -0.4281740E-05 0.1372E-06  1.509    
  17     -0.4146034E-05 0.1768E-06 -0.4252338E-05 0.1195E-06  1.475    
  18     -0.8905083E-05 0.3772E-05 -0.4262538E-05 0.1232E-06  1.486    
  19     -0.6438161E-05 0.1708E-05 -0.4274633E-05 0.1231E-06  1.494    
  20     -0.7437059E-05 0.2403E-05 -0.4286435E-05 0.1242E-06  1.512    
   
   
 Integral=  -4.2864351022094550E-006 +-   1.2418402173081608E-007
 with chisq    =   1.5123265678465678     
  
  
 Total PK1 + PK2 for
    xq            Integral
  
    100     -0.654115586534798E+01
    200     -0.365974443798248E+00
    300     -0.626138197309910E-01
    400     -0.175698938597669E-01
    500     -0.645683311732160E-02
    600     -0.263965029653249E-02
    700     -0.128194583625967E-02
    800     -0.643249706882767E-03
    900     -0.361459330568034E-03
   1000     -0.224584187555282E-03
   1100     -0.130677349540116E-03
   1200     -0.864816532682578E-04
   1300     -0.501672380117967E-04
   1400     -0.351261173320966E-04
   1500     -0.248692334076337E-04
   1600     -0.158711709299624E-04
   1700     -0.127474744416687E-04
   1800     -0.842353025836909E-05
   1900     -0.610123822866791E-05
   2000     -0.428643510220945E-05

