   100.00000000000000        8.2324099934033435E-003   1.0942660748988528E-004
   400.00000000000000        3.8683652847643765E-005   5.7076214396825988E-007
   700.00000000000000        3.9889991875841876E-006   5.1827131747786458E-008
   1000.0000000000000        8.8987881403330826E-007   9.8273062620766749E-009
   1300.0000000000000        2.7897592862653516E-007   2.6026524859407154E-009
   1600.0000000000000        1.0273770472006914E-007   8.3848243771209090E-010
   1900.0000000000000        4.3049632524610657E-008   3.0300021893369345E-010
   2200.0000000000000        1.9270926109265897E-008   1.2005881319046322E-010
   2500.0000000000000        9.0926520815144182E-009   5.0282578116146919E-011
   2800.0000000000000        4.4505859584491594E-009   2.1925768608368194E-011
   3100.0000000000000        2.2199158955464714E-009   9.8603201786183160E-012
   3400.0000000000000        1.1245193008871288E-009   4.5174771189579677E-012
   3700.0000000000000        5.7640700516206751E-010   2.0983007241162036E-012
   4000.0000000000000        2.9574434889625087E-010   9.7920359172960788E-013
   4300.0000000000000        1.5071184023894644E-010   4.5974095940023715E-013
   4600.0000000000000        7.6651465160698201E-011   2.1513188248677329E-013
   4900.0000000000000        3.8439413805327020E-011   9.9184922479721851E-014
 Directory not found ../summary/run_05                                                                                   
 Making new directory..
/home/niraj/OneDrive/WorkSpaceIITG/Generalfiles/integrators/DY1/DrellYan/summary/run_05
 Directory constructed successfully🤩
  
 Writing your data in ../summary/run_05/PK_Plus.dat
LHAPDF 6.5.4 loading /home/niraj/1TB-Disc/Workspace-IITG/Packages/Install/LHAPDF-6.5.4/install/share/LHAPDF/MMHT2014nlo68cl/MMHT2014nlo68cl_0000.dat
MMHT2014nlo68cl PDF set, member #0, version 3; LHAPDF ID = 25100
   
   
 ~~~~~~~~~~~~~~~~~~~~~~~~~~~~~~~~~~~~~~~~~~~~
     Calculating [+] distribution with delta 1d-2 && ALP=Al/2/pi
 ~~~~~~~~~~~~~~~~~~~~~~~~~~~~~~~~~~~~~~~~~~~~
   
 ~~~~~~~~~~~~~~~~~~~~~~~~~~~~~~~~~~~~~~~~
Using Vegas points:                   5.E+08
         Iteration:                   15
 ~~~~~~~~~~~~~~~~~~~~~~~~~~~~~~~~~~~~~~~~
  
 For xq =          100 
  
 RM48 INITIALIZED:        40           0         0



 INPUT PARAMETERS FOR VEGAS:  NDIM=  4  NCALL=  457773282.
                              IT=    0  ITMX=   15
                              MDS= -1   ND=  41
   1      0.1892122E-01 0.1292E-01  0.1892122E-01 0.1292E-01  0.000    
   2      0.6755405E-02 0.2905E-02  0.1021091E-01 0.5170E-02  1.126    
   3      0.6304659E-02 0.1536E-02  0.7513739E-02 0.2461E-02  1.038    
   4      0.7565812E-02 0.1030E-02  0.7549607E-02 0.1264E-02 0.8173    
   5      0.7954712E-02 0.8392E-03  0.7765967E-02 0.8187E-03 0.6954    
   6      0.7939501E-02 0.7708E-03  0.7833074E-02 0.6172E-03 0.6043    
   7      0.8249442E-02 0.7444E-03  0.7961833E-02 0.5000E-03 0.5546    
   8      0.8360416E-02 0.7327E-03  0.8060243E-02 0.4258E-03 0.5169    
   9      0.6912190E-02 0.7250E-03  0.7891472E-02 0.3822E-03 0.6204    
  10      0.7354912E-02 0.7235E-03  0.7814624E-02 0.3466E-03 0.6072    
  11      0.6159613E-02 0.7261E-03  0.7664554E-02 0.3219E-03 0.7938    
  12      0.8947348E-02 0.7250E-03  0.7871106E-02 0.2946E-03 0.9562    
  13      0.9712883E-02 0.7298E-03  0.8161580E-02 0.2719E-03  1.375    
  14      0.8022389E-02 0.7256E-03  0.8147914E-02 0.2561E-03  1.292    
  15      0.7871411E-02 0.7327E-03  0.8124463E-02 0.2430E-03  1.226    



 INPUT PARAMETERS FOR VEGAS:  NDIM=  4  NCALL=  664301250.
                              IT=    0  ITMX=   30
                              MDS= -1   ND=  45
   1      0.8387870E-02 0.5994E-03  0.8387870E-02 0.5994E-03  0.000    
   2      0.7521477E-02 0.5996E-03  0.8001864E-02 0.4239E-03  1.032    
   3      0.9111089E-02 0.5993E-03  0.8440612E-02 0.3461E-03  1.696    
   4      0.8321736E-02 0.5994E-03  0.8411123E-02 0.2997E-03  1.143    
   5      0.8754841E-02 0.5995E-03  0.8485138E-02 0.2681E-03 0.9105    
   6      0.8596287E-02 0.6000E-03  0.8504222E-02 0.2447E-03 0.7297    
   7      0.8416842E-02 0.5995E-03  0.8491854E-02 0.2266E-03 0.6120    
   8      0.7056860E-02 0.5994E-03  0.8361990E-02 0.2120E-03  1.084    
   9      0.7919683E-02 0.5991E-03  0.8316682E-02 0.1998E-03  1.014    
  10      0.8070406E-02 0.5997E-03  0.8293050E-02 0.1896E-03 0.9220    
  11      0.6874318E-02 0.5991E-03  0.8200525E-02 0.1807E-03  1.229    
  12      0.7743744E-02 0.5999E-03  0.8165698E-02 0.1731E-03  1.170    
  13      0.7217996E-02 0.5994E-03  0.8106738E-02 0.1663E-03  1.248    
  14      0.7992398E-02 0.5994E-03  0.8098633E-02 0.1602E-03  1.155    
  15      0.8860041E-02 0.5989E-03  0.8159734E-02 0.1548E-03  1.185    
  16      0.7577481E-02 0.5991E-03  0.8127470E-02 0.1499E-03  1.167    
  17      0.8402634E-02 0.5991E-03  0.8145020E-02 0.1454E-03  1.102    
  18      0.7554390E-02 0.5988E-03  0.8116031E-02 0.1413E-03  1.092    
  19      0.8280934E-02 0.5991E-03  0.8125207E-02 0.1375E-03  1.032    
  20      0.8100368E-02 0.5994E-03  0.8123952E-02 0.1340E-03 0.9776    
  21      0.8589303E-02 0.5989E-03  0.8148997E-02 0.1308E-03 0.9550    
  22      0.7763322E-02 0.5997E-03  0.8132796E-02 0.1278E-03 0.9302    
  23      0.8581912E-02 0.5990E-03  0.8154768E-02 0.1250E-03 0.9102    
  24      0.7819138E-02 0.5999E-03  0.8141704E-02 0.1223E-03 0.8853    
  25      0.8025796E-02 0.5992E-03  0.8137129E-02 0.1199E-03 0.8504    
  26      0.8069498E-02 0.5995E-03  0.8134536E-02 0.1175E-03 0.8170    
  27      0.8482241E-02 0.5993E-03  0.8148675E-02 0.1153E-03 0.7962    
  28      0.1005406E-01 0.5994E-03  0.8251626E-02 0.1133E-03  1.288    
  29      0.7480111E-02 0.5994E-03  0.8229224E-02 0.1113E-03  1.297    
  30      0.8321130E-02 0.5996E-03  0.8232410E-02 0.1094E-03  1.252    
   
   
 Integral Plus:   8.2324099934033435E-003 +-   1.0942660748988528E-004
 with chisq    =   1.2515695224123495     
  
  
  
 For xq =          400 
  
 RM48 INITIALIZED:        40           0         0



 INPUT PARAMETERS FOR VEGAS:  NDIM=  4  NCALL=  457773282.
                              IT=    0  ITMX=   15
                              MDS= -1   ND=  41
   1      0.3604652E-04 0.2442E-04  0.3604652E-04 0.2442E-04  0.000    
   2      0.3947721E-04 0.6508E-05  0.3928545E-04 0.6055E-05 0.1694E-01
   3      0.3665031E-04 0.4550E-05  0.3763918E-04 0.3672E-05 0.6902E-01
   4      0.3640630E-04 0.4045E-05  0.3709902E-04 0.2734E-05 0.6332E-01
   5      0.3320043E-04 0.3863E-05  0.3598615E-04 0.2264E-05 0.2007    
   6      0.3531263E-04 0.3777E-05  0.3581606E-04 0.1947E-05 0.1667    
   7      0.3756537E-04 0.3742E-05  0.3621061E-04 0.1723E-05 0.1675    
   8      0.4291625E-04 0.3737E-05  0.3773870E-04 0.1550E-05 0.6072    
   9      0.3332497E-04 0.3735E-05  0.3720505E-04 0.1437E-05 0.6688    
  10      0.3604604E-04 0.3737E-05  0.3706153E-04 0.1342E-05 0.6061    
  11      0.3661542E-04 0.3745E-05  0.3701118E-04 0.1264E-05 0.5472    
  12      0.3479436E-04 0.3768E-05  0.3680841E-04 0.1199E-05 0.5277    
  13      0.3875553E-04 0.3776E-05  0.3700607E-04 0.1142E-05 0.5014    
  14      0.3736935E-04 0.3816E-05  0.3703681E-04 0.1094E-05 0.4624    
  15      0.3751584E-04 0.3850E-05  0.3707384E-04 0.1052E-05 0.4294    



 INPUT PARAMETERS FOR VEGAS:  NDIM=  4  NCALL=  664301250.
                              IT=    0  ITMX=   30
                              MDS= -1   ND=  45
   1      0.3705237E-04 0.3130E-05  0.3705237E-04 0.3130E-05  0.000    
   2      0.4080660E-04 0.3125E-05  0.3911335E-04 0.2211E-05 0.7137    
   3      0.4053470E-04 0.3124E-05  0.3961293E-04 0.1805E-05 0.4181    
   4      0.3498430E-04 0.3126E-05  0.3865357E-04 0.1563E-05 0.7749    
   5      0.3781834E-04 0.3126E-05  0.3849075E-04 0.1398E-05 0.5988    
   6      0.3622550E-04 0.3129E-05  0.3814754E-04 0.1276E-05 0.5686    
   7      0.3444859E-04 0.3125E-05  0.3770084E-04 0.1182E-05 0.6595    
   8      0.3894041E-04 0.3128E-05  0.3786632E-04 0.1105E-05 0.5805    
   9      0.3986523E-04 0.3127E-05  0.3811177E-04 0.1042E-05 0.5508    
  10      0.3836439E-04 0.3125E-05  0.3813760E-04 0.9887E-06 0.4891    
  11      0.3744942E-04 0.3124E-05  0.3807649E-04 0.9426E-06 0.4456    
  12      0.3422053E-04 0.3128E-05  0.3781086E-04 0.9025E-06 0.5179    
  13      0.3551285E-04 0.3127E-05  0.3765208E-04 0.8671E-06 0.5164    
  14      0.3617655E-04 0.3125E-05  0.3755325E-04 0.8355E-06 0.4940    
  15      0.3866633E-04 0.3124E-05  0.3763242E-04 0.8072E-06 0.4655    
  16      0.3851110E-04 0.3128E-05  0.3769018E-04 0.7816E-06 0.4381    
  17      0.4006826E-04 0.3128E-05  0.3784821E-04 0.7582E-06 0.4455    
  18      0.3745915E-04 0.3121E-05  0.3782676E-04 0.7368E-06 0.4204    
  19      0.3804745E-04 0.3127E-05  0.3783859E-04 0.7172E-06 0.3969    
  20      0.4078918E-04 0.3124E-05  0.3801016E-04 0.6990E-06 0.4242    
  21      0.3539130E-04 0.3128E-05  0.3790060E-04 0.6822E-06 0.4350    
  22      0.3650729E-04 0.3127E-05  0.3784120E-04 0.6665E-06 0.4240    
  23      0.4065841E-04 0.3123E-05  0.3798306E-04 0.6518E-06 0.4424    
  24      0.3984502E-04 0.3131E-05  0.3806850E-04 0.6381E-06 0.4375    
  25      0.4253998E-04 0.3128E-05  0.3829125E-04 0.6253E-06 0.5158    
  26      0.3777192E-04 0.3122E-05  0.3827155E-04 0.6131E-06 0.4965    
  27      0.4206914E-04 0.3133E-05  0.3844105E-04 0.6017E-06 0.5389    
  28      0.4071928E-04 0.3124E-05  0.3853301E-04 0.5908E-06 0.5378    
  29      0.4033405E-04 0.3124E-05  0.3860159E-04 0.5805E-06 0.5293    
  30      0.4079132E-04 0.3125E-05  0.3868365E-04 0.5708E-06 0.5272    
   
   
 Integral Plus:   3.8683652847643765E-005 +-   5.7076214396825988E-007
 with chisq    =  0.52717422849603757     
  
  
  
 For xq =          700 
  
 RM48 INITIALIZED:        40           0         0



 INPUT PARAMETERS FOR VEGAS:  NDIM=  4  NCALL=  457773282.
                              IT=    0  ITMX=   15
                              MDS= -1   ND=  41
   1      0.5184825E-05 0.1575E-05  0.5184825E-05 0.1575E-05  0.000    
   2      0.4580800E-05 0.4799E-06  0.4644974E-05 0.4845E-06 0.1476    
   3      0.3602181E-05 0.3790E-06  0.4155060E-05 0.3247E-06  1.371    
   4      0.3876561E-05 0.3517E-06  0.4047233E-05 0.2459E-06  1.079    
   5      0.3005042E-05 0.3431E-06  0.3842496E-05 0.2085E-06  1.890    
   6      0.4049250E-05 0.3383E-06  0.3897979E-05 0.1778E-06  1.574    
   7      0.4063061E-05 0.3376E-06  0.3933208E-05 0.1575E-06  1.346    
   8      0.3955215E-05 0.3367E-06  0.3936927E-05 0.1429E-06  1.165    
   9      0.3963499E-05 0.3375E-06  0.3940767E-05 0.1318E-06  1.026    
  10      0.4557285E-05 0.3389E-06  0.4038941E-05 0.1223E-06  1.268    
  11      0.3779995E-05 0.3412E-06  0.4013679E-05 0.1154E-06  1.202    
  12      0.4288861E-05 0.3425E-06  0.4044176E-05 0.1092E-06  1.141    
  13      0.4141339E-05 0.3448E-06  0.4053166E-05 0.1041E-06  1.050    
  14      0.3804430E-05 0.3473E-06  0.4035391E-05 0.9982E-07  1.011    
  15      0.3810643E-05 0.3486E-06  0.4020459E-05 0.9602E-07 0.9717    



 INPUT PARAMETERS FOR VEGAS:  NDIM=  4  NCALL=  664301250.
                              IT=    0  ITMX=   30
                              MDS= -1   ND=  45
   1      0.3580699E-05 0.2838E-06  0.3580699E-05 0.2838E-06  0.000    
   2      0.4125382E-05 0.2840E-06  0.3891166E-05 0.2007E-06  1.804    
   3      0.3536548E-05 0.2836E-06  0.3786268E-05 0.1639E-06  1.441    
   4      0.4208893E-05 0.2840E-06  0.3910813E-05 0.1419E-06  1.518    
   5      0.4091778E-05 0.2838E-06  0.3950274E-05 0.1269E-06  1.199    
   6      0.3850696E-05 0.2841E-06  0.3934183E-05 0.1159E-06 0.9850    
   7      0.3865150E-05 0.2840E-06  0.3924512E-05 0.1073E-06 0.8317    
   8      0.3839808E-05 0.2838E-06  0.3914214E-05 0.1004E-06 0.7266    
   9      0.3787955E-05 0.2846E-06  0.3900923E-05 0.9466E-07 0.6605    
  10      0.3285778E-05 0.2833E-06  0.3855376E-05 0.8978E-07 0.9619    
  11      0.3489145E-05 0.2838E-06  0.3827251E-05 0.8560E-07  1.009    
  12      0.3611970E-05 0.2833E-06  0.3810823E-05 0.8194E-07 0.9688    
  13      0.4038245E-05 0.2836E-06  0.3830583E-05 0.7872E-07 0.9338    
  14      0.4135641E-05 0.2839E-06  0.3856008E-05 0.7586E-07 0.9459    
  15      0.4680067E-05 0.2842E-06  0.3935352E-05 0.7330E-07  1.636    
  16      0.4377918E-05 0.2838E-06  0.3969824E-05 0.7097E-07  1.688    
  17      0.4278100E-05 0.2841E-06  0.3991123E-05 0.6885E-07  1.646    
  18      0.3667145E-05 0.2838E-06  0.3975433E-05 0.6691E-07  1.624    
  19      0.4222450E-05 0.2843E-06  0.3990280E-05 0.6513E-07  1.567    
  20      0.3776236E-05 0.2839E-06  0.3980437E-05 0.6349E-07  1.517    
  21      0.4017710E-05 0.2840E-06  0.3982281E-05 0.6196E-07  1.439    
  22      0.4053821E-05 0.2838E-06  0.3985714E-05 0.6053E-07  1.370    
  23      0.3664898E-05 0.2842E-06  0.3973631E-05 0.5920E-07  1.364    
  24      0.4048272E-05 0.2837E-06  0.3976920E-05 0.5795E-07  1.304    
  25      0.4315799E-05 0.2840E-06  0.3993057E-05 0.5678E-07  1.307    
  26      0.4259168E-05 0.2837E-06  0.4004871E-05 0.5568E-07  1.286    
  27      0.4149903E-05 0.2835E-06  0.4010744E-05 0.5464E-07  1.243    
  28      0.3924702E-05 0.2835E-06  0.4007736E-05 0.5365E-07  1.201    
  29      0.3660918E-05 0.2838E-06  0.3997521E-05 0.5271E-07  1.208    
  30      0.3707377E-05 0.2836E-06  0.3988999E-05 0.5183E-07  1.202    
   
   
 Integral Plus:   3.9889991875841876E-006 +-   5.1827131747786458E-008
 with chisq    =   1.2024609442223197     
  
  
  
 For xq =         1000 
  
 RM48 INITIALIZED:        40           0         0



 INPUT PARAMETERS FOR VEGAS:  NDIM=  4  NCALL=  457773282.
                              IT=    0  ITMX=   15
                              MDS= -1   ND=  41
   1      0.6017998E-06 0.2417E-06  0.6017998E-06 0.2417E-06  0.000    
   2      0.8590749E-06 0.8450E-07  0.8445180E-06 0.7086E-07 0.7037    
   3      0.9868391E-06 0.6880E-07  0.9373829E-06 0.4683E-07  1.327    
   4      0.9669992E-06 0.6527E-07  0.9495393E-06 0.3751E-07 0.8634    
   5      0.8100642E-06 0.6405E-07  0.9174301E-06 0.3248E-07  1.481    
   6      0.9152849E-06 0.6358E-07  0.9169372E-06 0.2885E-07  1.158    
   7      0.8075912E-06 0.6349E-07  0.9003074E-06 0.2631E-07  1.354    
   8      0.8832161E-06 0.6354E-07  0.8976799E-06 0.2429E-07  1.162    
   9      0.7652784E-06 0.6385E-07  0.8840986E-06 0.2274E-07  1.431    
  10      0.9348938E-06 0.6405E-07  0.8908053E-06 0.2141E-07  1.318    
  11      0.9028288E-06 0.6448E-07  0.8921079E-06 0.2031E-07  1.178    
  12      0.9347884E-06 0.6491E-07  0.8964958E-06 0.1937E-07  1.097    
  13      0.9075412E-06 0.6537E-07  0.8974590E-06 0.1857E-07  1.001    
  14      0.9225202E-06 0.6594E-07  0.8994979E-06 0.1787E-07 0.9277    
  15      0.7955738E-06 0.6622E-07  0.8936152E-06 0.1726E-07  1.010    



 INPUT PARAMETERS FOR VEGAS:  NDIM=  4  NCALL=  664301250.
                              IT=    0  ITMX=   30
                              MDS= -1   ND=  45
   1      0.8184053E-06 0.5375E-07  0.8184053E-06 0.5375E-07  0.000    
   2      0.8666355E-06 0.5383E-07  0.8438647E-06 0.3804E-07 0.4007    
   3      0.8596068E-06 0.5379E-07  0.8492511E-06 0.3106E-07 0.2266    
   4      0.8545396E-06 0.5378E-07  0.8505877E-06 0.2689E-07 0.1530    
   5      0.9274843E-06 0.5386E-07  0.8681903E-06 0.2406E-07 0.5612    
   6      0.8795174E-06 0.5373E-07  0.8701317E-06 0.2196E-07 0.4542    
   7      0.8182428E-06 0.5389E-07  0.8634629E-06 0.2034E-07 0.5061    
   8      0.8720730E-06 0.5387E-07  0.8645605E-06 0.1903E-07 0.4357    
   9      0.9361363E-06 0.5390E-07  0.8737184E-06 0.1794E-07 0.5959    
  10      0.8520845E-06 0.5380E-07  0.8716383E-06 0.1702E-07 0.5476    
  11      0.8710410E-06 0.5375E-07  0.8715836E-06 0.1623E-07 0.4926    
  12      0.9178052E-06 0.5372E-07  0.8758494E-06 0.1553E-07 0.5111    
  13      0.9883455E-06 0.5382E-07  0.8866875E-06 0.1492E-07 0.8708    
  14      0.8876003E-06 0.5380E-07  0.8867533E-06 0.1438E-07 0.8033    
  15      0.9640589E-06 0.5388E-07  0.8928016E-06 0.1389E-07 0.8960    
  16      0.9094370E-06 0.5388E-07  0.8938842E-06 0.1345E-07 0.8400    
  17      0.8981556E-06 0.5388E-07  0.8941391E-06 0.1305E-07 0.7870    
  18      0.7800973E-06 0.5385E-07  0.8892200E-06 0.1269E-07 0.9466    
  19      0.9645100E-06 0.5388E-07  0.8938728E-06 0.1235E-07  1.005    
  20      0.8927120E-06 0.5379E-07  0.8938142E-06 0.1204E-07 0.9518    
  21      0.9288688E-06 0.5388E-07  0.8956237E-06 0.1175E-07 0.9221    
  22      0.8786045E-06 0.5384E-07  0.8948714E-06 0.1148E-07 0.8837    
  23      0.8661394E-06 0.5389E-07  0.8936902E-06 0.1122E-07 0.8573    
  24      0.8606477E-06 0.5379E-07  0.8923966E-06 0.1099E-07 0.8370    
  25      0.9396606E-06 0.5384E-07  0.8945002E-06 0.1077E-07 0.8325    
  26      0.9072669E-06 0.5380E-07  0.8950095E-06 0.1056E-07 0.8003    
  27      0.8919191E-06 0.5384E-07  0.8948949E-06 0.1036E-07 0.7696    
  28      0.8034794E-06 0.5382E-07  0.8922230E-06 0.1017E-07 0.8310    
  29      0.7780467E-06 0.5384E-07  0.8891791E-06 0.9996E-08 0.9287    
  30      0.9090395E-06 0.5375E-07  0.8898788E-06 0.9827E-08 0.8998    
   
   
 Integral Plus:   8.8987881403330826E-007 +-   9.8273062620766749E-009
 with chisq    =  0.89977288126920807     
  
  
  
 For xq =         1300 
  
 RM48 INITIALIZED:        40           0         0



 INPUT PARAMETERS FOR VEGAS:  NDIM=  4  NCALL=  457773282.
                              IT=    0  ITMX=   15
                              MDS= -1   ND=  41
   1      0.1978496E-06 0.5690E-07  0.1978496E-06 0.5690E-07  0.000    
   2      0.2669959E-06 0.2140E-07  0.2620130E-06 0.1814E-07 0.9716    
   3      0.2752079E-06 0.1789E-07  0.2697324E-06 0.1239E-07 0.5700    
   4      0.2633495E-06 0.1720E-07  0.2673901E-06 0.1000E-07 0.4007    
   5      0.2735840E-06 0.1691E-07  0.2691910E-06 0.8565E-08 0.3175    
   6      0.2875641E-06 0.1684E-07  0.2736849E-06 0.7599E-08 0.4598    
   7      0.2477304E-06 0.1684E-07  0.2696977E-06 0.6937E-08 0.6926    
   8      0.3045480E-06 0.1682E-07  0.2762765E-06 0.6390E-08  1.218    
   9      0.3052753E-06 0.1685E-07  0.2808889E-06 0.5961E-08  1.426    
  10      0.2767354E-06 0.1694E-07  0.2804134E-06 0.5622E-08  1.268    
  11      0.2798000E-06 0.1704E-07  0.2803498E-06 0.5337E-08  1.135    
  12      0.2580661E-06 0.1724E-07  0.2785832E-06 0.5100E-08  1.167    
  13      0.2255353E-06 0.1735E-07  0.2755892E-06 0.4895E-08  1.617    
  14      0.2822400E-06 0.1742E-07  0.2761252E-06 0.4712E-08  1.492    
  15      0.2656801E-06 0.1767E-07  0.2754470E-06 0.4553E-08  1.411    



 INPUT PARAMETERS FOR VEGAS:  NDIM=  4  NCALL=  664301250.
                              IT=    0  ITMX=   30
                              MDS= -1   ND=  45
   1      0.2660018E-06 0.1425E-07  0.2660018E-06 0.1425E-07  0.000    
   2      0.2758743E-06 0.1426E-07  0.2711135E-06 0.1008E-07 0.2396    
   3      0.2673394E-06 0.1426E-07  0.2698790E-06 0.8230E-08 0.1440    
   4      0.2794775E-06 0.1424E-07  0.2724121E-06 0.7126E-08 0.2118    
   5      0.2643865E-06 0.1426E-07  0.2708815E-06 0.6374E-08 0.2218    
   6      0.2797488E-06 0.1423E-07  0.2724469E-06 0.5817E-08 0.2430    
   7      0.2746485E-06 0.1427E-07  0.2727655E-06 0.5386E-08 0.2055    
   8      0.2762968E-06 0.1425E-07  0.2732173E-06 0.5039E-08 0.1833    
   9      0.2872541E-06 0.1428E-07  0.2749174E-06 0.4752E-08 0.2747    
  10      0.2935709E-06 0.1426E-07  0.2770178E-06 0.4508E-08 0.4308    
  11      0.2596695E-06 0.1428E-07  0.2756165E-06 0.4299E-08 0.5129    
  12      0.2862001E-06 0.1426E-07  0.2765647E-06 0.4116E-08 0.5121    
  13      0.2951099E-06 0.1427E-07  0.2781755E-06 0.3954E-08 0.6097    
  14      0.2658924E-06 0.1427E-07  0.2773668E-06 0.3811E-08 0.6153    
  15      0.2756352E-06 0.1426E-07  0.2772523E-06 0.3681E-08 0.5726    
  16      0.2879513E-06 0.1424E-07  0.2779744E-06 0.3564E-08 0.5695    
  17      0.2563057E-06 0.1424E-07  0.2768739E-06 0.3458E-08 0.6569    
  18      0.2953727E-06 0.1426E-07  0.2780390E-06 0.3360E-08 0.7185    
  19      0.2825962E-06 0.1426E-07  0.2782875E-06 0.3271E-08 0.6828    
  20      0.2926472E-06 0.1425E-07  0.2790818E-06 0.3188E-08 0.6991    
  21      0.2892713E-06 0.1425E-07  0.2796042E-06 0.3111E-08 0.6877    
  22      0.2768706E-06 0.1425E-07  0.2794815E-06 0.3039E-08 0.6570    
  23      0.2758312E-06 0.1428E-07  0.2793265E-06 0.2973E-08 0.6305    
  24      0.2716233E-06 0.1422E-07  0.2790194E-06 0.2910E-08 0.6160    
  25      0.2928705E-06 0.1425E-07  0.2796304E-06 0.2851E-08 0.6293    
  26      0.2739482E-06 0.1427E-07  0.2794198E-06 0.2796E-08 0.6109    
  27      0.2722974E-06 0.1424E-07  0.2791673E-06 0.2743E-08 0.5972    
  28      0.2884806E-06 0.1424E-07  0.2795240E-06 0.2694E-08 0.5899    
  29      0.2652698E-06 0.1427E-07  0.2790787E-06 0.2647E-08 0.6021    
  30      0.2759425E-06 0.1425E-07  0.2789759E-06 0.2603E-08 0.5832    
   
   
 Integral Plus:   2.7897592862653516E-007 +-   2.6026524859407154E-009
 with chisq    =  0.58324376973955883     
  
  
  
 For xq =         1600 
  
 RM48 INITIALIZED:        40           0         0



 INPUT PARAMETERS FOR VEGAS:  NDIM=  4  NCALL=  457773282.
                              IT=    0  ITMX=   15
                              MDS= -1   ND=  41
   1      0.1076065E-06 0.1661E-07  0.1076065E-06 0.1661E-07  0.000    
   2      0.9284462E-07 0.6643E-08  0.9545623E-07 0.6523E-08 0.7457    
   3      0.9830473E-07 0.5689E-08  0.9704318E-07 0.4310E-08 0.4322    
   4      0.1088704E-06 0.5516E-08  0.1020218E-06 0.3357E-08  1.284    
   5      0.9227630E-07 0.5440E-08  0.9971087E-07 0.2878E-08  1.518    
   6      0.9791956E-07 0.5423E-08  0.9933139E-07 0.2545E-08  1.240    
   7      0.1046522E-06 0.5430E-08  0.1003659E-06 0.2300E-08  1.159    
   8      0.1046832E-06 0.5429E-08  0.1010691E-06 0.2116E-08  1.064    
   9      0.9519227E-07 0.5458E-08  0.1003782E-06 0.1975E-08  1.058    
  10      0.1035243E-06 0.5460E-08  0.1007620E-06 0.1856E-08 0.9687    
  11      0.1020544E-06 0.5502E-08  0.1008971E-06 0.1759E-08 0.8748    
  12      0.1021044E-06 0.5565E-08  0.1010092E-06 0.1677E-08 0.7976    
  13      0.1024480E-06 0.5599E-08  0.1011308E-06 0.1606E-08 0.7347    
  14      0.9942794E-07 0.5638E-08  0.1010069E-06 0.1545E-08 0.6860    
  15      0.1037997E-06 0.5676E-08  0.1012096E-06 0.1490E-08 0.6515    



 INPUT PARAMETERS FOR VEGAS:  NDIM=  4  NCALL=  664301250.
                              IT=    0  ITMX=   30
                              MDS= -1   ND=  45
   1      0.1023922E-06 0.4599E-08  0.1023922E-06 0.4599E-08  0.000    
   2      0.9639705E-07 0.4601E-08  0.9957675E-07 0.3253E-08 0.8463    
   3      0.1023905E-06 0.4589E-08  0.1005545E-06 0.2654E-08 0.5423    
   4      0.9684050E-07 0.4593E-08  0.9967490E-07 0.2298E-08 0.5254    
   5      0.9966018E-07 0.4599E-08  0.9967195E-07 0.2055E-08 0.3939    
   6      0.1000462E-06 0.4586E-08  0.9973506E-07 0.1876E-08 0.3157    
   7      0.1002428E-06 0.4594E-08  0.9980835E-07 0.1736E-08 0.2644    
   8      0.1077143E-06 0.4592E-08  0.1009387E-06 0.1624E-08 0.6368    
   9      0.1046300E-06 0.4588E-08  0.1013781E-06 0.1531E-08 0.6286    
  10      0.1044754E-06 0.4599E-08  0.1017052E-06 0.1453E-08 0.6028    
  11      0.1022641E-06 0.4591E-08  0.1017567E-06 0.1385E-08 0.5432    
  12      0.9990378E-07 0.4592E-08  0.1016069E-06 0.1326E-08 0.5083    
  13      0.1039853E-06 0.4594E-08  0.1017983E-06 0.1274E-08 0.4857    
  14      0.9748222E-07 0.4600E-08  0.1015139E-06 0.1228E-08 0.5094    
  15      0.9519109E-07 0.4589E-08  0.1011385E-06 0.1186E-08 0.5902    
  16      0.9718580E-07 0.4590E-08  0.1009082E-06 0.1148E-08 0.5967    
  17      0.1022497E-06 0.4592E-08  0.1009894E-06 0.1114E-08 0.5636    
  18      0.1037754E-06 0.4593E-08  0.1011528E-06 0.1083E-08 0.5502    
  19      0.9802936E-07 0.4599E-08  0.1009978E-06 0.1054E-08 0.5442    
  20      0.1066638E-06 0.4588E-08  0.1013137E-06 0.1027E-08 0.5968    
  21      0.1090247E-06 0.4592E-08  0.1017374E-06 0.1002E-08 0.7163    
  22      0.1063388E-06 0.4590E-08  0.1019661E-06 0.9793E-09 0.7289    
  23      0.1052348E-06 0.4587E-08  0.1021180E-06 0.9577E-09 0.7171    
  24      0.1073782E-06 0.4600E-08  0.1023595E-06 0.9376E-09 0.7427    
  25      0.1057780E-06 0.4588E-08  0.1025061E-06 0.9186E-09 0.7334    
  26      0.1013651E-06 0.4597E-08  0.1024630E-06 0.9008E-09 0.7069    
  27      0.1017510E-06 0.4589E-08  0.1024369E-06 0.8839E-09 0.6808    
  28      0.1129650E-06 0.4586E-08  0.1028937E-06 0.8679E-09 0.8767    
  29      0.1035935E-06 0.4592E-08  0.1029183E-06 0.8528E-09 0.8456    
  30      0.9685539E-07 0.4592E-08  0.1027377E-06 0.8385E-09 0.8716    
   
   
 Integral Plus:   1.0273770472006914E-007 +-   8.3848243771209090E-010
 with chisq    =  0.87159032372772693     
  
  
  
 For xq =         1900 
  
 RM48 INITIALIZED:        40           0         0



 INPUT PARAMETERS FOR VEGAS:  NDIM=  4  NCALL=  457773282.
                              IT=    0  ITMX=   15
                              MDS= -1   ND=  41
   1      0.3723381E-07 0.5606E-08  0.3723381E-07 0.5606E-08  0.000    
   2      0.3869905E-07 0.2329E-08  0.3849711E-07 0.2122E-08 0.5663E-01
   3      0.4416223E-07 0.2036E-08  0.4186811E-07 0.1428E-08  1.922    
   4      0.4072086E-07 0.1982E-08  0.4146865E-07 0.1157E-08  1.347    
   5      0.4336130E-07 0.1966E-08  0.4201067E-07 0.9927E-09  1.165    
   6      0.4018314E-07 0.1957E-08  0.4164750E-07 0.8859E-09  1.073    
   7      0.4207751E-07 0.1949E-08  0.4172496E-07 0.8058E-09 0.8930    
   8      0.4456213E-07 0.1963E-08  0.4219638E-07 0.7441E-09  1.036    
   9      0.4454558E-07 0.1964E-08  0.4253057E-07 0.6951E-09  1.065    
  10      0.4222506E-07 0.1963E-08  0.4249591E-07 0.6551E-09 0.9476    
  11      0.4444125E-07 0.1979E-08  0.4270984E-07 0.6217E-09 0.9389    
  12      0.4109127E-07 0.1999E-08  0.4257321E-07 0.5937E-09 0.9091    
  13      0.4205768E-07 0.2013E-08  0.4253184E-07 0.5694E-09 0.8382    
  14      0.4522988E-07 0.2032E-08  0.4275691E-07 0.5482E-09 0.9075    
  15      0.4509840E-07 0.2042E-08  0.4293467E-07 0.5295E-09 0.9329    



 INPUT PARAMETERS FOR VEGAS:  NDIM=  4  NCALL=  664301250.
                              IT=    0  ITMX=   30
                              MDS= -1   ND=  45
   1      0.4022583E-07 0.1657E-08  0.4022583E-07 0.1657E-08  0.000    
   2      0.4410341E-07 0.1660E-08  0.4233985E-07 0.1173E-08  2.710    
   3      0.4295845E-07 0.1658E-08  0.4255100E-07 0.9576E-09  1.386    
   4      0.4263603E-07 0.1659E-08  0.4257238E-07 0.8293E-09 0.9227    
   5      0.4423968E-07 0.1662E-08  0.4292651E-07 0.7421E-09 0.8918    
   6      0.4138265E-07 0.1658E-08  0.4268361E-07 0.6774E-09 0.8593    
   7      0.4315335E-07 0.1661E-08  0.4275205E-07 0.6272E-09 0.7251    
   8      0.4264426E-07 0.1659E-08  0.4273860E-07 0.5867E-09 0.6222    
   9      0.4281494E-07 0.1661E-08  0.4274712E-07 0.5532E-09 0.5443    
  10      0.4464054E-07 0.1664E-08  0.4295129E-07 0.5250E-09 0.6185    
  11      0.4073250E-07 0.1657E-08  0.4276714E-07 0.5004E-09 0.7112    
  12      0.4187365E-07 0.1659E-08  0.4269527E-07 0.4791E-09 0.6721    
  13      0.4369532E-07 0.1664E-08  0.4277541E-07 0.4604E-09 0.6427    
  14      0.4075317E-07 0.1663E-08  0.4264352E-07 0.4437E-09 0.6945    
  15      0.4559923E-07 0.1659E-08  0.4286746E-07 0.4286E-09 0.8765    
  16      0.4231674E-07 0.1660E-08  0.4283375E-07 0.4150E-09 0.8259    
  17      0.4743520E-07 0.1660E-08  0.4316246E-07 0.4026E-09  1.305    
  18      0.4241406E-07 0.1658E-08  0.4312192E-07 0.3913E-09  1.242    
  19      0.4519062E-07 0.1661E-08  0.4324130E-07 0.3808E-09  1.255    
  20      0.4573673E-07 0.1658E-08  0.4338105E-07 0.3712E-09  1.308    
  21      0.4286597E-07 0.1659E-08  0.4335694E-07 0.3622E-09  1.248    
  22      0.4155128E-07 0.1658E-08  0.4328070E-07 0.3539E-09  1.243    
  23      0.4403353E-07 0.1658E-08  0.4331475E-07 0.3461E-09  1.194    
  24      0.4276543E-07 0.1655E-08  0.4329218E-07 0.3388E-09  1.147    
  25      0.4154502E-07 0.1661E-08  0.4322741E-07 0.3319E-09  1.144    
  26      0.4300466E-07 0.1659E-08  0.4321889E-07 0.3255E-09  1.099    
  27      0.4015123E-07 0.1658E-08  0.4311972E-07 0.3194E-09  1.173    
  28      0.4366394E-07 0.1657E-08  0.4313979E-07 0.3136E-09  1.132    
  29      0.4147077E-07 0.1661E-08  0.4308633E-07 0.3082E-09  1.127    
  30      0.4192622E-07 0.1663E-08  0.4304963E-07 0.3030E-09  1.105    
   
   
 Integral Plus:   4.3049632524610657E-008 +-   3.0300021893369345E-010
 with chisq    =   1.1054049185239871     
  
  
  
 For xq =         2200 
  
 RM48 INITIALIZED:        40           0         0



 INPUT PARAMETERS FOR VEGAS:  NDIM=  4  NCALL=  457773282.
                              IT=    0  ITMX=   15
                              MDS= -1   ND=  41
   1      0.2121898E-07 0.2136E-08  0.2121898E-07 0.2136E-08  0.000    
   2      0.1982653E-07 0.8957E-09  0.2006005E-07 0.8463E-09 0.3778    
   3      0.1962531E-07 0.7978E-09  0.1983968E-07 0.5857E-09 0.2634    
   4      0.1976876E-07 0.7819E-09  0.1981495E-07 0.4699E-09 0.1794    
   5      0.2020174E-07 0.7773E-09  0.1991910E-07 0.4020E-09 0.1798    
   6      0.1891780E-07 0.7750E-09  0.1972693E-07 0.3578E-09 0.3896    
   7      0.1908888E-07 0.7756E-09  0.1962275E-07 0.3254E-09 0.4161    
   8      0.1986214E-07 0.7762E-09  0.1965866E-07 0.3001E-09 0.3681    
   9      0.1910033E-07 0.7826E-09  0.1959161E-07 0.2803E-09 0.3770    
  10      0.2041671E-07 0.7855E-09  0.1969052E-07 0.2639E-09 0.4474    
  11      0.1977543E-07 0.7915E-09  0.1969898E-07 0.2504E-09 0.4039    
  12      0.1990748E-07 0.8038E-09  0.1971759E-07 0.2390E-09 0.3725    
  13      0.1933205E-07 0.8042E-09  0.1968770E-07 0.2292E-09 0.3596    
  14      0.1990933E-07 0.8119E-09  0.1970425E-07 0.2205E-09 0.3370    
  15      0.2000217E-07 0.8092E-09  0.1972525E-07 0.2128E-09 0.3216    



 INPUT PARAMETERS FOR VEGAS:  NDIM=  4  NCALL=  664301250.
                              IT=    0  ITMX=   30
                              MDS= -1   ND=  45
   1      0.1789169E-07 0.6580E-09  0.1789169E-07 0.6580E-09  0.000    
   2      0.1879866E-07 0.6592E-09  0.1836675E-07 0.4657E-09 0.9459    
   3      0.2020976E-07 0.6564E-09  0.1906554E-07 0.3798E-09  3.213    
   4      0.2068948E-07 0.6592E-09  0.1952450E-07 0.3291E-09  3.692    
   5      0.1981726E-07 0.6590E-09  0.1958481E-07 0.2944E-09  2.788    
   6      0.1943111E-07 0.6558E-09  0.1955920E-07 0.2686E-09  2.242    
   7      0.1807827E-07 0.6590E-09  0.1937411E-07 0.2487E-09  2.553    
   8      0.1966930E-07 0.6586E-09  0.1941220E-07 0.2327E-09  2.203    
   9      0.1892442E-07 0.6583E-09  0.1936010E-07 0.2194E-09  1.996    
  10      0.1891202E-07 0.6563E-09  0.1931668E-07 0.2081E-09  1.826    
  11      0.1902126E-07 0.6576E-09  0.1929040E-07 0.1984E-09  1.666    
  12      0.1878277E-07 0.6585E-09  0.1924999E-07 0.1899E-09  1.568    
  13      0.1835373E-07 0.6572E-09  0.1918643E-07 0.1825E-09  1.579    
  14      0.1888629E-07 0.6579E-09  0.1916551E-07 0.1758E-09  1.475    
  15      0.2089493E-07 0.6569E-09  0.1930184E-07 0.1699E-09  1.890    
  16      0.1937772E-07 0.6572E-09  0.1930665E-07 0.1644E-09  1.763    
  17      0.1877010E-07 0.6565E-09  0.1927645E-07 0.1595E-09  1.695    
  18      0.1983181E-07 0.6578E-09  0.1930916E-07 0.1550E-09  1.632    
  19      0.1877305E-07 0.6574E-09  0.1928225E-07 0.1509E-09  1.578    
  20      0.1977569E-07 0.6568E-09  0.1930833E-07 0.1471E-09  1.521    
  21      0.1908504E-07 0.6564E-09  0.1929785E-07 0.1435E-09  1.451    
  22      0.1834473E-07 0.6587E-09  0.1925847E-07 0.1402E-09  1.475    
  23      0.1942353E-07 0.6565E-09  0.1926583E-07 0.1371E-09  1.410    
  24      0.1967349E-07 0.6582E-09  0.1928355E-07 0.1342E-09  1.362    
  25      0.1879111E-07 0.6570E-09  0.1926469E-07 0.1315E-09  1.330    
  26      0.1994088E-07 0.6572E-09  0.1929263E-07 0.1290E-09  1.316    
  27      0.1878140E-07 0.6570E-09  0.1927455E-07 0.1265E-09  1.289    
  28      0.1990745E-07 0.6573E-09  0.1929872E-07 0.1243E-09  1.274    
  29      0.1821279E-07 0.6581E-09  0.1926516E-07 0.1221E-09  1.317    
  30      0.1943487E-07 0.6581E-09  0.1927093E-07 0.1201E-09  1.273    
   
   
 Integral Plus:   1.9270926109265897E-008 +-   1.2005881319046322E-010
 with chisq    =   1.2731252552665049     
  
  
  
 For xq =         2500 
  
 RM48 INITIALIZED:        40           0         0



 INPUT PARAMETERS FOR VEGAS:  NDIM=  4  NCALL=  457773282.
                              IT=    0  ITMX=   15
                              MDS= -1   ND=  41
   1      0.9508495E-08 0.8519E-09  0.9508495E-08 0.8519E-09  0.000    
   2      0.9209102E-08 0.3678E-09  0.9258741E-08 0.3414E-09 0.1063    
   3      0.9459367E-08 0.3322E-09  0.9362867E-08 0.2376E-09 0.1418    
   4      0.9271913E-08 0.3259E-09  0.9331826E-08 0.1923E-09 0.1119    
   5      0.8773182E-08 0.3240E-09  0.9199894E-08 0.1660E-09 0.5970    
   6      0.9254356E-08 0.3232E-09  0.9211269E-08 0.1476E-09 0.4820    
   7      0.9073511E-08 0.3228E-09  0.9188184E-08 0.1343E-09 0.4283    
   8      0.9203294E-08 0.3242E-09  0.9190389E-08 0.1241E-09 0.3676    
   9      0.8783316E-08 0.3250E-09  0.9142831E-08 0.1160E-09 0.4837    
  10      0.9447803E-08 0.3251E-09  0.9179124E-08 0.1092E-09 0.5182    
  11      0.8916801E-08 0.3292E-09  0.9154540E-08 0.1037E-09 0.5233    
  12      0.9092864E-08 0.3325E-09  0.9149164E-08 0.9901E-10 0.4792    
  13      0.9329914E-08 0.3368E-09  0.9164004E-08 0.9499E-10 0.4608    
  14      0.9399447E-08 0.3378E-09  0.9182022E-08 0.9144E-10 0.4600    
  15      0.9094179E-08 0.3397E-09  0.9176210E-08 0.8829E-10 0.4321    



 INPUT PARAMETERS FOR VEGAS:  NDIM=  4  NCALL=  664301250.
                              IT=    0  ITMX=   30
                              MDS= -1   ND=  45
   1      0.9077707E-08 0.2752E-09  0.9077707E-08 0.2752E-09  0.000    
   2      0.8856696E-08 0.2763E-09  0.8970351E-08 0.1950E-09 0.3210    
   3      0.9118897E-08 0.2753E-09  0.9021083E-08 0.1591E-09 0.2567    
   4      0.9714488E-08 0.2751E-09  0.9214946E-08 0.1377E-09  1.867    
   5      0.8767723E-08 0.2760E-09  0.9132433E-08 0.1232E-09  1.921    
   6      0.9370883E-08 0.2753E-09  0.9174108E-08 0.1125E-09  1.652    
   7      0.8595533E-08 0.2753E-09  0.9099919E-08 0.1041E-09  1.976    
   8      0.9304041E-08 0.2758E-09  0.9126489E-08 0.9741E-10  1.754    
   9      0.9225631E-08 0.2760E-09  0.9137730E-08 0.9186E-10  1.545    
  10      0.9333029E-08 0.2752E-09  0.9158135E-08 0.8713E-10  1.419    
  11      0.8897271E-08 0.2754E-09  0.9135540E-08 0.8307E-10  1.361    
  12      0.9133289E-08 0.2755E-09  0.9135352E-08 0.7954E-10  1.237    
  13      0.8965107E-08 0.2754E-09  0.9122653E-08 0.7641E-10  1.166    
  14      0.9139281E-08 0.2750E-09  0.9123852E-08 0.7362E-10  1.076    
  15      0.9372694E-08 0.2758E-09  0.9141303E-08 0.7113E-10  1.052    
  16      0.9310709E-08 0.2750E-09  0.9152326E-08 0.6887E-10  1.004    
  17      0.8742990E-08 0.2756E-09  0.9130199E-08 0.6681E-10  1.066    
  18      0.9139963E-08 0.2754E-09  0.9130744E-08 0.6493E-10  1.003    
  19      0.8997620E-08 0.2755E-09  0.9123917E-08 0.6320E-10 0.9606    
  20      0.9156604E-08 0.2752E-09  0.9125569E-08 0.6159E-10 0.9104    
  21      0.8617557E-08 0.2748E-09  0.9103742E-08 0.6010E-10  1.016    
  22      0.9090155E-08 0.2758E-09  0.9103126E-08 0.5873E-10 0.9679    
  23      0.9076395E-08 0.2746E-09  0.9101960E-08 0.5743E-10 0.9244    
  24      0.8856894E-08 0.2756E-09  0.9092257E-08 0.5622E-10 0.9175    
  25      0.9043703E-08 0.2746E-09  0.9090319E-08 0.5508E-10 0.8808    
  26      0.8990409E-08 0.2760E-09  0.9086565E-08 0.5401E-10 0.8512    
  27      0.9173893E-08 0.2750E-09  0.9089876E-08 0.5300E-10 0.8216    
  28      0.9147243E-08 0.2759E-09  0.9091946E-08 0.5205E-10 0.7923    
  29      0.8750126E-08 0.2752E-09  0.9080962E-08 0.5114E-10 0.8155    
  30      0.9408327E-08 0.2756E-09  0.9092652E-08 0.5028E-10 0.8357    
   
   
 Integral Plus:   9.0926520815144182E-009 +-   5.0282578116146919E-011
 with chisq    =  0.83574284668226650     
  
  
  
 For xq =         2800 
  
 RM48 INITIALIZED:        40           0         0



 INPUT PARAMETERS FOR VEGAS:  NDIM=  4  NCALL=  457773282.
                              IT=    0  ITMX=   15
                              MDS= -1   ND=  41
   1      0.4262353E-08 0.3623E-09  0.4262353E-08 0.3623E-09  0.000    
   2      0.4694753E-08 0.1579E-09  0.4636250E-08 0.1402E-09  1.113    
   3      0.4546156E-08 0.1446E-09  0.4591969E-08 0.1004E-09 0.6518    
   4      0.4533380E-08 0.1422E-09  0.4572294E-08 0.8199E-10 0.4711    
   5      0.4352185E-08 0.1414E-09  0.4519851E-08 0.7106E-10 0.7937    
   6      0.4177007E-08 0.1412E-09  0.4457972E-08 0.6362E-10  1.508    
   7      0.4471137E-08 0.1408E-09  0.4460238E-08 0.5796E-10  1.255    
   8      0.4378233E-08 0.1416E-09  0.4448731E-08 0.5365E-10  1.119    
   9      0.4350393E-08 0.1420E-09  0.4436835E-08 0.5020E-10  1.034    
  10      0.4438533E-08 0.1427E-09  0.4437023E-08 0.4736E-10 0.9187    
  11      0.4245122E-08 0.1440E-09  0.4419637E-08 0.4500E-10 0.9826    
  12      0.4507709E-08 0.1452E-09  0.4427680E-08 0.4298E-10 0.9215    
  13      0.4435569E-08 0.1467E-09  0.4428309E-08 0.4124E-10 0.8444    
  14      0.4570208E-08 0.1479E-09  0.4439211E-08 0.3973E-10 0.8451    
  15      0.4455053E-08 0.1481E-09  0.4440286E-08 0.3837E-10 0.7849    



 INPUT PARAMETERS FOR VEGAS:  NDIM=  4  NCALL=  664301250.
                              IT=    0  ITMX=   30
                              MDS= -1   ND=  45
   1      0.4299292E-08 0.1197E-09  0.4299292E-08 0.1197E-09  0.000    
   2      0.4411036E-08 0.1200E-09  0.4356463E-08 0.8473E-10 0.4346    
   3      0.4325506E-08 0.1201E-09  0.4346270E-08 0.6923E-10 0.2404    
   4      0.4471185E-08 0.1202E-09  0.4378731E-08 0.6000E-10 0.4359    
   5      0.4377576E-08 0.1198E-09  0.4378499E-08 0.5365E-10 0.3269    
   6      0.4256216E-08 0.1201E-09  0.4359082E-08 0.4898E-10 0.4304    
   7      0.4388191E-08 0.1203E-09  0.4363273E-08 0.4536E-10 0.3664    
   8      0.4358569E-08 0.1202E-09  0.4362687E-08 0.4244E-10 0.3143    
   9      0.4616539E-08 0.1202E-09  0.4393779E-08 0.4002E-10 0.8120    
  10      0.4568510E-08 0.1200E-09  0.4412557E-08 0.3797E-10 0.9416    
  11      0.4496063E-08 0.1201E-09  0.4420415E-08 0.3620E-10 0.8897    
  12      0.4427109E-08 0.1199E-09  0.4420977E-08 0.3465E-10 0.8088    
  13      0.4399392E-08 0.1202E-09  0.4419335E-08 0.3330E-10 0.7443    
  14      0.4467190E-08 0.1199E-09  0.4422836E-08 0.3208E-10 0.6975    
  15      0.4351594E-08 0.1200E-09  0.4418218E-08 0.3100E-10 0.6719    
  16      0.4467585E-08 0.1202E-09  0.4421365E-08 0.3001E-10 0.6369    
  17      0.4257170E-08 0.1200E-09  0.4412355E-08 0.2912E-10 0.7027    
  18      0.4408325E-08 0.1200E-09  0.4412131E-08 0.2830E-10 0.6615    
  19      0.4420254E-08 0.1205E-09  0.4412557E-08 0.2755E-10 0.6248    
  20      0.4531686E-08 0.1202E-09  0.4418820E-08 0.2685E-10 0.6419    
  21      0.4324344E-08 0.1203E-09  0.4414512E-08 0.2620E-10 0.6392    
  22      0.4590120E-08 0.1201E-09  0.4423125E-08 0.2560E-10 0.7110    
  23      0.4633443E-08 0.1200E-09  0.4433138E-08 0.2504E-10 0.8212    
  24      0.4537061E-08 0.1204E-09  0.4437653E-08 0.2451E-10 0.8164    
  25      0.4537526E-08 0.1201E-09  0.4441828E-08 0.2402E-10 0.8097    
  26      0.4551327E-08 0.1202E-09  0.4446242E-08 0.2355E-10 0.8092    
  27      0.4442720E-08 0.1199E-09  0.4446111E-08 0.2311E-10 0.7781    
  28      0.4629253E-08 0.1201E-09  0.4453192E-08 0.2270E-10 0.8367    
  29      0.4436597E-08 0.1200E-09  0.4452622E-08 0.2230E-10 0.8076    
  30      0.4389845E-08 0.1202E-09  0.4450586E-08 0.2193E-10 0.7893    
   
   
 Integral Plus:   4.4505859584491594E-009 +-   2.1925768608368194E-011
 with chisq    =  0.78931894059765284     
  
  
  
 For xq =         3100 
  
 RM48 INITIALIZED:        40           0         0



 INPUT PARAMETERS FOR VEGAS:  NDIM=  4  NCALL=  457773282.
                              IT=    0  ITMX=   15
                              MDS= -1   ND=  41
   1      0.2305061E-08 0.1585E-09  0.2305061E-08 0.1585E-09  0.000    
   2      0.2199770E-08 0.6998E-10  0.2218324E-08 0.6505E-10 0.3803    
   3      0.2270919E-08 0.6486E-10  0.2244906E-08 0.4587E-10 0.3535    
   4      0.2224768E-08 0.6394E-10  0.2238200E-08 0.3732E-10 0.2590    
   5      0.2256180E-08 0.6364E-10  0.2242819E-08 0.3219E-10 0.2089    
   6      0.2291779E-08 0.6361E-10  0.2253083E-08 0.2870E-10 0.2626    
   7      0.2278593E-08 0.6375E-10  0.2257447E-08 0.2617E-10 0.2407    
   8      0.2200680E-08 0.6396E-10  0.2249681E-08 0.2423E-10 0.3003    
   9      0.2134666E-08 0.6439E-10  0.2236716E-08 0.2269E-10 0.5870    
  10      0.2227222E-08 0.6472E-10  0.2235688E-08 0.2142E-10 0.5245    
  11      0.2124750E-08 0.6531E-10  0.2225898E-08 0.2036E-10 0.7153    
  12      0.2095238E-08 0.6563E-10  0.2215664E-08 0.1945E-10 0.9530    
  13      0.2226112E-08 0.6600E-10  0.2216504E-08 0.1865E-10 0.8750    
  14      0.2154603E-08 0.6631E-10  0.2212205E-08 0.1796E-10 0.8701    
  15      0.2110574E-08 0.6723E-10  0.2206019E-08 0.1735E-10 0.9530    



 INPUT PARAMETERS FOR VEGAS:  NDIM=  4  NCALL=  664301250.
                              IT=    0  ITMX=   30
                              MDS= -1   ND=  45
   1      0.2222211E-08 0.5400E-10  0.2222211E-08 0.5400E-10  0.000    
   2      0.2251757E-08 0.5383E-10  0.2237225E-08 0.3812E-10 0.1501    
   3      0.2229348E-08 0.5400E-10  0.2234617E-08 0.3114E-10 0.8233E-01
   4      0.2175659E-08 0.5393E-10  0.2220457E-08 0.2697E-10 0.3463    
   5      0.2185811E-08 0.5405E-10  0.2213720E-08 0.2413E-10 0.3420    
   6      0.2125885E-08 0.5412E-10  0.2200103E-08 0.2204E-10 0.6934    
   7      0.2285652E-08 0.5395E-10  0.2213173E-08 0.2040E-10 0.9505    
   8      0.2156642E-08 0.5400E-10  0.2206417E-08 0.1909E-10 0.9516    
   9      0.2206013E-08 0.5400E-10  0.2206372E-08 0.1799E-10 0.8326    
  10      0.2329313E-08 0.5405E-10  0.2219905E-08 0.1707E-10  1.296    
  11      0.2223898E-08 0.5404E-10  0.2220269E-08 0.1628E-10  1.166    
  12      0.2292449E-08 0.5398E-10  0.2226661E-08 0.1559E-10  1.212    
  13      0.2201274E-08 0.5394E-10  0.2224742E-08 0.1497E-10  1.129    
  14      0.2200071E-08 0.5404E-10  0.2223016E-08 0.1443E-10  1.058    
  15      0.2195645E-08 0.5404E-10  0.2221233E-08 0.1394E-10  1.001    
  16      0.2305542E-08 0.5415E-10  0.2226861E-08 0.1350E-10  1.092    
  17      0.2191065E-08 0.5397E-10  0.2224813E-08 0.1310E-10  1.050    
  18      0.2278187E-08 0.5405E-10  0.2227914E-08 0.1273E-10  1.042    
  19      0.2225643E-08 0.5398E-10  0.2227794E-08 0.1239E-10 0.9847    
  20      0.2266936E-08 0.5408E-10  0.2229815E-08 0.1208E-10 0.9582    
  21      0.2249499E-08 0.5402E-10  0.2230769E-08 0.1179E-10 0.9159    
  22      0.2181740E-08 0.5406E-10  0.2228633E-08 0.1152E-10 0.9099    
  23      0.2122438E-08 0.5395E-10  0.2224413E-08 0.1126E-10  1.026    
  24      0.2178418E-08 0.5399E-10  0.2222568E-08 0.1102E-10  1.012    
  25      0.2178212E-08 0.5394E-10  0.2220855E-08 0.1080E-10 0.9978    
  26      0.2208437E-08 0.5401E-10  0.2220381E-08 0.1059E-10 0.9602    
  27      0.2242299E-08 0.5402E-10  0.2221210E-08 0.1039E-10 0.9288    
  28      0.2230349E-08 0.5398E-10  0.2221539E-08 0.1021E-10 0.8951    
  29      0.2158146E-08 0.5396E-10  0.2219466E-08 0.1003E-10 0.9099    
  30      0.2232813E-08 0.5406E-10  0.2219916E-08 0.9860E-11 0.8802    
   
   
 Integral Plus:   2.2199158955464714E-009 +-   9.8603201786183160E-012
 with chisq    =  0.88018452815612047     
  
  
  
 For xq =         3400 
  
 RM48 INITIALIZED:        40           0         0



 INPUT PARAMETERS FOR VEGAS:  NDIM=  4  NCALL=  457773282.
                              IT=    0  ITMX=   15
                              MDS= -1   ND=  41
   1      0.1030910E-08 0.7135E-10  0.1030910E-08 0.7135E-10  0.000    
   2      0.1158669E-08 0.3178E-10  0.1141324E-08 0.2797E-10  2.449    
   3      0.1157749E-08 0.2967E-10  0.1149496E-08 0.2020E-10  1.262    
   4      0.1118738E-08 0.2933E-10  0.1139583E-08 0.1663E-10  1.090    
   5      0.1137358E-08 0.2907E-10  0.1139020E-08 0.1443E-10 0.8127    
   6      0.1110981E-08 0.2896E-10  0.1133531E-08 0.1292E-10 0.8006    
   7      0.1145455E-08 0.2920E-10  0.1135557E-08 0.1181E-10 0.6868    
   8      0.1172779E-08 0.2935E-10  0.1141135E-08 0.1095E-10 0.7926    
   9      0.1094686E-08 0.2948E-10  0.1135811E-08 0.1027E-10 0.9580    
  10      0.1123496E-08 0.2964E-10  0.1134497E-08 0.9700E-11 0.8690    
  11      0.1116206E-08 0.2994E-10  0.1132786E-08 0.9228E-11 0.8166    
  12      0.1090166E-08 0.3009E-10  0.1129326E-08 0.8823E-11 0.9044    
  13      0.1162051E-08 0.3035E-10  0.1132046E-08 0.8472E-11 0.9192    
  14      0.1147854E-08 0.3041E-10  0.1133227E-08 0.8161E-11 0.8660    
  15      0.1127901E-08 0.3058E-10  0.1132873E-08 0.7885E-11 0.8060    



 INPUT PARAMETERS FOR VEGAS:  NDIM=  4  NCALL=  664301250.
                              IT=    0  ITMX=   30
                              MDS= -1   ND=  45
   1      0.1135966E-08 0.2478E-10  0.1135966E-08 0.2478E-10  0.000    
   2      0.1115832E-08 0.2475E-10  0.1126068E-08 0.1751E-10 0.3305    
   3      0.1125504E-08 0.2468E-10  0.1125879E-08 0.1428E-10 0.1655    
   4      0.1116127E-08 0.2472E-10  0.1123470E-08 0.1237E-10 0.1494    
   5      0.1132983E-08 0.2477E-10  0.1125393E-08 0.1106E-10 0.1414    
   6      0.1139387E-08 0.2470E-10  0.1127781E-08 0.1010E-10 0.1671    
   7      0.1159673E-08 0.2476E-10  0.1132549E-08 0.9350E-11 0.3847    
   8      0.1109347E-08 0.2471E-10  0.1129746E-08 0.8745E-11 0.4382    
   9      0.1084952E-08 0.2469E-10  0.1125100E-08 0.8243E-11 0.7299    
  10      0.1145908E-08 0.2474E-10  0.1127250E-08 0.7821E-11 0.7192    
  11      0.1105926E-08 0.2473E-10  0.1125377E-08 0.7457E-11 0.7150    
  12      0.1157319E-08 0.2477E-10  0.1128172E-08 0.7140E-11 0.7921    
  13      0.1105051E-08 0.2472E-10  0.1126457E-08 0.6860E-11 0.7933    
  14      0.1162265E-08 0.2477E-10  0.1129164E-08 0.6611E-11 0.8866    
  15      0.1107316E-08 0.2475E-10  0.1127759E-08 0.6387E-11 0.8756    
  16      0.1106448E-08 0.2476E-10  0.1126475E-08 0.6185E-11 0.8639    
  17      0.1152040E-08 0.2479E-10  0.1128039E-08 0.6001E-11 0.8728    
  18      0.1125904E-08 0.2478E-10  0.1127921E-08 0.5832E-11 0.8220    
  19      0.1119416E-08 0.2475E-10  0.1127479E-08 0.5677E-11 0.7830    
  20      0.1133762E-08 0.2474E-10  0.1127797E-08 0.5533E-11 0.7446    
  21      0.1119524E-08 0.2471E-10  0.1127407E-08 0.5399E-11 0.7131    
  22      0.1142958E-08 0.2474E-10  0.1128134E-08 0.5275E-11 0.6967    
  23      0.1127363E-08 0.2473E-10  0.1128100E-08 0.5159E-11 0.6651    
  24      0.1147311E-08 0.2475E-10  0.1128927E-08 0.5050E-11 0.6612    
  25      0.1124234E-08 0.2469E-10  0.1128740E-08 0.4948E-11 0.6352    
  26      0.1090990E-08 0.2478E-10  0.1127383E-08 0.4852E-11 0.6953    
  27      0.1073206E-08 0.2472E-10  0.1125553E-08 0.4761E-11 0.8333    
  28      0.1113820E-08 0.2478E-10  0.1125143E-08 0.4676E-11 0.8109    
  29      0.1111505E-08 0.2480E-10  0.1124685E-08 0.4595E-11 0.7928    
  30      0.1119670E-08 0.2473E-10  0.1124519E-08 0.4517E-11 0.7670    
   
   
 Integral Plus:   1.1245193008871288E-009 +-   4.5174771189579677E-012
 with chisq    =  0.76698621273513679     
  
  
  
 For xq =         3700 
  
 RM48 INITIALIZED:        40           0         0



 INPUT PARAMETERS FOR VEGAS:  NDIM=  4  NCALL=  457773282.
                              IT=    0  ITMX=   15
                              MDS= -1   ND=  41
   1      0.5807664E-09 0.3265E-10  0.5807664E-09 0.3265E-10  0.000    
   2      0.5747220E-09 0.1461E-10  0.5757481E-09 0.1338E-10 0.2876E-01
   3      0.5586529E-09 0.1373E-10  0.5677073E-09 0.9633E-11 0.4070    
   4      0.5541576E-09 0.1357E-10  0.5633531E-09 0.7876E-11 0.4906    
   5      0.5767934E-09 0.1352E-10  0.5668452E-09 0.6799E-11 0.5533    
   6      0.5677539E-09 0.1345E-10  0.5670293E-09 0.6069E-11 0.4438    
   7      0.5774381E-09 0.1347E-10  0.5688293E-09 0.5531E-11 0.4526    
   8      0.5601103E-09 0.1354E-10  0.5676194E-09 0.5122E-11 0.4391    
   9      0.5861351E-09 0.1361E-10  0.5700408E-09 0.4792E-11 0.5938    
  10      0.5728332E-09 0.1374E-10  0.5703454E-09 0.4524E-11 0.5316    
  11      0.5455931E-09 0.1387E-10  0.5681552E-09 0.4302E-11 0.7492    
  12      0.5884701E-09 0.1399E-10  0.5700237E-09 0.4112E-11 0.8624    
  13      0.5929670E-09 0.1406E-10  0.5719651E-09 0.3946E-11  1.004    
  14      0.5588369E-09 0.1423E-10  0.5710678E-09 0.3803E-11 0.9881    
  15      0.6061053E-09 0.1417E-10  0.5736946E-09 0.3673E-11  1.361    



 INPUT PARAMETERS FOR VEGAS:  NDIM=  4  NCALL=  664301250.
                              IT=    0  ITMX=   30
                              MDS= -1   ND=  45
   1      0.5681995E-09 0.1151E-10  0.5681995E-09 0.1151E-10  0.000    
   2      0.5717780E-09 0.1148E-10  0.5700049E-09 0.8130E-11 0.4844E-01
   3      0.5678893E-09 0.1150E-10  0.5693030E-09 0.6637E-11 0.3554E-01
   4      0.5737569E-09 0.1149E-10  0.5704303E-09 0.5748E-11 0.6144E-01
   5      0.5807938E-09 0.1148E-10  0.5725680E-09 0.5139E-11 0.2122    
   6      0.5869415E-09 0.1148E-10  0.5750689E-09 0.4691E-11 0.4382    
   7      0.5743311E-09 0.1150E-10  0.5749638E-09 0.4343E-11 0.3659    
   8      0.5633896E-09 0.1149E-10  0.5735671E-09 0.4063E-11 0.4382    
   9      0.5987913E-09 0.1146E-10  0.5766090E-09 0.3829E-11 0.9549    
  10      0.5924035E-09 0.1151E-10  0.5782625E-09 0.3633E-11  1.041    
  11      0.5697953E-09 0.1149E-10  0.5775124E-09 0.3464E-11 0.9874    
  12      0.5668755E-09 0.1150E-10  0.5766560E-09 0.3317E-11 0.9695    
  13      0.5954508E-09 0.1148E-10  0.5781928E-09 0.3187E-11  1.102    
  14      0.5688364E-09 0.1150E-10  0.5775446E-09 0.3071E-11  1.065    
  15      0.5748607E-09 0.1150E-10  0.5773673E-09 0.2967E-11 0.9934    
  16      0.5755005E-09 0.1153E-10  0.5772519E-09 0.2873E-11 0.9291    
  17      0.5940027E-09 0.1149E-10  0.5782929E-09 0.2787E-11 0.9995    
  18      0.5787619E-09 0.1151E-10  0.5783189E-09 0.2709E-11 0.9406    
  19      0.5929696E-09 0.1147E-10  0.5791318E-09 0.2637E-11 0.9759    
  20      0.5858102E-09 0.1151E-10  0.5794724E-09 0.2570E-11 0.9406    
  21      0.5691084E-09 0.1150E-10  0.5789958E-09 0.2508E-11 0.9325    
  22      0.5675322E-09 0.1148E-10  0.5784923E-09 0.2450E-11 0.9334    
  23      0.5866250E-09 0.1149E-10  0.5788559E-09 0.2396E-11 0.9122    
  24      0.5799632E-09 0.1149E-10  0.5789023E-09 0.2346E-11 0.8727    
  25      0.5790424E-09 0.1151E-10  0.5789079E-09 0.2299E-11 0.8363    
  26      0.5631705E-09 0.1150E-10  0.5783335E-09 0.2254E-11 0.8730    
  27      0.5501222E-09 0.1150E-10  0.5773844E-09 0.2212E-11  1.046    
  28      0.5665282E-09 0.1146E-10  0.5770078E-09 0.2172E-11  1.039    
  29      0.5672440E-09 0.1149E-10  0.5766814E-09 0.2134E-11  1.028    
  30      0.5681955E-09 0.1151E-10  0.5764070E-09 0.2098E-11  1.011    
   
   
 Integral Plus:   5.7640700516206751E-010 +-   2.0983007241162036E-012
 with chisq    =   1.0106673830000634     
  
  
  
 For xq =         4000 
  
 RM48 INITIALIZED:        40           0         0



 INPUT PARAMETERS FOR VEGAS:  NDIM=  4  NCALL=  457773282.
                              IT=    0  ITMX=   15
                              MDS= -1   ND=  41
   1      0.2968809E-09 0.1500E-10  0.2968809E-09 0.1500E-10  0.000    
   2      0.2957400E-09 0.6786E-11  0.2959350E-09 0.6191E-11 0.4812E-02
   3      0.2950375E-09 0.6401E-11  0.2955032E-09 0.4453E-11 0.7483E-02
   4      0.3002175E-09 0.6323E-11  0.2970967E-09 0.3636E-11 0.1303    
   5      0.2887556E-09 0.6305E-11  0.2951013E-09 0.3154E-11 0.4169    
   6      0.2973235E-09 0.6330E-11  0.2955482E-09 0.2823E-11 0.3527    
   7      0.2823703E-09 0.6349E-11  0.2935356E-09 0.2582E-11 0.8595    
   8      0.2900409E-09 0.6391E-11  0.2930560E-09 0.2394E-11 0.7751    
   9      0.2844516E-09 0.6421E-11  0.2920612E-09 0.2244E-11 0.8707    
  10      0.2954865E-09 0.6478E-11  0.2924352E-09 0.2120E-11 0.8005    
  11      0.2891428E-09 0.6545E-11  0.2921293E-09 0.2017E-11 0.7445    
  12      0.2863800E-09 0.6587E-11  0.2916546E-09 0.1929E-11 0.7403    
  13      0.3058392E-09 0.6614E-11  0.2928663E-09 0.1852E-11  1.056    
  14      0.2759907E-09 0.6560E-11  0.2917520E-09 0.1782E-11  1.408    
  15      0.2829527E-09 0.6576E-11  0.2911835E-09 0.1720E-11  1.425    



 INPUT PARAMETERS FOR VEGAS:  NDIM=  4  NCALL=  664301250.
                              IT=    0  ITMX=   30
                              MDS= -1   ND=  45
   1      0.2974929E-09 0.5358E-11  0.2974929E-09 0.5358E-11  0.000    
   2      0.2934409E-09 0.5356E-11  0.2954940E-09 0.3788E-11 0.2860    
   3      0.2984650E-09 0.5374E-11  0.2964934E-09 0.3096E-11 0.2448    
   4      0.2913312E-09 0.5371E-11  0.2952392E-09 0.2682E-11 0.3917    
   5      0.2987977E-09 0.5352E-11  0.2959676E-09 0.2398E-11 0.3820    
   6      0.2968826E-09 0.5358E-11  0.2961211E-09 0.2189E-11 0.3101    
   7      0.2892084E-09 0.5366E-11  0.2951742E-09 0.2027E-11 0.4894    
   8      0.2996009E-09 0.5373E-11  0.2957402E-09 0.1896E-11 0.5047    
   9      0.3040524E-09 0.5345E-11  0.2967166E-09 0.1787E-11 0.7191    
  10      0.2951731E-09 0.5365E-11  0.2965638E-09 0.1695E-11 0.6481    
  11      0.2948051E-09 0.5375E-11  0.2964062E-09 0.1617E-11 0.5935    
  12      0.3046075E-09 0.5357E-11  0.2971264E-09 0.1548E-11 0.7414    
  13      0.2889741E-09 0.5361E-11  0.2965300E-09 0.1487E-11 0.8522    
  14      0.3016709E-09 0.5353E-11  0.2969106E-09 0.1433E-11 0.8525    
  15      0.2958224E-09 0.5366E-11  0.2968386E-09 0.1384E-11 0.7947    
  16      0.2945261E-09 0.5370E-11  0.2966965E-09 0.1341E-11 0.7539    
  17      0.2954836E-09 0.5375E-11  0.2966260E-09 0.1301E-11 0.7100    
  18      0.2877198E-09 0.5359E-11  0.2961579E-09 0.1264E-11 0.8159    
  19      0.2969872E-09 0.5352E-11  0.2962019E-09 0.1230E-11 0.7715    
  20      0.2896487E-09 0.5373E-11  0.2958889E-09 0.1199E-11 0.8040    
  21      0.2876211E-09 0.5366E-11  0.2955161E-09 0.1170E-11 0.8733    
  22      0.2900547E-09 0.5367E-11  0.2952767E-09 0.1143E-11 0.8786    
  23      0.2954450E-09 0.5365E-11  0.2952840E-09 0.1118E-11 0.8386    
  24      0.2972842E-09 0.5350E-11  0.2953689E-09 0.1095E-11 0.8076    
  25      0.2881941E-09 0.5376E-11  0.2950962E-09 0.1073E-11 0.8435    
  26      0.3031723E-09 0.5370E-11  0.2954228E-09 0.1052E-11 0.8995    
  27      0.3015943E-09 0.5363E-11  0.2956609E-09 0.1032E-11 0.9146    
  28      0.3044881E-09 0.5370E-11  0.2959940E-09 0.1014E-11 0.9808    
  29      0.2877698E-09 0.5357E-11  0.2957246E-09 0.9960E-12  1.025    
  30      0.2963133E-09 0.5360E-11  0.2957443E-09 0.9792E-12 0.9896    
   
   
 Integral Plus:   2.9574434889625087E-010 +-   9.7920359172960788E-013
 with chisq    =  0.98955710178210621     
  
  
  
 For xq =         4300 
  
 RM48 INITIALIZED:        40           0         0



 INPUT PARAMETERS FOR VEGAS:  NDIM=  4  NCALL=  457773282.
                              IT=    0  ITMX=   15
                              MDS= -1   ND=  41
   1      0.1415107E-09 0.7052E-11  0.1415107E-09 0.7052E-11  0.000    
   2      0.1446002E-09 0.3153E-11  0.1441038E-09 0.2858E-11 0.1576    
   3      0.1479622E-09 0.3013E-11  0.1459959E-09 0.2063E-11 0.5139    
   4      0.1476903E-09 0.2967E-11  0.1465635E-09 0.1691E-11 0.4136    
   5      0.1504964E-09 0.2958E-11  0.1475828E-09 0.1466E-11 0.6514    
   6      0.1485084E-09 0.2964E-11  0.1477688E-09 0.1314E-11 0.5346    
   7      0.1496014E-09 0.2982E-11  0.1480760E-09 0.1202E-11 0.4972    
   8      0.1547206E-09 0.2997E-11  0.1490780E-09 0.1115E-11  1.071    
   9      0.1502949E-09 0.3016E-11  0.1492279E-09 0.1045E-11 0.9523    
  10      0.1539267E-09 0.3059E-11  0.1497522E-09 0.9890E-12  1.089    
  11      0.1526500E-09 0.3061E-11  0.1500384E-09 0.9410E-12  1.060    
  12      0.1495088E-09 0.3063E-11  0.1499927E-09 0.8995E-12 0.9658    
  13      0.1502621E-09 0.3101E-11  0.1500138E-09 0.8639E-12 0.8851    
  14      0.1477753E-09 0.3091E-11  0.1498549E-09 0.8320E-12 0.8550    
  15      0.1538423E-09 0.3116E-11  0.1501356E-09 0.8039E-12 0.9056    



 INPUT PARAMETERS FOR VEGAS:  NDIM=  4  NCALL=  664301250.
                              IT=    0  ITMX=   30
                              MDS= -1   ND=  45
   1      0.1493869E-09 0.2520E-11  0.1493869E-09 0.2520E-11  0.000    
   2      0.1493750E-09 0.2513E-11  0.1493809E-09 0.1779E-11 0.1118E-04
   3      0.1475760E-09 0.2519E-11  0.1487897E-09 0.1453E-11 0.1699    
   4      0.1518933E-09 0.2515E-11  0.1495910E-09 0.1258E-11 0.5005    
   5      0.1511083E-09 0.2517E-11  0.1498994E-09 0.1126E-11 0.4474    
   6      0.1489451E-09 0.2522E-11  0.1497425E-09 0.1028E-11 0.3823    
   7      0.1484319E-09 0.2518E-11  0.1495580E-09 0.9515E-12 0.3576    
   8      0.1495414E-09 0.2519E-11  0.1495560E-09 0.8902E-12 0.3065    
   9      0.1517480E-09 0.2511E-11  0.1498072E-09 0.8390E-12 0.3539    
  10      0.1547098E-09 0.2517E-11  0.1503269E-09 0.7959E-12 0.7120    
  11      0.1499134E-09 0.2520E-11  0.1502895E-09 0.7590E-12 0.6435    
  12      0.1510625E-09 0.2520E-11  0.1503545E-09 0.7267E-12 0.5924    
  13      0.1493710E-09 0.2509E-11  0.1502792E-09 0.6980E-12 0.5553    
  14      0.1498122E-09 0.2519E-11  0.1502461E-09 0.6727E-12 0.5152    
  15      0.1540922E-09 0.2523E-11  0.1505137E-09 0.6500E-12 0.6387    
  16      0.1492121E-09 0.2518E-11  0.1504337E-09 0.6294E-12 0.6132    
  17      0.1516924E-09 0.2522E-11  0.1505086E-09 0.6106E-12 0.5891    
  18      0.1538707E-09 0.2517E-11  0.1507036E-09 0.5934E-12 0.6562    
  19      0.1480655E-09 0.2522E-11  0.1505697E-09 0.5776E-12 0.6767    
  20      0.1529179E-09 0.2523E-11  0.1506902E-09 0.5631E-12 0.6846    
  21      0.1522028E-09 0.2520E-11  0.1507635E-09 0.5495E-12 0.6672    
  22      0.1524122E-09 0.2519E-11  0.1508400E-09 0.5369E-12 0.6547    
  23      0.1485062E-09 0.2523E-11  0.1507418E-09 0.5251E-12 0.6619    
  24      0.1500984E-09 0.2518E-11  0.1507152E-09 0.5141E-12 0.6360    
  25      0.1516222E-09 0.2511E-11  0.1507522E-09 0.5036E-12 0.6145    
  26      0.1535485E-09 0.2515E-11  0.1508639E-09 0.4938E-12 0.6383    
  27      0.1473131E-09 0.2518E-11  0.1507382E-09 0.4846E-12 0.6853    
  28      0.1530319E-09 0.2519E-11  0.1508225E-09 0.4759E-12 0.6896    
  29      0.1495305E-09 0.2516E-11  0.1507786E-09 0.4676E-12 0.6743    
  30      0.1487174E-09 0.2521E-11  0.1507118E-09 0.4597E-12 0.6734    
   
   
 Integral Plus:   1.5071184023894644E-010 +-   4.5974095940023715E-013
 with chisq    =  0.67337242463613745     
  
  
  
 For xq =         4600 
  
 RM48 INITIALIZED:        40           0         0



 INPUT PARAMETERS FOR VEGAS:  NDIM=  4  NCALL=  457773282.
                              IT=    0  ITMX=   15
                              MDS= -1   ND=  41
   1      0.7745800E-10 0.3241E-11  0.7745800E-10 0.3241E-11  0.000    
   2      0.7962256E-10 0.1469E-11  0.7927010E-10 0.1326E-11 0.3632    
   3      0.7835428E-10 0.1405E-11  0.7883990E-10 0.9649E-12 0.2941    
   4      0.7680942E-10 0.1383E-11  0.7819436E-10 0.7926E-12 0.6725    
   5      0.7526128E-10 0.1383E-11  0.7750808E-10 0.6888E-12  1.324    
   6      0.7732362E-10 0.1385E-11  0.7747167E-10 0.6168E-12  1.063    
   7      0.7443268E-10 0.1387E-11  0.7700251E-10 0.5641E-12  1.527    
   8      0.7488354E-10 0.1398E-11  0.7672004E-10 0.5233E-12  1.589    
   9      0.7668605E-10 0.1403E-11  0.7671590E-10 0.4903E-12  1.391    
  10      0.7666267E-10 0.1415E-11  0.7671021E-10 0.4633E-12  1.237    
  11      0.7835769E-10 0.1432E-11  0.7687222E-10 0.4408E-12  1.233    
  12      0.7803129E-10 0.1431E-11  0.7697537E-10 0.4212E-12  1.174    
  13      0.7767194E-10 0.1440E-11  0.7703116E-10 0.4043E-12  1.093    
  14      0.7884282E-10 0.1452E-11  0.7716712E-10 0.3895E-12  1.121    
  15      0.7677848E-10 0.1470E-11  0.7714188E-10 0.3765E-12  1.046    



 INPUT PARAMETERS FOR VEGAS:  NDIM=  4  NCALL=  664301250.
                              IT=    0  ITMX=   30
                              MDS= -1   ND=  45
   1      0.7677322E-10 0.1177E-11  0.7677322E-10 0.1177E-11  0.000    
   2      0.7471830E-10 0.1182E-11  0.7577811E-10 0.8338E-12  1.517    
   3      0.7584855E-10 0.1179E-11  0.7580165E-10 0.6807E-12 0.7591    
   4      0.7942281E-10 0.1178E-11  0.7677381E-10 0.5893E-12  2.966    
   5      0.7480267E-10 0.1177E-11  0.7639419E-10 0.5269E-12  2.791    
   6      0.7549749E-10 0.1180E-11  0.7624783E-10 0.4811E-12  2.336    
   7      0.7579809E-10 0.1178E-11  0.7618413E-10 0.4454E-12  1.970    
   8      0.7550215E-10 0.1179E-11  0.7610016E-10 0.4166E-12  1.733    
   9      0.7744958E-10 0.1181E-11  0.7625431E-10 0.3929E-12  1.660    
  10      0.7753731E-10 0.1182E-11  0.7638606E-10 0.3729E-12  1.591    
  11      0.7538652E-10 0.1177E-11  0.7629700E-10 0.3555E-12  1.500    
  12      0.7711028E-10 0.1176E-11  0.7636653E-10 0.3402E-12  1.401    
  13      0.7608216E-10 0.1180E-11  0.7634484E-10 0.3269E-12  1.290    
  14      0.7759617E-10 0.1176E-11  0.7643738E-10 0.3150E-12  1.271    
  15      0.7617231E-10 0.1177E-11  0.7641977E-10 0.3043E-12  1.184    
  16      0.7989369E-10 0.1179E-11  0.7665579E-10 0.2946E-12  1.685    
  17      0.7708069E-10 0.1179E-11  0.7668106E-10 0.2858E-12  1.587    
  18      0.7513009E-10 0.1176E-11  0.7659772E-10 0.2777E-12  1.590    
  19      0.7623762E-10 0.1177E-11  0.7657889E-10 0.2703E-12  1.507    
  20      0.7918753E-10 0.1178E-11  0.7671800E-10 0.2635E-12  1.683    
  21      0.7665634E-10 0.1179E-11  0.7671507E-10 0.2571E-12  1.599    
  22      0.7610727E-10 0.1178E-11  0.7668781E-10 0.2512E-12  1.536    
  23      0.7586159E-10 0.1179E-11  0.7665265E-10 0.2457E-12  1.488    
  24      0.7767127E-10 0.1178E-11  0.7669625E-10 0.2405E-12  1.454    
  25      0.7624231E-10 0.1179E-11  0.7667829E-10 0.2357E-12  1.400    
  26      0.7585955E-10 0.1180E-11  0.7664750E-10 0.2311E-12  1.363    
  27      0.7528102E-10 0.1176E-11  0.7659839E-10 0.2268E-12  1.361    
  28      0.7588883E-10 0.1179E-11  0.7657349E-10 0.2227E-12  1.324    
  29      0.7920127E-10 0.1177E-11  0.7667048E-10 0.2188E-12  1.457    
  30      0.7609177E-10 0.1179E-11  0.7665147E-10 0.2151E-12  1.415    
   
   
 Integral Plus:   7.6651465160698201E-011 +-   2.1513188248677329E-013
 with chisq    =   1.4149523395472989     
  
  
  
 For xq =         4900 
  
 RM48 INITIALIZED:        40           0         0



 INPUT PARAMETERS FOR VEGAS:  NDIM=  4  NCALL=  457773282.
                              IT=    0  ITMX=   15
                              MDS= -1   ND=  41
   1      0.3955522E-10 0.1511E-11  0.3955522E-10 0.1511E-11  0.000    
   2      0.3665539E-10 0.6755E-12  0.3720295E-10 0.6329E-12  3.216    
   3      0.3948742E-10 0.6486E-12  0.3835702E-10 0.4505E-12  4.784    
   4      0.3854434E-10 0.6420E-12  0.3841873E-10 0.3688E-12  3.210    
   5      0.3848278E-10 0.6404E-12  0.3843462E-10 0.3196E-12  2.412    
   6      0.3885413E-10 0.6402E-12  0.3851937E-10 0.2859E-12  1.994    
   7      0.3836034E-10 0.6439E-12  0.3849346E-10 0.2613E-12  1.673    
   8      0.3908608E-10 0.6531E-12  0.3857714E-10 0.2426E-12  1.533    
   9      0.3886063E-10 0.6519E-12  0.3861197E-10 0.2273E-12  1.360    
  10      0.3754016E-10 0.6582E-12  0.3850359E-10 0.2149E-12  1.467    
  11      0.3799735E-10 0.6647E-12  0.3845692E-10 0.2045E-12  1.375    
  12      0.3818660E-10 0.6641E-12  0.3843385E-10 0.1955E-12  1.265    
  13      0.3878717E-10 0.6645E-12  0.3846240E-10 0.1875E-12  1.181    
  14      0.3857036E-10 0.6763E-12  0.3847014E-10 0.1807E-12  1.091    
  15      0.3842669E-10 0.6658E-12  0.3846717E-10 0.1744E-12  1.014    



 INPUT PARAMETERS FOR VEGAS:  NDIM=  4  NCALL=  664301250.
                              IT=    0  ITMX=   30
                              MDS= -1   ND=  45
   1      0.3893187E-10 0.5436E-12  0.3893187E-10 0.5436E-12  0.000    
   2      0.3854463E-10 0.5441E-12  0.3874037E-10 0.3846E-12 0.2534    
   3      0.3888596E-10 0.5416E-12  0.3878941E-10 0.3136E-12 0.1505    
   4      0.3823081E-10 0.5434E-12  0.3865287E-10 0.2716E-12 0.3615    
   5      0.3793476E-10 0.5438E-12  0.3851374E-10 0.2430E-12 0.6142    
   6      0.3805130E-10 0.5439E-12  0.3843832E-10 0.2218E-12 0.6120    
   7      0.3861403E-10 0.5440E-12  0.3846357E-10 0.2054E-12 0.5243    
   8      0.3831734E-10 0.5437E-12  0.3844542E-10 0.1922E-12 0.4588    
   9      0.3789886E-10 0.5431E-12  0.3838613E-10 0.1812E-12 0.5127    
  10      0.3944836E-10 0.5430E-12  0.3849788E-10 0.1718E-12 0.8528    
  11      0.3815823E-10 0.5430E-12  0.3846744E-10 0.1638E-12 0.8038    
  12      0.3772903E-10 0.5431E-12  0.3840797E-10 0.1569E-12 0.8822    
  13      0.3800259E-10 0.5440E-12  0.3837744E-10 0.1507E-12 0.8520    
  14      0.3881033E-10 0.5445E-12  0.3840890E-10 0.1453E-12 0.8312    
  15      0.3839793E-10 0.5414E-12  0.3840816E-10 0.1403E-12 0.7719    
  16      0.3907579E-10 0.5426E-12  0.3845139E-10 0.1358E-12 0.8163    
  17      0.3849910E-10 0.5426E-12  0.3845421E-10 0.1318E-12 0.7656    
  18      0.3861410E-10 0.5421E-12  0.3846320E-10 0.1280E-12 0.7251    
  19      0.3783935E-10 0.5435E-12  0.3843139E-10 0.1246E-12 0.7533    
  20      0.3809645E-10 0.5429E-12  0.3841490E-10 0.1215E-12 0.7330    
  21      0.3877631E-10 0.5434E-12  0.3843241E-10 0.1185E-12 0.7172    
  22      0.3953901E-10 0.5437E-12  0.3848543E-10 0.1158E-12 0.8795    
  23      0.3889207E-10 0.5443E-12  0.3850341E-10 0.1133E-12 0.8635    
  24      0.3854217E-10 0.5426E-12  0.3850503E-10 0.1109E-12 0.8261    
  25      0.3746968E-10 0.5423E-12  0.3846558E-10 0.1086E-12 0.9320    
  26      0.3849978E-10 0.5437E-12  0.3846690E-10 0.1065E-12 0.8948    
  27      0.3902704E-10 0.5437E-12  0.3848820E-10 0.1045E-12 0.8998    
  28      0.3787745E-10 0.5438E-12  0.3846708E-10 0.1027E-12 0.9112    
  29      0.3858016E-10 0.5433E-12  0.3847101E-10 0.1009E-12 0.8800    
  30      0.3747539E-10 0.5430E-12  0.3843941E-10 0.9918E-13 0.9578    
   
   
 Integral Plus:   3.8439413805327020E-011 +-   9.9184922479721851E-014
 with chisq    =  0.95781957134561779     
  
  
  
    xq         Integral Plus                 error
    100      0.823240999340334E-02      0.109426607489885E-03
    400      0.386836528476438E-04      0.570762143968260E-06
    700      0.398899918758419E-05      0.518271317477865E-07
   1000      0.889878814033308E-06      0.982730626207667E-08
   1300      0.278975928626535E-06      0.260265248594072E-08
   1600      0.102737704720069E-06      0.838482437712091E-09
   1900      0.430496325246107E-07      0.303000218933693E-09
   2200      0.192709261092659E-07      0.120058813190463E-09
   2500      0.909265208151442E-08      0.502825781161469E-10
   2800      0.445058595844916E-08      0.219257686083682E-10
   3100      0.221991589554647E-08      0.986032017861832E-11
   3400      0.112451930088713E-08      0.451747711895797E-11
   3700      0.576407005162068E-09      0.209830072411620E-11
   4000      0.295744348896251E-09      0.979203591729608E-12
   4300      0.150711840238946E-09      0.459740959400237E-12
   4600      0.766514651606982E-10      0.215131882486773E-12
   4900      0.384394138053270E-10      0.991849224797219E-13
Thanks for using LHAPDF 6.5.4. Please make sure to cite the paper:
  Eur.Phys.J. C75 (2015) 3, 132  (http://arxiv.org/abs/1412.7420)
