   100.00000000000000       -5.0259759695854564E-003   1.0887351543472370E-004
   400.00000000000000       -1.3914861578889334E-005   7.8670297274114240E-007
   700.00000000000000       -8.6174617151103491E-007   8.1368055606451588E-008
   1000.0000000000000       -6.9377339510149798E-008   1.6697945943921940E-008
   1300.0000000000000        2.4159066851768433E-008   4.6906847603522961E-009
   1600.0000000000000        1.9009461924324756E-008   1.5820145796540581E-009
   1900.0000000000000        1.0200877613645086E-008   5.9657654122044070E-010
   2200.0000000000000        4.5212052900028081E-009   2.4440786782649744E-010
   2500.0000000000000        2.3744534959886419E-009   1.0504128419716113E-010
   2800.0000000000000        1.3491799380840893E-009   4.6984513811586749E-011
   3100.0000000000000        6.5767652177404367E-010   2.1678998342800464E-011
   3400.0000000000000        3.6540584994638779E-010   1.0136247479108544E-011
   3700.0000000000000        1.9726142052840328E-010   4.8061484725249322E-012
   4000.0000000000000        1.0461681815045396E-010   2.2904411188276889E-012
   4300.0000000000000        5.8403637138086274E-011   1.0910221706649635E-012
   4600.0000000000000        3.1134039333075801E-011   5.1894213128211396E-013
   4900.0000000000000        1.5392169525028582E-011   2.4434514062052976E-013
Thanks for using LHAPDF 6.5.4. Please make sure to cite the paper:
  Eur.Phys.J. C75 (2015) 3, 132  (http://arxiv.org/abs/1412.7420)
 Writing your data in ../summary/run_08_Plus_check/PK_Plus_KbarP.dat
LHAPDF 6.5.4 loading /home/niraj/1TB-Disc/Workspace-IITG/Packages/Install/LHAPDF-6.5.4/install/share/LHAPDF/MMHT2014nlo68cl/MMHT2014nlo68cl_0000.dat
MMHT2014nlo68cl PDF set, member #0, version 3; LHAPDF ID = 25100
   
   
 ~~~~~~~~~~~~~~~~~~~~~~~~~~~~~~~~~~~~~~~~~~~~
     Calculating [+] distribution with delta 1d-5
 ~~~~~~~~~~~~~~~~~~~~~~~~~~~~~~~~~~~~~~~~~~~~
   
 ~~~~~~~~~~~~~~~~~~~~~~~~~~~~~~~~~~~~~~~~
Using Vegas points:                   1.E+08
         Iteration:                   10
 ~~~~~~~~~~~~~~~~~~~~~~~~~~~~~~~~~~~~~~~~
  
 For xq =          100 
  
 RM48 INITIALIZED:        40           0         0



 INPUT PARAMETERS FOR VEGAS:  NDIM=  4  NCALL=   99574272.
                              IT=    0  ITMX=   10
                              MDS= -1   ND=  42
   1      0.1992317E-01 0.2800E-01  0.1992317E-01 0.2800E-01  0.000    
   2     -0.1266236E-01 0.6020E-02 -0.9316405E-02 0.7518E-02  1.731    
   3     -0.1565586E-02 0.3102E-02 -0.8935739E-02 0.5999E-02  1.332    
   4     -0.1913159E-02 0.2110E-02 -0.7974381E-02 0.4842E-02  1.259    
   5     -0.6511519E-02 0.1754E-02 -0.6955533E-02 0.2474E-02  1.116    
   6     -0.7205012E-02 0.1623E-02 -0.7080004E-02 0.1666E-02 0.9879    
   7     -0.2870324E-02 0.1567E-02 -0.6750536E-02 0.1490E-02  1.045    
   8     -0.3262016E-02 0.1580E-02 -0.6434979E-02 0.1340E-02  1.087    
   9     -0.3344848E-02 0.1547E-02 -0.6156049E-02 0.1215E-02  1.119    
  10     -0.5082792E-02 0.1531E-02 -0.5967721E-02 0.1066E-02  1.081    



 INPUT PARAMETERS FOR VEGAS:  NDIM=  4  NCALL=  933897762.
                              IT=    0  ITMX=   20
                              MDS= -1   ND=  49
   1     -0.5305291E-02 0.4855E-03 -0.5305291E-02 0.4855E-03  0.000    
   2     -0.4586854E-02 0.4853E-03 -0.4997847E-02 0.3432E-03  1.073    
   3     -0.4425300E-02 0.4867E-03 -0.4835416E-02 0.2805E-03 0.9988    
   4     -0.5233849E-02 0.4860E-03 -0.4948839E-02 0.2429E-03 0.8176    
   5     -0.5236938E-02 0.4876E-03 -0.5012413E-02 0.2174E-03 0.6718    
   6     -0.5319945E-02 0.4861E-03 -0.5069740E-02 0.1985E-03 0.5976    
   7     -0.4656343E-02 0.4871E-03 -0.5018264E-02 0.1838E-03 0.6003    
   8     -0.5004061E-02 0.4875E-03 -0.5016481E-02 0.1720E-03 0.5140    
   9     -0.5808695E-02 0.4856E-03 -0.5131886E-02 0.1621E-03 0.8041    
  10     -0.5148188E-02 0.4884E-03 -0.5133542E-02 0.1539E-03 0.7129    
  11     -0.4892455E-02 0.4881E-03 -0.5113253E-02 0.1467E-03 0.6669    
  12     -0.4977469E-02 0.4852E-03 -0.5102255E-02 0.1405E-03 0.6144    
  13     -0.4574866E-02 0.4904E-03 -0.5069153E-02 0.1350E-03 0.6461    
  14     -0.4196734E-02 0.4883E-03 -0.5025017E-02 0.1301E-03 0.7757    
  15     -0.4842044E-02 0.4871E-03 -0.5013421E-02 0.1257E-03 0.7317    
  16     -0.5825314E-02 0.4880E-03 -0.5081411E-02 0.1217E-03 0.8947    
  17     -0.5034945E-02 0.4867E-03 -0.5078661E-02 0.1181E-03 0.8391    
  18     -0.4807862E-02 0.4860E-03 -0.5064758E-02 0.1148E-03 0.8094    
  19     -0.4435953E-02 0.4864E-03 -0.5038470E-02 0.1117E-03 0.8437    
  20     -0.4766377E-02 0.4871E-03 -0.5025976E-02 0.1089E-03 0.8171    
   
   
 Integral Plus:  -5.0259759695854564E-003 +-   1.0887351543472370E-004
 with chisq    =  0.81711473937181445     
  
  
  
 For xq =          400 
  
 RM48 INITIALIZED:        40           0         0



 INPUT PARAMETERS FOR VEGAS:  NDIM=  4  NCALL=   99574272.
                              IT=    0  ITMX=   10
                              MDS= -1   ND=  42
   1     -0.4121038E-04 0.7024E-04 -0.4121038E-04 0.7024E-04  0.000    
   2      0.1016217E-04 0.1912E-04 -0.1805536E-04 0.3792E-04 0.4545    
   3     -0.1679859E-05 0.1328E-04 -0.1764752E-04 0.3059E-04 0.3438    
   4     -0.2319228E-04 0.1182E-04 -0.2239891E-04 0.1142E-04 0.2451    
   5     -0.5673590E-05 0.1119E-04 -0.2149385E-04 0.1000E-04 0.2624    
   6     -0.1352144E-04 0.1100E-04 -0.1956992E-04 0.8252E-05 0.2681    
   7     -0.5651137E-05 0.1094E-04 -0.1900081E-04 0.7529E-05 0.2798    
   8     -0.2227639E-04 0.1086E-04 -0.2028426E-04 0.5996E-05 0.2401    
   9     -0.1442817E-04 0.1088E-04 -0.1945950E-04 0.5413E-05 0.2392    
  10     -0.8818709E-05 0.1080E-04 -0.1892049E-04 0.5063E-05 0.2544    



 INPUT PARAMETERS FOR VEGAS:  NDIM=  4  NCALL=  933897762.
                              IT=    0  ITMX=   20
                              MDS= -1   ND=  49
   1     -0.1129880E-04 0.3526E-05 -0.1129880E-04 0.3526E-05  0.000    
   2     -0.9299142E-05 0.3525E-05 -0.1049110E-04 0.2493E-05 0.1549    
   3     -0.1264749E-04 0.3520E-05 -0.1141488E-04 0.2034E-05 0.2041    
   4     -0.9705330E-05 0.3519E-05 -0.1107038E-04 0.1761E-05 0.1955    
   5     -0.1048462E-04 0.3525E-05 -0.1095917E-04 0.1576E-05 0.1537    
   6     -0.1373227E-04 0.3524E-05 -0.1164074E-04 0.1438E-05 0.2491    
   7     -0.1566942E-04 0.3519E-05 -0.1261969E-04 0.1331E-05 0.4642    
   8     -0.1778852E-04 0.3510E-05 -0.1385696E-04 0.1244E-05 0.7952    
   9     -0.1797599E-04 0.3518E-05 -0.1466320E-04 0.1173E-05 0.8723    
  10     -0.7530787E-05 0.3535E-05 -0.1442856E-04 0.1113E-05 0.9781    
  11     -0.1678729E-06 0.3520E-05 -0.1442833E-04 0.1061E-05 0.9686    
  12     -0.7478428E-05 0.3518E-05 -0.1420784E-04 0.1016E-05  1.061    
  13     -0.1574650E-04 0.3520E-05 -0.1439740E-04 0.9762E-06 0.9460    
  14     -0.1267385E-04 0.3512E-05 -0.1426950E-04 0.9405E-06 0.8886    
  15     -0.9958659E-05 0.3522E-05 -0.1408161E-04 0.9087E-06 0.9125    
  16     -0.1503997E-04 0.3518E-05 -0.1416843E-04 0.8798E-06 0.8328    
  17     -0.1301499E-04 0.3514E-05 -0.1409499E-04 0.8534E-06 0.7836    
  18     -0.1202745E-04 0.3519E-05 -0.1398865E-04 0.8294E-06 0.7586    
  19     -0.1474333E-04 0.3515E-05 -0.1404290E-04 0.8072E-06 0.7052    
  20     -0.1020935E-04 0.3511E-05 -0.1391486E-04 0.7867E-06 0.7202    
   
   
 Integral Plus:  -1.3914861578889334E-005 +-   7.8670297274114240E-007
 with chisq    =  0.72024838350806386     
  
  
  
 For xq =          700 
  
 RM48 INITIALIZED:        40           0         0



 INPUT PARAMETERS FOR VEGAS:  NDIM=  4  NCALL=   99574272.
                              IT=    0  ITMX=   10
                              MDS= -1   ND=  42
   1      0.5296153E-05 0.4969E-05  0.5296153E-05 0.4969E-05  0.000    
   2      0.2195798E-05 0.1604E-05  0.3365698E-05 0.2336E-05 0.4137    
   3     -0.2549301E-06 0.1266E-05  0.3317620E-05 0.1897E-05 0.3336    
   4      0.1878211E-06 0.1180E-05  0.3291866E-05 0.1637E-05 0.3061    
   5      0.1038193E-05 0.1145E-05  0.2816319E-05 0.1321E-05 0.3990    
   6     -0.1387230E-05 0.1126E-05  0.1639009E-05 0.1052E-05  1.006    
   7     -0.2188572E-05 0.1134E-05  0.7930428E-07 0.7981E-06  1.789    
   8     -0.1656421E-05 0.1124E-05 -0.2539036E-06 0.6933E-06  1.781    
   9      0.1805087E-05 0.1108E-05  0.1373666E-06 0.6099E-06  1.850    
  10      0.1767353E-07 0.1121E-05  0.1373644E-06 0.5786E-06  1.827    



 INPUT PARAMETERS FOR VEGAS:  NDIM=  4  NCALL=  933897762.
                              IT=    0  ITMX=   20
                              MDS= -1   ND=  49
   1     -0.1102917E-05 0.3636E-06 -0.1102917E-05 0.3636E-06  0.000    
   2     -0.7910860E-06 0.3651E-06 -0.9975607E-06 0.2574E-06 0.3282    
   3     -0.4725870E-06 0.3641E-06 -0.9407975E-06 0.2102E-06 0.5203    
   4     -0.8353807E-06 0.3638E-06 -0.9141497E-06 0.1820E-06 0.3668    
   5     -0.8690091E-06 0.3639E-06 -0.9044577E-06 0.1628E-06 0.2733    
   6     -0.4738154E-06 0.3637E-06 -0.8785844E-06 0.1486E-06 0.3415    
   7     -0.1240401E-05 0.3644E-06 -0.9838230E-06 0.1376E-06 0.4730    
   8     -0.9015001E-06 0.3639E-06 -0.9728341E-06 0.1287E-06 0.4083    
   9     -0.7744293E-06 0.3635E-06 -0.9550077E-06 0.1213E-06 0.3932    
  10     -0.3640713E-06 0.3656E-06 -0.9436329E-06 0.1151E-06 0.4361    
  11     -0.3139261E-06 0.3636E-06 -0.9346490E-06 0.1098E-06 0.4719    
  12     -0.7975915E-06 0.3629E-06 -0.9230546E-06 0.1051E-06 0.4406    
  13     -0.1627571E-06 0.3642E-06 -0.9204037E-06 0.1009E-06 0.4524    
  14     -0.3739596E-06 0.3641E-06 -0.9105243E-06 0.9727E-07 0.4847    
  15     -0.3701816E-06 0.3638E-06 -0.9011016E-06 0.9397E-07 0.5143    
  16     -0.5233274E-06 0.3645E-06 -0.8884280E-06 0.9099E-07 0.5321    
  17     -0.1661010E-06 0.3641E-06 -0.8859891E-06 0.8827E-07 0.5423    
  18     -0.7565480E-06 0.3631E-06 -0.8774736E-06 0.8577E-07 0.5132    
  19     -0.2730825E-06 0.3627E-06 -0.8723256E-06 0.8348E-07 0.5319    
  20     -0.6169631E-06 0.3638E-06 -0.8617462E-06 0.8137E-07 0.5291    
   
   
 Integral Plus:  -8.6174617151103491E-007 +-   8.1368055606451588E-008
 with chisq    =  0.52906074965694028     
  
  
  
 For xq =         1000 
  
 RM48 INITIALIZED:        40           0         0



 INPUT PARAMETERS FOR VEGAS:  NDIM=  4  NCALL=   99574272.
                              IT=    0  ITMX=   10
                              MDS= -1   ND=  42
   1     -0.9032638E-06 0.8496E-06 -0.9032638E-06 0.8496E-06  0.000    
   2     -0.3140503E-06 0.3058E-06 -0.6188357E-06 0.4575E-06 0.4142    
   3      0.1424333E-07 0.2492E-06 -0.6178902E-06 0.3733E-06 0.3127    
   4     -0.5826627E-06 0.2359E-06 -0.5919606E-06 0.1945E-06 0.2049    
   5     -0.2699200E-06 0.2327E-06 -0.5469798E-06 0.1660E-06 0.2946    
   6     -0.3309712E-06 0.2338E-06 -0.5097817E-06 0.1434E-06 0.3260    
   7      0.3384815E-06 0.2294E-06 -0.3761776E-06 0.1266E-06  1.286    
   8     -0.2584434E-06 0.2264E-06 -0.3660331E-06 0.1157E-06  1.219    
   9     -0.2763029E-06 0.2296E-06 -0.3581897E-06 0.1066E-06  1.153    
  10      0.2282043E-06 0.2300E-06 -0.3253067E-06 0.9975E-07  1.308    



 INPUT PARAMETERS FOR VEGAS:  NDIM=  4  NCALL=  933897762.
                              IT=    0  ITMX=   20
                              MDS= -1   ND=  49
   1     -0.9284277E-07 0.7489E-07 -0.9284277E-07 0.7489E-07  0.000    
   2     -0.3087278E-07 0.7468E-07 -0.8664072E-07 0.5294E-07 0.1234    
   3     -0.4166140E-07 0.7454E-07 -0.7968625E-07 0.4320E-07 0.1492    
   4     -0.1405077E-07 0.7480E-07 -0.7855944E-07 0.3741E-07 0.1477    
   5     -0.5993400E-07 0.7453E-07 -0.7410226E-07 0.3343E-07 0.1196    
   6      0.2736740E-08 0.7463E-07 -0.7406404E-07 0.3052E-07 0.1154    
   7     -0.4736618E-07 0.7448E-07 -0.7058966E-07 0.2824E-07 0.1146    
   8     -0.3560240E-07 0.7452E-07 -0.6819609E-07 0.2641E-07 0.1206    
   9     -0.1277373E-06 0.7479E-07 -0.9597188E-07 0.2491E-07 0.2409    
  10     -0.4624487E-07 0.7475E-07 -0.9310403E-07 0.2364E-07 0.2509    
  11     -0.7917030E-07 0.7477E-07 -0.9109019E-07 0.2254E-07 0.2172    
  12     -0.2692437E-07 0.7448E-07 -0.9002704E-07 0.2158E-07 0.2250    
  13     -0.6604586E-07 0.7448E-07 -0.8785309E-07 0.2072E-07 0.2125    
  14      0.6808440E-07 0.7456E-07 -0.7417779E-07 0.1997E-07 0.5682    
  15     -0.5469376E-07 0.7474E-07 -0.7313884E-07 0.1929E-07 0.5388    
  16      0.5218493E-07 0.7424E-07 -0.6726236E-07 0.1867E-07 0.6458    
  17     -0.1143004E-07 0.7453E-07 -0.6713803E-07 0.1811E-07 0.6432    
  18      0.7730023E-07 0.7457E-07 -0.5379774E-07 0.1760E-07 0.9140    
  19     -0.1304245E-06 0.7472E-07 -0.6969935E-07 0.1713E-07 0.9046    
  20     -0.6270185E-07 0.7451E-07 -0.6937734E-07 0.1670E-07 0.8612    
   
   
 Integral Plus:  -6.9377339510149798E-008 +-   1.6697945943921940E-008
 with chisq    =  0.86122131708725624     
  
  
  
 For xq =         1300 
  
 RM48 INITIALIZED:        40           0         0



 INPUT PARAMETERS FOR VEGAS:  NDIM=  4  NCALL=   99574272.
                              IT=    0  ITMX=   10
                              MDS= -1   ND=  42
   1      0.2384943E-06 0.2163E-06  0.2384943E-06 0.2163E-06  0.000    
   2      0.2117855E-07 0.8237E-07  0.2272816E-06 0.1496E-06 0.1033    
   3      0.8950968E-08 0.6886E-07  0.2244401E-06 0.1214E-06 0.9814E-01
   4      0.1726554E-07 0.6594E-07  0.2140495E-06 0.1027E-06 0.1514    
   5     -0.8527787E-08 0.6485E-07  0.2112689E-06 0.9137E-07 0.1600    
   6     -0.1084041E-06 0.6564E-07 -0.7952613E-09 0.5309E-07  1.747    
   7     -0.1014537E-06 0.6405E-07 -0.3894209E-07 0.4150E-07  1.710    
   8      0.1248702E-06 0.6368E-07  0.2123492E-07 0.3376E-07  2.183    
   9      0.5663679E-07 0.6400E-07  0.2369972E-07 0.3121E-07  2.090    
  10      0.1046028E-06 0.6433E-07  0.3909512E-07 0.2808E-07  2.000    



 INPUT PARAMETERS FOR VEGAS:  NDIM=  4  NCALL=  933897762.
                              IT=    0  ITMX=   20
                              MDS= -1   ND=  49
   1      0.8226039E-08 0.2100E-07  0.8226039E-08 0.2100E-07  0.000    
   2      0.3895851E-07 0.2092E-07  0.3765655E-07 0.1479E-07 0.1751    
   3      0.2968406E-07 0.2095E-07  0.3481440E-07 0.1209E-07 0.1343    
   4     -0.1929779E-07 0.2094E-07  0.2771890E-07 0.1047E-07  1.119    
   5      0.5845672E-08 0.2100E-07  0.2746046E-07 0.9362E-08  1.052    
   6      0.1310899E-07 0.2101E-07  0.2665598E-07 0.8548E-08 0.9831    
   7     -0.1253299E-07 0.2098E-07  0.2474110E-07 0.7915E-08  1.099    
   8      0.1349138E-08 0.2093E-07  0.2472779E-07 0.7403E-08  1.077    
   9      0.1447693E-07 0.2099E-07  0.2410109E-07 0.6981E-08  1.010    
  10     -0.5616151E-08 0.2099E-07  0.2383031E-07 0.6623E-08  1.009    
  11     -0.8742295E-08 0.2091E-07  0.2312143E-07 0.6314E-08  1.034    
  12      0.4784570E-08 0.2094E-07  0.2300292E-07 0.6046E-08  1.024    
  13      0.1110598E-07 0.2096E-07  0.2260361E-07 0.5809E-08 0.9939    
  14      0.4713642E-07 0.2096E-07  0.3184782E-07 0.5599E-08 0.9620    
  15      0.1160917E-07 0.2098E-07  0.3139633E-07 0.5410E-08 0.9575    
  16      0.1906496E-07 0.2096E-07  0.3069541E-07 0.5238E-08 0.9188    
  17      0.3391139E-07 0.2099E-07  0.3118449E-07 0.5083E-08 0.7788    
  18     -0.7119814E-08 0.2099E-07  0.3092934E-07 0.4940E-08 0.7944    
  19     -0.3577239E-07 0.2108E-07  0.2140055E-07 0.4812E-08  1.985    
  20      0.3969607E-07 0.2098E-07  0.2415907E-07 0.4691E-08  1.783    
   
   
 Integral Plus:   2.4159066851768433E-008 +-   4.6906847603522961E-009
 with chisq    =   1.7830059602742780     
  
  
  
 For xq =         1600 
  
 RM48 INITIALIZED:        40           0         0



 INPUT PARAMETERS FOR VEGAS:  NDIM=  4  NCALL=   99574272.
                              IT=    0  ITMX=   10
                              MDS= -1   ND=  42
   1     -0.7665292E-07 0.6460E-07 -0.7665292E-07 0.6460E-07  0.000    
   2      0.8073481E-08 0.2647E-07 -0.7139941E-07 0.4449E-07 0.2110    
   3     -0.1387927E-07 0.2309E-07 -0.6023951E-07 0.3313E-07 0.3889    
   4     -0.1596897E-07 0.2194E-07 -0.5043467E-07 0.2584E-07 0.5006    
   5     -0.2010615E-07 0.2153E-07 -0.4233183E-07 0.2040E-07 0.5495    
   6     -0.1464090E-07 0.2163E-07 -0.3892212E-07 0.1771E-07 0.5642    
   7     -0.1902579E-08 0.2159E-07 -0.3884503E-07 0.1639E-07 0.5500    
   8     -0.4307483E-08 0.2173E-07 -0.3848484E-07 0.1527E-07 0.5449    
   9      0.1671754E-07 0.2163E-07 -0.3093537E-07 0.1364E-07 0.7577    
  10      0.1172253E-07 0.2178E-07 -0.2828175E-07 0.1265E-07 0.8082    



 INPUT PARAMETERS FOR VEGAS:  NDIM=  4  NCALL=  933897762.
                              IT=    0  ITMX=   20
                              MDS= -1   ND=  49
   1      0.1979380E-07 0.7060E-08  0.1979380E-07 0.7060E-08  0.000    
   2      0.1185313E-07 0.7078E-08  0.1770541E-07 0.4996E-08 0.4897    
   3      0.2543920E-07 0.7089E-08  0.2193601E-07 0.4086E-08 0.6095    
   4      0.1851811E-07 0.7068E-08  0.2116446E-07 0.3538E-08 0.4741    
   5      0.6969021E-09 0.7076E-08  0.2115793E-07 0.3164E-08 0.4477    
   6      0.2161063E-07 0.7076E-08  0.2126417E-07 0.2889E-08 0.3298    
   7      0.1722030E-07 0.7092E-08  0.2074181E-07 0.2675E-08 0.3219    
   8      0.8367027E-08 0.7045E-08  0.2037079E-07 0.2502E-08 0.4076    
   9      0.2164364E-07 0.7064E-08  0.2058253E-07 0.2358E-08 0.3397    
  10      0.1457495E-07 0.7080E-08  0.2016291E-07 0.2237E-08 0.3641    
  11      0.7641691E-08 0.7080E-08  0.1992704E-07 0.2133E-08 0.4174    
  12      0.1547605E-07 0.7078E-08  0.1960761E-07 0.2042E-08 0.4129    
  13      0.1399029E-07 0.7069E-08  0.1929569E-07 0.1962E-08 0.4232    
  14      0.2056130E-07 0.7086E-08  0.1943067E-07 0.1891E-08 0.3790    
  15      0.6194303E-08 0.7092E-08  0.1930400E-07 0.1827E-08 0.4089    
  16      0.1567635E-07 0.7079E-08  0.1909379E-07 0.1769E-08 0.3988    
  17      0.1221180E-07 0.7068E-08  0.1885933E-07 0.1716E-08 0.4168    
  18      0.3330049E-08 0.7071E-08  0.1882012E-07 0.1668E-08 0.4272    
  19      0.1332882E-07 0.7087E-08  0.1860756E-07 0.1623E-08 0.4330    
  20      0.2259541E-07 0.7061E-08  0.1900946E-07 0.1582E-08 0.4187    
   
   
 Integral Plus:   1.9009461924324756E-008 +-   1.5820145796540581E-009
 with chisq    =  0.41873308661130448     
  
  
  
 For xq =         1900 
  
 RM48 INITIALIZED:        40           0         0



 INPUT PARAMETERS FOR VEGAS:  NDIM=  4  NCALL=   99574272.
                              IT=    0  ITMX=   10
                              MDS= -1   ND=  42
   1      0.2655072E-07 0.2281E-07  0.2655072E-07 0.2281E-07  0.000    
   2      0.2997574E-08 0.9693E-08  0.2499824E-07 0.1568E-07 0.1388    
   3      0.1048398E-08 0.8507E-08  0.2475014E-07 0.1275E-07 0.1221    
   4      0.9529695E-08 0.8277E-08  0.1752351E-07 0.8495E-08 0.3631    
   5      0.1919862E-07 0.8251E-08  0.1862870E-07 0.5350E-08 0.2391    
   6     -0.9994690E-08 0.8101E-08  0.1414951E-07 0.4673E-08  1.202    
   7      0.1376939E-07 0.8152E-08  0.1406332E-07 0.4077E-08  1.018    
   8     -0.2003251E-08 0.8173E-08  0.1398696E-07 0.3810E-08  1.006    
   9      0.3367257E-08 0.8140E-08  0.1384510E-07 0.3582E-08 0.9974    
  10      0.6003058E-08 0.8179E-08  0.1352867E-07 0.3369E-08 0.9849    



 INPUT PARAMETERS FOR VEGAS:  NDIM=  4  NCALL=  933897762.
                              IT=    0  ITMX=   20
                              MDS= -1   ND=  49
   1      0.9312140E-08 0.2669E-08  0.9312140E-08 0.2669E-08  0.000    
   2      0.5137507E-08 0.2657E-08  0.8331307E-08 0.1885E-08 0.8813    
   3      0.7917612E-08 0.2663E-08  0.8183583E-08 0.1539E-08 0.4336    
   4      0.1364309E-07 0.2665E-08  0.1099190E-07 0.1332E-08  1.585    
   5      0.1274659E-07 0.2671E-08  0.1153389E-07 0.1193E-08  1.141    
   6      0.1146717E-07 0.2669E-08  0.1152053E-07 0.1089E-08 0.8760    
   7      0.1207587E-07 0.2663E-08  0.1162179E-07 0.1008E-08 0.7043    
   8      0.4449856E-08 0.2674E-08  0.1144989E-07 0.9428E-09 0.8667    
   9      0.6473331E-08 0.2661E-08  0.1120738E-07 0.8888E-09 0.9934    
  10      0.4069926E-08 0.2661E-08  0.1107250E-07 0.8431E-09  1.110    
  11      0.9531253E-08 0.2671E-08  0.1092877E-07 0.8040E-09  1.027    
  12      0.6582582E-08 0.2669E-08  0.1074346E-07 0.7698E-09  1.094    
  13      0.1101266E-07 0.2678E-08  0.1077199E-07 0.7400E-09 0.9711    
  14      0.5008159E-08 0.2663E-08  0.1064700E-07 0.7130E-09  1.051    
  15      0.7037522E-08 0.2672E-08  0.1049967E-07 0.6889E-09  1.080    
  16      0.9802384E-08 0.2663E-08  0.1044818E-07 0.6669E-09  1.001    
  17      0.9762052E-08 0.2676E-08  0.1040179E-07 0.6471E-09 0.9336    
  18      0.5587092E-08 0.2667E-08  0.1029676E-07 0.6289E-09 0.9837    
  19      0.1033840E-07 0.2663E-08  0.1029966E-07 0.6120E-09 0.9126    
  20      0.6122505E-08 0.2675E-08  0.1020088E-07 0.5966E-09 0.9480    
   
   
 Integral Plus:   1.0200877613645086E-008 +-   5.9657654122044070E-010
 with chisq    =  0.94798093033337161     
  
  
  
 For xq =         2200 
  
 RM48 INITIALIZED:        40           0         0



 INPUT PARAMETERS FOR VEGAS:  NDIM=  4  NCALL=   99574272.
                              IT=    0  ITMX=   10
                              MDS= -1   ND=  42
   1     -0.5408038E-09 0.8859E-08 -0.5408038E-09 0.8859E-08  0.000    
   2     -0.7515399E-09 0.3862E-08 -0.7326573E-09 0.3210E-08 0.3515E-03
   3      0.4589721E-08 0.3449E-08  0.4467610E-08 0.2008E-08 0.7877E-01
   4      0.1246061E-08 0.3388E-08  0.4243842E-08 0.1736E-08 0.1396    
   5      0.6858197E-08 0.3331E-08  0.6035023E-08 0.1510E-08 0.2053    
   6      0.7501207E-08 0.3364E-08  0.6688378E-08 0.1376E-08 0.1657    
   7      0.3928926E-08 0.3346E-08  0.6384936E-08 0.1273E-08 0.2203    
   8      0.6136066E-08 0.3361E-08  0.6332660E-08 0.1190E-08 0.1716    
   9      0.5409160E-08 0.3363E-08  0.6203221E-08 0.1122E-08 0.1555    
  10      0.5870483E-08 0.3401E-08  0.6156990E-08 0.1066E-08 0.1332    



 INPUT PARAMETERS FOR VEGAS:  NDIM=  4  NCALL=  933897762.
                              IT=    0  ITMX=   20
                              MDS= -1   ND=  49
   1      0.5543576E-08 0.1091E-08  0.5543576E-08 0.1091E-08  0.000    
   2      0.4259704E-08 0.1095E-08  0.5069232E-08 0.7723E-09 0.6438    
   3      0.4675359E-08 0.1097E-08  0.4948200E-08 0.6314E-09 0.3750    
   4      0.4983129E-08 0.1091E-08  0.4957306E-08 0.5465E-09 0.2470    
   5      0.4518789E-08 0.1092E-08  0.4879965E-08 0.4887E-09 0.2201    
   6      0.5006093E-08 0.1093E-08  0.4902356E-08 0.4461E-09 0.1760    
   7      0.3263431E-08 0.1095E-08  0.4787703E-08 0.4131E-09 0.3298    
   8      0.4858518E-08 0.1091E-08  0.4797261E-08 0.3864E-09 0.2801    
   9      0.2789339E-08 0.1093E-08  0.4711934E-08 0.3643E-09 0.4186    
  10      0.3163374E-08 0.1092E-08  0.4631534E-08 0.3455E-09 0.5018    
  11      0.5747257E-08 0.1093E-08  0.4794550E-08 0.3295E-09 0.5673    
  12      0.4241479E-08 0.1096E-08  0.4754003E-08 0.3155E-09 0.5402    
  13      0.3907848E-08 0.1090E-08  0.4703959E-08 0.3031E-09 0.5410    
  14      0.4147339E-08 0.1093E-08  0.4669344E-08 0.2921E-09 0.5206    
  15      0.4010998E-08 0.1093E-08  0.4633162E-08 0.2822E-09 0.5097    
  16      0.3103718E-08 0.1096E-08  0.4584670E-08 0.2732E-09 0.5554    
  17      0.2172159E-08 0.1094E-08  0.4547655E-08 0.2651E-09 0.6229    
  18      0.4936274E-08 0.1093E-08  0.4576210E-08 0.2576E-09 0.5843    
  19      0.2611714E-08 0.1094E-08  0.4536634E-08 0.2507E-09 0.6380    
  20      0.4228228E-08 0.1095E-08  0.4521205E-08 0.2444E-09 0.6083    
   
   
 Integral Plus:   4.5212052900028081E-009 +-   2.4440786782649744E-010
 with chisq    =  0.60829490399566410     
  
  
  
 For xq =         2500 
  
 RM48 INITIALIZED:        40           0         0



 INPUT PARAMETERS FOR VEGAS:  NDIM=  4  NCALL=   99574272.
                              IT=    0  ITMX=   10
                              MDS= -1   ND=  42
   1      0.4626352E-08 0.3699E-08  0.4626352E-08 0.3699E-08  0.000    
   2      0.1158382E-08 0.1614E-08  0.3767156E-08 0.2338E-08 0.4099    
   3      0.4849063E-08 0.1474E-08  0.4674744E-08 0.1093E-08 0.2174    
   4      0.3023842E-09 0.1469E-08  0.4660436E-08 0.9459E-09 0.2161    
   5      0.1991599E-08 0.1441E-08  0.4317240E-08 0.8229E-09 0.4813    
   6      0.3363971E-08 0.1436E-08  0.4060062E-08 0.7104E-09 0.4482    
   7      0.2393714E-09 0.1438E-08  0.4054867E-08 0.6576E-09 0.4430    
   8      0.6154985E-09 0.1443E-08  0.4024418E-08 0.6143E-09 0.4706    
   9      0.2702782E-08 0.1452E-08  0.3833809E-08 0.5664E-09 0.4984    
  10      0.1890995E-08 0.1447E-08  0.3704958E-08 0.5324E-09 0.5598    



 INPUT PARAMETERS FOR VEGAS:  NDIM=  4  NCALL=  933897762.
                              IT=    0  ITMX=   20
                              MDS= -1   ND=  49
   1      0.1015707E-08 0.4678E-09  0.1015707E-08 0.4678E-09  0.000    
   2      0.2706953E-08 0.4696E-09  0.2496830E-08 0.3319E-09  2.826    
   3      0.2013234E-08 0.4715E-09  0.2339895E-08 0.2714E-09  1.775    
   4      0.1624716E-08 0.4689E-09  0.2213963E-08 0.2349E-09  1.749    
   5      0.2118251E-08 0.4723E-09  0.2192156E-08 0.2104E-09  1.273    
   6      0.2745121E-08 0.4689E-09  0.2346796E-08 0.1919E-09  1.216    
   7      0.2133160E-08 0.4701E-09  0.2316077E-08 0.1776E-09  1.042    
   8      0.1765210E-08 0.4703E-09  0.2266735E-08 0.1662E-09  1.057    
   9      0.2553379E-08 0.4704E-09  0.2311967E-08 0.1567E-09 0.9319    
  10      0.2434276E-08 0.4715E-09  0.2327246E-08 0.1487E-09 0.8130    
  11      0.1510171E-08 0.4704E-09  0.2289591E-08 0.1418E-09 0.9137    
  12      0.2980726E-08 0.4690E-09  0.2395303E-08 0.1357E-09  1.074    
  13      0.2839055E-08 0.4694E-09  0.2449292E-08 0.1304E-09  1.040    
  14      0.2523960E-08 0.4693E-09  0.2455844E-08 0.1256E-09 0.9456    
  15      0.2591741E-08 0.4680E-09  0.2467415E-08 0.1213E-09 0.8683    
  16      0.2149132E-08 0.4694E-09  0.2449909E-08 0.1174E-09 0.8424    
  17      0.2233940E-08 0.4692E-09  0.2437787E-08 0.1139E-09 0.8040    
  18      0.1664700E-08 0.4712E-09  0.2414608E-08 0.1107E-09 0.8605    
  19      0.1827196E-08 0.4700E-09  0.2394031E-08 0.1078E-09 0.8835    
  20      0.1343563E-08 0.4694E-09  0.2374453E-08 0.1050E-09 0.9610    
   
   
 Integral Plus:   2.3744534959886419E-009 +-   1.0504128419716113E-010
 with chisq    =  0.96095555469935190     
  
  
  
 For xq =         2800 
  
 RM48 INITIALIZED:        40           0         0



 INPUT PARAMETERS FOR VEGAS:  NDIM=  4  NCALL=   99574272.
                              IT=    0  ITMX=   10
                              MDS= -1   ND=  42
   1      0.2295598E-08 0.1568E-08  0.2295598E-08 0.1568E-08  0.000    
   2      0.1361328E-08 0.7167E-09  0.1709603E-08 0.7868E-09 0.3296    
   3      0.1071293E-08 0.6566E-09  0.1507648E-08 0.5724E-09 0.3474    
   4      0.1189363E-08 0.6497E-09  0.1417005E-08 0.4536E-09 0.2971    
   5      0.2751412E-08 0.6437E-09  0.2228712E-08 0.3390E-09  1.080    
   6      0.4729116E-09 0.6542E-09  0.2198689E-08 0.3088E-09  1.132    
   7      0.9232177E-09 0.6446E-09  0.2118470E-08 0.2834E-09  1.248    
   8      0.9168788E-09 0.6450E-09  0.2048349E-08 0.2631E-09  1.333    
   9      0.1362821E-08 0.6456E-09  0.1970196E-08 0.2445E-09  1.295    
  10      0.1810908E-08 0.6485E-09  0.1943706E-08 0.2277E-09  1.114    



 INPUT PARAMETERS FOR VEGAS:  NDIM=  4  NCALL=  933897762.
                              IT=    0  ITMX=   20
                              MDS= -1   ND=  49
   1      0.1406723E-08 0.2104E-09  0.1406723E-08 0.2104E-09  0.000    
   2      0.1524157E-08 0.2101E-09  0.1470227E-08 0.1486E-09 0.1550    
   3      0.1560080E-08 0.2098E-09  0.1502768E-08 0.1213E-09 0.1376    
   4      0.1371896E-08 0.2100E-09  0.1474158E-08 0.1050E-09 0.1840    
   5      0.1592671E-08 0.2102E-09  0.1501077E-08 0.9396E-10 0.2031    
   6      0.1379904E-08 0.2103E-09  0.1483434E-08 0.8578E-10 0.2162    
   7      0.1635207E-08 0.2100E-09  0.1509263E-08 0.7941E-10 0.2605    
   8      0.1356168E-08 0.2101E-09  0.1493245E-08 0.7428E-10 0.2853    
   9      0.1327152E-08 0.2099E-09  0.1478087E-08 0.7003E-10 0.3136    
  10      0.9814609E-09 0.2097E-09  0.1454426E-08 0.6643E-10 0.5768    
  11      0.8473490E-09 0.2104E-09  0.1433746E-08 0.6334E-10 0.8538    
  12      0.1310934E-08 0.2102E-09  0.1424475E-08 0.6064E-10 0.8088    
  13      0.1124378E-08 0.2103E-09  0.1408691E-08 0.5827E-10 0.8710    
  14      0.1015210E-08 0.2099E-09  0.1392464E-08 0.5615E-10 0.9796    
  15      0.1152991E-08 0.2106E-09  0.1380442E-08 0.5425E-10 0.9918    
  16      0.1059512E-08 0.2104E-09  0.1367370E-08 0.5253E-10  1.044    
  17      0.1487383E-08 0.2100E-09  0.1376319E-08 0.5096E-10 0.9866    
  18      0.1245354E-08 0.2097E-09  0.1369796E-08 0.4952E-10 0.9538    
  19      0.9737508E-09 0.2105E-09  0.1358179E-08 0.4820E-10  1.030    
  20      0.1115752E-08 0.2104E-09  0.1349180E-08 0.4698E-10  1.039    
   
   
 Integral Plus:   1.3491799380840893E-009 +-   4.6984513811586749E-011
 with chisq    =   1.0386768056947087     
  
  
  
 For xq =         3100 
  
 RM48 INITIALIZED:        40           0         0



 INPUT PARAMETERS FOR VEGAS:  NDIM=  4  NCALL=   99574272.
                              IT=    0  ITMX=   10
                              MDS= -1   ND=  42
   1      0.1416722E-08 0.7064E-09  0.1416722E-08 0.7064E-09  0.000    
   2     -0.2162974E-11 0.3230E-09  0.1416707E-08 0.4995E-09 0.8996E-04
   3      0.2331573E-09 0.3039E-09  0.1265585E-08 0.3860E-09 0.5236    
   4      0.7889421E-09 0.2978E-09  0.9779264E-09 0.2402E-09 0.6715    
   5      0.8324232E-09 0.2961E-09  0.9190631E-09 0.1860E-09 0.5373    
   6      0.2394651E-09 0.2939E-09  0.8967296E-09 0.1683E-09 0.6107    
   7      0.6577389E-09 0.3004E-09  0.8508705E-09 0.1487E-09 0.5941    
   8      0.9229684E-09 0.2994E-09  0.8707320E-09 0.1308E-09 0.4856    
   9      0.3933276E-09 0.2967E-09  0.8475901E-09 0.1222E-09 0.5508    
  10      0.1131203E-08 0.2977E-09  0.9283924E-09 0.1102E-09 0.5809    



 INPUT PARAMETERS FOR VEGAS:  NDIM=  4  NCALL=  933897762.
                              IT=    0  ITMX=   20
                              MDS= -1   ND=  49
   1      0.7005841E-09 0.9667E-10  0.7005841E-09 0.9667E-10  0.000    
   2      0.7211258E-09 0.9684E-10  0.7111336E-09 0.6842E-10 0.2252E-01
   3      0.7838379E-09 0.9677E-10  0.7386147E-09 0.5586E-10 0.2096    
   4      0.6070201E-09 0.9697E-10  0.7143806E-09 0.4840E-10 0.5221    
   5      0.4183086E-09 0.9698E-10  0.6905745E-09 0.4330E-10  1.314    
   6      0.5062075E-09 0.9696E-10  0.6711471E-09 0.3953E-10  1.539    
   7      0.6415156E-09 0.9663E-10  0.6668327E-09 0.3659E-10  1.292    
   8      0.6516601E-09 0.9718E-10  0.6648705E-09 0.3424E-10  1.104    
   9      0.6505606E-09 0.9714E-10  0.6632355E-09 0.3229E-10 0.9647    
  10      0.6295216E-09 0.9709E-10  0.6599737E-09 0.3064E-10 0.8720    
  11      0.6989486E-09 0.9679E-10  0.6641497E-09 0.2921E-10 0.7880    
  12      0.6678298E-09 0.9708E-10  0.6644758E-09 0.2797E-10 0.7122    
  13      0.6740294E-09 0.9695E-10  0.6652686E-09 0.2688E-10 0.6493    
  14      0.7512173E-09 0.9696E-10  0.6733001E-09 0.2590E-10 0.6568    
  15      0.6800019E-09 0.9689E-10  0.6737774E-09 0.2502E-10 0.6073    
  16      0.5973222E-09 0.9735E-10  0.6698310E-09 0.2423E-10 0.6056    
  17      0.4674446E-09 0.9696E-10  0.6635802E-09 0.2351E-10 0.7232    
  18      0.6240641E-09 0.9708E-10  0.6615232E-09 0.2285E-10 0.6918    
  19      0.6052114E-09 0.9686E-10  0.6588838E-09 0.2224E-10 0.6733    
  20      0.6340557E-09 0.9718E-10  0.6576765E-09 0.2168E-10 0.6418    
   
   
 Integral Plus:   6.5767652177404367E-010 +-   2.1678998342800464E-011
 with chisq    =  0.64180706541814159     
  
  
  
 For xq =         3400 
  
 RM48 INITIALIZED:        40           0         0



 INPUT PARAMETERS FOR VEGAS:  NDIM=  4  NCALL=   99574272.
                              IT=    0  ITMX=   10
                              MDS= -1   ND=  42
   1      0.5749051E-09 0.3231E-09  0.5749051E-09 0.3231E-09  0.000    
   2      0.3348017E-09 0.1499E-09  0.4280285E-09 0.1647E-09 0.5047    
   3      0.4092875E-09 0.1418E-09  0.4185620E-09 0.1111E-09 0.2781    
   4      0.3326443E-09 0.1389E-09  0.3963861E-09 0.9006E-10 0.2674    
   5      0.4362892E-09 0.1394E-09  0.4085926E-09 0.7545E-10 0.2131    
   6      0.2703997E-09 0.1394E-09  0.3940601E-09 0.6772E-10 0.2678    
   7      0.3477982E-09 0.1395E-09  0.3872135E-09 0.6133E-10 0.2438    
   8      0.2974313E-09 0.1386E-09  0.3783364E-09 0.5659E-10 0.2532    
   9      0.1518058E-09 0.1399E-09  0.3727525E-09 0.5320E-10 0.2990    
  10      0.3500417E-09 0.1395E-09  0.3701074E-09 0.4977E-10 0.2707    



 INPUT PARAMETERS FOR VEGAS:  NDIM=  4  NCALL=  933897762.
                              IT=    0  ITMX=   20
                              MDS= -1   ND=  49
   1      0.3789088E-09 0.4537E-10  0.3789088E-09 0.4537E-10  0.000    
   2      0.2756042E-09 0.4523E-10  0.3430188E-09 0.3205E-10  2.355    
   3      0.3365862E-09 0.4527E-10  0.3408259E-09 0.2616E-10  1.172    
   4      0.3323524E-09 0.4535E-10  0.3387171E-09 0.2266E-10 0.7909    
   5      0.3989926E-09 0.4526E-10  0.3546739E-09 0.2026E-10 0.9763    
   6      0.3471905E-09 0.4534E-10  0.3534279E-09 0.1850E-10 0.7855    
   7      0.3426321E-09 0.4535E-10  0.3519221E-09 0.1713E-10 0.6650    
   8      0.3924228E-09 0.4538E-10  0.3581795E-09 0.1602E-10 0.6697    
   9      0.3798178E-09 0.4529E-10  0.3609245E-09 0.1511E-10 0.6042    
  10      0.3837884E-09 0.4528E-10  0.3635470E-09 0.1433E-10 0.5571    
  11      0.3852856E-09 0.4526E-10  0.3658018E-09 0.1366E-10 0.5180    
  12      0.4191131E-09 0.4533E-10  0.3716131E-09 0.1308E-10 0.6043    
  13      0.3412513E-09 0.4540E-10  0.3695727E-09 0.1257E-10 0.5901    
  14      0.3353019E-09 0.4537E-10  0.3674818E-09 0.1211E-10 0.5861    
  15      0.3439275E-09 0.4533E-10  0.3660589E-09 0.1170E-10 0.5643    
  16      0.3132036E-09 0.4522E-10  0.3635260E-09 0.1133E-10 0.6011    
  17      0.3661330E-09 0.4543E-10  0.3636848E-09 0.1099E-10 0.5623    
  18      0.4206801E-09 0.4538E-10  0.3679379E-09 0.1068E-10 0.6341    
  19      0.3484744E-09 0.4536E-10  0.3669891E-09 0.1040E-10 0.6103    
  20      0.3289294E-09 0.4537E-10  0.3654058E-09 0.1014E-10 0.6128    
   
   
 Integral Plus:   3.6540584994638779E-010 +-   1.0136247479108544E-011
 with chisq    =  0.61281631434746409     
  
  
  
 For xq =         3700 
  
 RM48 INITIALIZED:        40           0         0



 INPUT PARAMETERS FOR VEGAS:  NDIM=  4  NCALL=   99574272.
                              IT=    0  ITMX=   10
                              MDS= -1   ND=  42
   1     -0.2311427E-09 0.1503E-09 -0.2311427E-09 0.1503E-09  0.000    
   2      0.1116645E-09 0.7073E-10 -0.5527678E-10 0.8236E-10  4.329    
   3      0.2888355E-09 0.6671E-10  0.2180122E-09 0.4592E-10  6.022    
   4      0.2582236E-09 0.6581E-10  0.2338861E-09 0.3721E-10  3.793    
   5      0.3131269E-09 0.6519E-10  0.2633394E-09 0.3181E-10  2.808    
   6      0.2943208E-09 0.6548E-10  0.2709475E-09 0.2849E-10  2.157    
   7      0.9986790E-10 0.6513E-10  0.2661945E-09 0.2633E-10  2.236    
   8      0.2966472E-09 0.6491E-10  0.2722231E-09 0.2431E-10  1.839    
   9      0.1095789E-09 0.6505E-10  0.2679635E-09 0.2288E-10  1.929    
  10      0.1955622E-09 0.6636E-10  0.2625899E-09 0.2166E-10  1.858    



 INPUT PARAMETERS FOR VEGAS:  NDIM=  4  NCALL=  933897762.
                              IT=    0  ITMX=   20
                              MDS= -1   ND=  49
   1      0.1638278E-09 0.2154E-10  0.1638278E-09 0.2154E-10  0.000    
   2      0.1849438E-09 0.2149E-10  0.1756843E-09 0.1521E-10 0.4743    
   3      0.1770251E-09 0.2155E-10  0.1761382E-09 0.1243E-10 0.2364    
   4      0.1842451E-09 0.2156E-10  0.1783112E-09 0.1077E-10 0.1907    
   5      0.1764951E-09 0.2150E-10  0.1779509E-09 0.9628E-11 0.1448    
   6      0.1701423E-09 0.2154E-10  0.1767395E-09 0.8790E-11 0.1382    
   7      0.1792077E-09 0.2148E-10  0.1771038E-09 0.8135E-11 0.1165    
   8      0.1980793E-09 0.2148E-10  0.1803071E-09 0.7607E-11 0.2373    
   9      0.1806170E-09 0.2152E-10  0.1803419E-09 0.7172E-11 0.2074    
  10      0.1745195E-09 0.2152E-10  0.1797894E-09 0.6804E-11 0.1924    
  11      0.2094941E-09 0.2148E-10  0.1833751E-09 0.6486E-11 0.3901    
  12      0.2176975E-09 0.2150E-10  0.1873250E-09 0.6210E-11 0.6253    
  13      0.1503864E-09 0.2147E-10  0.1853972E-09 0.5965E-11 0.7467    
  14      0.2076125E-09 0.2149E-10  0.1874038E-09 0.5748E-11 0.7697    
  15      0.2376317E-09 0.2145E-10  0.1927361E-09 0.5552E-11  1.240    
  16      0.1939745E-09 0.2150E-10  0.1928175E-09 0.5375E-11  1.153    
  17      0.1921670E-09 0.2150E-10  0.1927781E-09 0.5215E-11  1.079    
  18      0.2268158E-09 0.2139E-10  0.1954544E-09 0.5066E-11  1.184    
  19      0.2058958E-09 0.2151E-10  0.1960834E-09 0.4931E-11  1.123    
  20      0.2151411E-09 0.2149E-10  0.1972614E-09 0.4806E-11  1.099    
   
   
 Integral Plus:   1.9726142052840328E-010 +-   4.8061484725249322E-012
 with chisq    =   1.0988388149092478     
  
  
  
 For xq =         4000 
  
 RM48 INITIALIZED:        40           0         0



 INPUT PARAMETERS FOR VEGAS:  NDIM=  4  NCALL=   99574272.
                              IT=    0  ITMX=   10
                              MDS= -1   ND=  42
   1      0.7413763E-10 0.7012E-10  0.7413763E-10 0.7012E-10  0.000    
   2      0.9812410E-10 0.3350E-10  0.9535912E-10 0.2793E-10 0.7524E-01
   3      0.1242507E-09 0.3170E-10  0.1130734E-09 0.2016E-10 0.2715    
   4      0.1013940E-09 0.3162E-10  0.1096750E-09 0.1700E-10 0.2130    
   5      0.7410199E-10 0.3131E-10  0.1048104E-09 0.1504E-10 0.3411    
   6      0.1464250E-09 0.3151E-10  0.1191758E-09 0.1344E-10 0.6573    
   7      0.1171758E-09 0.3132E-10  0.1188100E-09 0.1233E-10 0.5320    
   8      0.7122783E-10 0.3130E-10  0.1157947E-09 0.1151E-10 0.6356    
   9      0.5132433E-10 0.3140E-10  0.1137536E-09 0.1084E-10 0.7428    
  10      0.1352126E-09 0.3159E-10  0.1175811E-09 0.1023E-10 0.6805    



 INPUT PARAMETERS FOR VEGAS:  NDIM=  4  NCALL=  933897762.
                              IT=    0  ITMX=   20
                              MDS= -1   ND=  49
   1      0.9472126E-10 0.1024E-10  0.9472126E-10 0.1024E-10  0.000    
   2      0.1313599E-09 0.1024E-10  0.1188321E-09 0.7239E-11  5.764    
   3      0.1153001E-09 0.1025E-10  0.1176466E-09 0.5914E-11  2.909    
   4      0.1060136E-09 0.1022E-10  0.1150625E-09 0.5119E-11  2.310    
   5      0.9221988E-10 0.1025E-10  0.1117886E-09 0.4579E-11  2.619    
   6      0.8865696E-10 0.1023E-10  0.1090733E-09 0.4180E-11  2.854    
   7      0.9887865E-10 0.1024E-10  0.1077780E-09 0.3870E-11  2.551    
   8      0.1041468E-09 0.1024E-10  0.1073293E-09 0.3620E-11  2.205    
   9      0.9953448E-10 0.1026E-10  0.1065415E-09 0.3414E-11  2.010    
  10      0.1030422E-09 0.1024E-10  0.1061981E-09 0.3238E-11  1.802    
  11      0.1040239E-09 0.1026E-10  0.1060011E-09 0.3088E-11  1.626    
  12      0.1137189E-09 0.1029E-10  0.1067505E-09 0.2958E-11  1.509    
  13      0.1095172E-09 0.1024E-10  0.1069812E-09 0.2842E-11  1.379    
  14      0.9767147E-10 0.1024E-10  0.1064019E-09 0.2738E-11  1.338    
  15      0.9938134E-10 0.1023E-10  0.1059766E-09 0.2645E-11  1.279    
  16      0.1065519E-09 0.1022E-10  0.1060142E-09 0.2561E-11  1.191    
  17      0.9264217E-10 0.1025E-10  0.1053895E-09 0.2484E-11  1.212    
  18      0.1039916E-09 0.1023E-10  0.1053115E-09 0.2414E-11  1.141    
  19      0.9636795E-10 0.1025E-10  0.1049037E-09 0.2350E-11  1.121    
  20      0.9861218E-10 0.1025E-10  0.1046168E-09 0.2290E-11  1.084    
   
   
 Integral Plus:   1.0461681815045396E-010 +-   2.2904411188276889E-012
 with chisq    =   1.0839887896109044     
  
  
  
 For xq =         4300 
  
 RM48 INITIALIZED:        40           0         0



 INPUT PARAMETERS FOR VEGAS:  NDIM=  4  NCALL=   99574272.
                              IT=    0  ITMX=   10
                              MDS= -1   ND=  42
   1      0.4237122E-10 0.3361E-10  0.4237122E-10 0.3361E-10  0.000    
   2      0.6457709E-10 0.1582E-10  0.6264404E-10 0.1278E-10 0.2399    
   3      0.5272112E-10 0.1533E-10  0.5874322E-10 0.9843E-11 0.2440    
   4      0.6289929E-10 0.1503E-10  0.6027208E-10 0.8168E-11 0.1694    
   5      0.8158002E-10 0.1486E-10  0.6853093E-10 0.7058E-11 0.6451    
   6      0.4988835E-10 0.1495E-10  0.6619405E-10 0.6401E-11 0.7347    
   7      0.4638297E-10 0.1499E-10  0.6426806E-10 0.5902E-11 0.8151    
   8      0.3852591E-10 0.1492E-10  0.6263423E-10 0.5505E-11 0.9376    
   9      0.5721095E-10 0.1517E-10  0.6198786E-10 0.5175E-11 0.8323    
  10      0.4753669E-10 0.1498E-10  0.6086249E-10 0.4896E-11 0.8317    



 INPUT PARAMETERS FOR VEGAS:  NDIM=  4  NCALL=  933897762.
                              IT=    0  ITMX=   20
                              MDS= -1   ND=  49
   1      0.4834215E-10 0.4872E-11  0.4834215E-10 0.4872E-11  0.000    
   2      0.6163768E-10 0.4883E-11  0.5655952E-10 0.3450E-11  3.506    
   3      0.5419555E-10 0.4871E-11  0.5579256E-10 0.2815E-11  1.856    
   4      0.6490582E-10 0.4882E-11  0.5867726E-10 0.2439E-11  2.133    
   5      0.6199195E-10 0.4887E-11  0.5941877E-10 0.2183E-11  1.651    
   6      0.5428684E-10 0.4877E-11  0.5866445E-10 0.1992E-11  1.519    
   7      0.5444843E-10 0.4882E-11  0.5812246E-10 0.1844E-11  1.384    
   8      0.4990401E-10 0.4887E-11  0.5732287E-10 0.1726E-11  1.508    
   9      0.6174783E-10 0.4870E-11  0.5790006E-10 0.1626E-11  1.397    
  10      0.6397177E-10 0.4887E-11  0.5864125E-10 0.1543E-11  1.395    
  11      0.6373508E-10 0.4870E-11  0.5919516E-10 0.1471E-11  1.348    
  12      0.5878103E-10 0.4880E-11  0.5916023E-10 0.1408E-11  1.224    
  13      0.6125689E-10 0.4882E-11  0.5933602E-10 0.1353E-11  1.129    
  14      0.6038052E-10 0.4872E-11  0.5941499E-10 0.1304E-11  1.041    
  15      0.5508904E-10 0.4893E-11  0.5916085E-10 0.1260E-11  1.021    
  16      0.4563182E-10 0.4884E-11  0.5863493E-10 0.1220E-11  1.284    
  17      0.5880594E-10 0.4873E-11  0.5864535E-10 0.1183E-11  1.201    
  18      0.6156697E-10 0.4881E-11  0.5882766E-10 0.1150E-11  1.144    
  19      0.5486351E-10 0.4869E-11  0.5863964E-10 0.1119E-11  1.118    
  20      0.5305020E-10 0.4883E-11  0.5840364E-10 0.1091E-11  1.124    
   
   
 Integral Plus:   5.8403637138086274E-011 +-   1.0910221706649635E-012
 with chisq    =   1.1239601697645505     
  
  
  
 For xq =         4600 
  
 RM48 INITIALIZED:        40           0         0



 INPUT PARAMETERS FOR VEGAS:  NDIM=  4  NCALL=   99574272.
                              IT=    0  ITMX=   10
                              MDS= -1   ND=  42
   1      0.2140650E-10 0.1582E-10  0.2140650E-10 0.1582E-10  0.000    
   2      0.3133730E-10 0.7451E-11  0.3040575E-10 0.6074E-11 0.2272    
   3      0.3645992E-10 0.7241E-11  0.3382624E-10 0.4536E-11 0.3076    
   4      0.2271373E-10 0.7101E-11  0.3176316E-10 0.3861E-11 0.6480    
   5      0.2084112E-10 0.7126E-11  0.3029573E-10 0.3419E-11 0.8333    
   6      0.2391406E-10 0.7117E-11  0.2933445E-10 0.3089E-11 0.8026    
   7      0.2879258E-10 0.7085E-11  0.2923659E-10 0.2828E-11 0.6548    
   8      0.4488977E-10 0.7063E-11  0.3403182E-10 0.2601E-11  1.560    
   9      0.2080142E-10 0.7116E-11  0.3322657E-10 0.2447E-11  1.656    
  10      0.3380143E-10 0.7243E-11  0.3330376E-10 0.2318E-11  1.422    



 INPUT PARAMETERS FOR VEGAS:  NDIM=  4  NCALL=  933897762.
                              IT=    0  ITMX=   20
                              MDS= -1   ND=  49
   1      0.2940730E-10 0.2320E-11  0.2940730E-10 0.2320E-11  0.000    
   2      0.2475663E-10 0.2316E-11  0.2747524E-10 0.1639E-11  1.954    
   3      0.3168754E-10 0.2318E-11  0.2917965E-10 0.1338E-11  2.066    
   4      0.3084154E-10 0.2318E-11  0.2964033E-10 0.1159E-11  1.465    
   5      0.3581705E-10 0.2323E-11  0.3131496E-10 0.1037E-11  2.751    
   6      0.2889483E-10 0.2327E-11  0.3095281E-10 0.9474E-12  2.410    
   7      0.3184927E-10 0.2320E-11  0.3109138E-10 0.8771E-12  2.004    
   8      0.3290159E-10 0.2322E-11  0.3134738E-10 0.8205E-12  1.770    
   9      0.2667586E-10 0.2324E-11  0.3095074E-10 0.7737E-12  1.948    
  10      0.2468139E-10 0.2320E-11  0.3052450E-10 0.7339E-12  2.307    
  11      0.3403195E-10 0.2322E-11  0.3092541E-10 0.6998E-12  2.277    
  12      0.3243282E-10 0.2321E-11  0.3106729E-10 0.6700E-12  2.085    
  13      0.2948737E-10 0.2323E-11  0.3095343E-10 0.6437E-12  1.954    
  14      0.3092318E-10 0.2321E-11  0.3095121E-10 0.6203E-12  1.800    
  15      0.2654987E-10 0.2323E-11  0.3072531E-10 0.5993E-12  1.886    
  16      0.3345940E-10 0.2322E-11  0.3093163E-10 0.5803E-12  1.839    
  17      0.3205272E-10 0.2320E-11  0.3100436E-10 0.5629E-12  1.729    
  18      0.3348229E-10 0.2313E-11  0.3116904E-10 0.5470E-12  1.684    
  19      0.3192816E-10 0.2323E-11  0.3121195E-10 0.5324E-12  1.589    
  20      0.2952290E-10 0.2322E-11  0.3113404E-10 0.5189E-12  1.536    
   
   
 Integral Plus:   3.1134039333075801E-011 +-   5.1894213128211396E-013
 with chisq    =   1.5363687576239249     
  
  
  
 For xq =         4900 
  
 RM48 INITIALIZED:        40           0         0



 INPUT PARAMETERS FOR VEGAS:  NDIM=  4  NCALL=   99574272.
                              IT=    0  ITMX=   10
                              MDS= -1   ND=  42
   1      0.1308769E-10 0.7403E-11  0.1308769E-10 0.7403E-11  0.000    
   2      0.1925999E-10 0.3481E-11  0.1868813E-10 0.2835E-11 0.3985    
   3      0.1112977E-10 0.3290E-11  0.1677350E-10 0.2217E-11  1.343    
   4      0.1719567E-10 0.3323E-11  0.1693061E-10 0.1828E-11 0.8307    
   5      0.1681397E-10 0.3328E-11  0.1690007E-10 0.1598E-11 0.6022    
   6      0.1001076E-10 0.3309E-11  0.1630870E-10 0.1450E-11 0.8894    
   7      0.1076407E-10 0.3346E-11  0.1581817E-10 0.1335E-11  1.028    
   8      0.1186689E-10 0.3337E-11  0.1543280E-10 0.1243E-11  1.045    
   9      0.1069390E-10 0.3349E-11  0.1508723E-10 0.1168E-11  1.100    
  10      0.1065604E-10 0.3362E-11  0.1479028E-10 0.1105E-11  1.130    



 INPUT PARAMETERS FOR VEGAS:  NDIM=  4  NCALL=  933897762.
                              IT=    0  ITMX=   20
                              MDS= -1   ND=  49
   1      0.1627964E-10 0.1091E-11  0.1627964E-10 0.1091E-11  0.000    
   2      0.1699553E-10 0.1091E-11  0.1665298E-10 0.7713E-12 0.2150    
   3      0.1583201E-10 0.1092E-11  0.1639747E-10 0.6299E-12 0.2931    
   4      0.1573530E-10 0.1094E-11  0.1624229E-10 0.5458E-12 0.2872    
   5      0.1683266E-10 0.1091E-11  0.1636770E-10 0.4881E-12 0.2733    
   6      0.1391684E-10 0.1096E-11  0.1605926E-10 0.4458E-12 0.8941    
   7      0.1545534E-10 0.1094E-11  0.1597792E-10 0.4128E-12 0.7934    
   8      0.1605699E-10 0.1093E-11  0.1598797E-10 0.3862E-12 0.6790    
   9      0.1593960E-10 0.1090E-11  0.1598256E-10 0.3640E-12 0.5941    
  10      0.1519715E-10 0.1095E-11  0.1591071E-10 0.3454E-12 0.5805    
  11      0.1452924E-10 0.1092E-11  0.1580342E-10 0.3293E-12 0.6562    
  12      0.1432135E-10 0.1094E-11  0.1569984E-10 0.3154E-12 0.7357    
  13      0.1432648E-10 0.1095E-11  0.1561018E-10 0.3030E-12 0.7872    
  14      0.1568872E-10 0.1094E-11  0.1561588E-10 0.2920E-12 0.7259    
  15      0.1479822E-10 0.1093E-11  0.1556613E-10 0.2821E-12 0.7125    
  16      0.1457281E-10 0.1092E-11  0.1551070E-10 0.2732E-12 0.7162    
  17      0.1389866E-10 0.1092E-11  0.1543277E-10 0.2650E-12 0.7854    
  18      0.1566457E-10 0.1090E-11  0.1544622E-10 0.2575E-12 0.7401    
  19      0.1429904E-10 0.1093E-11  0.1539363E-10 0.2506E-12 0.7548    
  20      0.1536449E-10 0.1097E-11  0.1539217E-10 0.2443E-12 0.7149    
   
   
 Integral Plus:   1.5392169525028582E-011 +-   2.4434514062052976E-013
 with chisq    =  0.71487188931161993     
  
  
  
    xq         Integral Plus                 error
    100     -0.502597596958546E-02      0.108873515434724E-03
    400     -0.139148615788893E-04      0.786702972741142E-06
    700     -0.861746171511035E-06      0.813680556064516E-07
   1000     -0.693773395101498E-07      0.166979459439219E-07
   1300      0.241590668517684E-07      0.469068476035230E-08
   1600      0.190094619243248E-07      0.158201457965406E-08
   1900      0.102008776136451E-07      0.596576541220441E-09
   2200      0.452120529000281E-08      0.244407867826497E-09
   2500      0.237445349598864E-08      0.105041284197161E-09
   2800      0.134917993808409E-08      0.469845138115867E-10
   3100      0.657676521774044E-09      0.216789983428005E-10
   3400      0.365405849946388E-09      0.101362474791085E-10
   3700      0.197261420528403E-09      0.480614847252493E-11
   4000      0.104616818150454E-09      0.229044111882769E-11
   4300      0.584036371380863E-10      0.109102217066496E-11
   4600      0.311340393330758E-10      0.518942131282114E-12
   4900      0.153921695250286E-10      0.244345140620530E-12
Thanks for using LHAPDF 6.5.4. Please make sure to cite the paper:
  Eur.Phys.J. C75 (2015) 3, 132  (http://arxiv.org/abs/1412.7420)
