   100.00000000000000        9.6126500940068027E-003   6.8667484885245249E-004
   400.00000000000000        4.7789392624661420E-005   3.6608035235870675E-006
   700.00000000000000        4.3966655776571601E-006   3.3700998662773011E-007
   1000.0000000000000        9.9044300816438879E-007   6.4217188874133309E-008
   1300.0000000000000        3.2243760345052730E-007   1.7216232737272589E-008
   1600.0000000000000        1.1876873339927143E-007   5.5916518554042766E-009
   1900.0000000000000        4.6201345454311824E-008   2.0356653796108450E-009
   2200.0000000000000        2.1272133636501571E-008   8.0708680873576053E-010
   2500.0000000000000        1.0056394187695745E-008   3.4080680799434214E-010
   2800.0000000000000        4.9917351523168933E-009   1.4878557531806449E-010
   3100.0000000000000        2.4719682280290121E-009   6.7463861572295368E-011
   3400.0000000000000        1.2860397509817585E-009   3.1197273612091166E-011
   3700.0000000000000        6.4964159528196438E-010   1.4521336212623519E-011
   4000.0000000000000        3.2437938853194016E-010   6.8959543061920535E-012
   4300.0000000000000        1.6703399434499466E-010   3.2254659195858053E-012
   4600.0000000000000        8.4267162349172182E-011   1.5198231761658130E-012
   4900.0000000000000        4.1573939218534834E-011   7.1037903002971240E-013

integral level subtraction with more iteration
   100.00000000000000        9.4555003158862030E-003   0.0000000000000000
   400.00000000000000        4.4572729482137571E-005   0.0000000000000000
   700.00000000000000        4.6446464301607351E-006   0.0000000000000000
   1000.0000000000000        1.0434393154436801E-006   0.0000000000000000
   1300.0000000000000        3.2778981924829043E-007   0.0000000000000000
   1600.0000000000000        1.2331853517131959E-007   0.0000000000000000
   1900.0000000000000        5.1770162351824503E-008   0.0000000000000000
   2200.0000000000000        2.3355843119988206E-008   0.0000000000000000
   2500.0000000000000        1.1067825230078496E-008   0.0000000000000000
   2800.0000000000000        5.4264758875323438E-009   0.0000000000000000
   3100.0000000000000        2.7222842271718855E-009   0.0000000000000000
   3400.0000000000000        1.3854668240180804E-009   0.0000000000000000
   3700.0000000000000        7.1051168953599887E-010   0.0000000000000000
   4000.0000000000000        3.6513547203738031E-010   0.0000000000000000
   4300.0000000000000        1.8717155599926844E-010   0.0000000000000000
   4600.0000000000000        9.5332905372127231E-011   0.0000000000000000
   4900.0000000000000        4.8085681000064811E-011   0.0000000000000000
new without (-1) in delta part


   100.00000000000000        9.4384855066741574E-003   0.0000000000000000
   400.00000000000000        4.3983481833687609E-005   0.0000000000000000
   700.00000000000000        4.5269186473428571E-006   0.0000000000000000
   1000.0000000000000        1.0065875604548582E-006   0.0000000000000000
   1300.0000000000000        3.1361777580293451E-007   0.0000000000000000
   1600.0000000000000        1.1720108002527036E-007   0.0000000000000000
   1900.0000000000000        4.8933082890524547E-008   0.0000000000000000
   2200.0000000000000        2.1976714606079077E-008   0.0000000000000000
   2500.0000000000000        1.0376204264839959E-008   0.0000000000000000
   2800.0000000000000        5.0725797281767654E-009   0.0000000000000000
   3100.0000000000000        2.5390415234568454E-009   0.0000000000000000
   3400.0000000000000        1.2900715303718312E-009   0.0000000000000000
   3700.0000000000000        6.6084558479404208E-010   0.0000000000000000
   4000.0000000000000        3.3939196802147154E-010   0.0000000000000000
   4300.0000000000000        1.7393917289211120E-010   0.0000000000000000
   4600.0000000000000        8.8610911536922839E-011   0.0000000000000000
   4900.0000000000000        4.4721542777932844E-011   0.0000000000000000
new with (-1) in delta part




with moere VPS: 1d+6



   100.00000000000000        9.4605216436192442E-003   0.0000000000000000
   400.00000000000000        4.4304980719380869E-005   0.0000000000000000
   700.00000000000000        4.5870542969844487E-006   0.0000000000000000
   1000.0000000000000        1.0253303918376347E-006   0.0000000000000000
   1300.0000000000000        3.2077019258906392E-007   0.0000000000000000
   1600.0000000000000        1.2027470563568036E-007   0.0000000000000000
   1900.0000000000000        5.0345276309088305E-008   0.0000000000000000
   2200.0000000000000        2.2664908541725783E-008   0.0000000000000000
   2500.0000000000000        1.0722367275580395E-008   0.0000000000000000
   2800.0000000000000        5.2499342121298191E-009   0.0000000000000000
   3100.0000000000000        2.6307336454369028E-009   0.0000000000000000
   3400.0000000000000        1.3377198172738319E-009   0.0000000000000000
   3700.0000000000000        6.8564687899248839E-010   0.0000000000000000
   4000.0000000000000        3.5224486615892861E-010   0.0000000000000000
   4300.0000000000000        1.8054005034581029E-010   0.0000000000000000
   4600.0000000000000        9.1964767469138280E-011   0.0000000000000000
   4900.0000000000000        4.6400242484343368E-011   0.0000000000000000

with N3LOxs code

   100.00000000000000        9.7711693854515280E-003   1.2457135050658878E-004
   400.00000000000000        4.4475778159252492E-005   9.1529535805915365E-007
   700.00000000000000        4.4607617162157877E-006   9.5045514121856066E-008
   1000.0000000000000        1.0303722452583932E-006   1.9543680490034269E-008
   1300.0000000000000        3.0875500604226288E-007   5.4850116412646050E-009
   1600.0000000000000        1.1506670311505384E-007   1.8388515329139872E-009
   1900.0000000000000        4.7467916356953136E-008   7.0743282056598112E-010
   2200.0000000000000        2.1519826570681673E-008   2.8590287768287595E-010
   2500.0000000000000        1.0278616259535837E-008   1.2280474119018826E-010
   2800.0000000000000        4.8493778626838930E-009   5.5551993658105747E-011
   3100.0000000000000        2.4896771731898095E-009   2.5599155290361224E-011
   3400.0000000000000        1.2562629884357207E-009   1.1913751427679626E-011
   3700.0000000000000        6.4691553220305806E-010   5.6592741835173769E-012
   4000.0000000000000        3.2925950919764116E-010   2.6801163346318122E-012
   4300.0000000000000        1.6999051799992602E-010   1.2815537987704937E-012
   4600.0000000000000        8.6195572822032796E-011   6.0494783186536666E-013
   4900.0000000000000        4.3229870033561850E-011   2.8617382138551887E-013
old data which was matching

 Writing your data in ../summary/run_02/PK_Plus.dat
LHAPDF 6.5.4 loading /home/niraj/1TB-Disc/Workspace-IITG/Packages/Install/LHAPDF-6.5.4/install/share/LHAPDF/MMHT2014nlo68cl/MMHT2014nlo68cl_0000.dat
MMHT2014nlo68cl PDF set, member #0, version 3; LHAPDF ID = 25100
   
   
 ~~~~~~~~~~~~~~~~~~~~~~~~~~~~~~~~~~~~~~~~~~~~
     Calculating [+] distribution with delta 1d-5
 ~~~~~~~~~~~~~~~~~~~~~~~~~~~~~~~~~~~~~~~~~~~~
   
 ~~~~~~~~~~~~~~~~~~~~~~~~~~~~~~~~~~~~~~~~
Using Vegas points:                   2.E+08
         Iteration:                   15
 ~~~~~~~~~~~~~~~~~~~~~~~~~~~~~~~~~~~~~~~~
  
 [1;32mFor xq =          100 [0m
  
 RM48 INITIALIZED:        40           0         0



 INPUT PARAMETERS FOR VEGAS:  NDIM=  4  NCALL=  192119202.
                              IT=    0  ITMX=   15
                              MDS= -1   ND=  33
   1      0.3390425E-01 0.4041E-01  0.3390425E-01 0.4041E-01  0.000    
   2      0.2567521E-02 0.8561E-02  0.3035436E-01 0.2698E-01 0.1355    
   3      0.1099749E-01 0.4899E-02  0.1363185E-01 0.8542E-02 0.3938    
   4      0.9476473E-02 0.3219E-02  0.1114822E-01 0.4854E-02 0.3858    
   5      0.1190433E-01 0.2569E-02  0.1159952E-01 0.2896E-02 0.3318    
   6      0.7612112E-02 0.2330E-02  0.1068684E-01 0.2366E-02 0.4070    
   7      0.1593950E-01 0.2270E-02  0.1338657E-01 0.1646E-02 0.7644    
   8      0.1321425E-01 0.2217E-02  0.1334001E-01 0.1377E-02 0.6837    
   9      0.8728133E-02 0.2201E-02  0.1284744E-01 0.1250E-02 0.8105    
  10      0.9058195E-02 0.2197E-02  0.1245514E-01 0.1145E-02 0.8829    
  11      0.1094190E-01 0.2195E-02  0.1225629E-01 0.1045E-02 0.8520    
  12      0.9052375E-02 0.2204E-02  0.1199388E-01 0.9762E-03 0.8892    
  13      0.1004193E-01 0.2200E-02  0.1181449E-01 0.9127E-03 0.8785    
  14      0.9197896E-02 0.2210E-02  0.1162884E-01 0.8622E-03 0.8910    
  15      0.9888420E-02 0.2203E-02  0.1149611E-01 0.8158E-03 0.8765    



 INPUT PARAMETERS FOR VEGAS:  NDIM=  4  NCALL= 1919025152.
                              IT=    0  ITMX=   30
                              MDS= -1   ND=  44
   1      0.9831027E-02 0.6828E-03  0.9831027E-02 0.6828E-03  0.000    
   2      0.9436982E-02 0.6821E-03  0.9641849E-02 0.4826E-03 0.1664    
   3      0.9289765E-02 0.6827E-03  0.9530197E-02 0.3941E-03 0.1716    
   4      0.1005435E-01 0.6818E-03  0.9672433E-02 0.3412E-03 0.2668    
   5      0.1037474E-01 0.6818E-03  0.9829899E-02 0.3051E-03 0.4245    
   6      0.1018547E-01 0.6815E-03  0.9893119E-02 0.2785E-03 0.3829    
   7      0.1038913E-01 0.6828E-03  0.9970301E-02 0.2579E-03 0.3952    
   8      0.1015556E-01 0.6827E-03  0.9994287E-02 0.2412E-03 0.3465    
   9      0.1029529E-01 0.6812E-03  0.1002977E-01 0.2274E-03 0.3237    
  10      0.9962057E-02 0.6820E-03  0.1002305E-01 0.2157E-03 0.2890    
  11      0.9833390E-02 0.6842E-03  0.1000643E-01 0.2057E-03 0.2677    
  12      0.9540134E-02 0.6826E-03  0.9970750E-02 0.1970E-03 0.2812    
  13      0.9295575E-02 0.6823E-03  0.9924982E-02 0.1892E-03 0.3273    
  14      0.1036608E-01 0.6815E-03  0.9959352E-02 0.1823E-03 0.3324    
  15      0.9489415E-02 0.6820E-03  0.9930592E-02 0.1762E-03 0.3397    
  16      0.9015883E-02 0.6807E-03  0.9882524E-02 0.1705E-03 0.4160    
  17      0.9519020E-02 0.6813E-03  0.9862442E-02 0.1654E-03 0.4073    
  18      0.8677519E-02 0.6835E-03  0.9810754E-02 0.1608E-03 0.5214    
  19      0.1023283E-01 0.6813E-03  0.9835040E-02 0.1565E-03 0.5118    
  20      0.9994737E-02 0.6828E-03  0.9843316E-02 0.1525E-03 0.4868    
  21      0.9370280E-02 0.6844E-03  0.9822800E-02 0.1489E-03 0.4853    
  22      0.1003811E-01 0.6822E-03  0.9833069E-02 0.1455E-03 0.4658    
  23      0.1006633E-01 0.6822E-03  0.9843746E-02 0.1423E-03 0.4489    
  24      0.9176574E-02 0.6815E-03  0.9819250E-02 0.1393E-03 0.4670    
  25      0.9453503E-02 0.6832E-03  0.9805599E-02 0.1365E-03 0.4595    
  26      0.9161205E-02 0.6825E-03  0.9783732E-02 0.1338E-03 0.4736    
  27      0.9279338E-02 0.6816E-03  0.9766716E-02 0.1313E-03 0.4755    
  28      0.9897721E-02 0.6823E-03  0.9771548E-02 0.1289E-03 0.4586    
  29      0.9487263E-02 0.6812E-03  0.9762201E-02 0.1267E-03 0.4488    
  30      0.1001820E-01 0.6846E-03  0.9771169E-02 0.1246E-03 0.4373    
   
   
 [1;32mIntegral Plus:   9.7711693854515280E-003 [0m+-   1.2457135050658878E-004
 with chisq    =  0.43734275265326700     
  
  
  
 [1;32mFor xq =          400 [0m
  
 RM48 INITIALIZED:        40           0         0



 INPUT PARAMETERS FOR VEGAS:  NDIM=  4  NCALL=  192119202.
                              IT=    0  ITMX=   15
                              MDS= -1   ND=  33
   1      0.2010253E-04 0.9885E-04  0.2010253E-04 0.9885E-04  0.000    
   2      0.9953475E-04 0.2727E-04  0.9928896E-04 0.1964E-04 0.5045E-01
   3      0.5656159E-04 0.1897E-04  0.8222145E-04 0.1423E-04  1.111    
   4      0.3982816E-04 0.1695E-04  0.7379835E-04 0.1166E-04  1.586    
   5      0.2977149E-04 0.1614E-04  0.6899382E-04 0.1013E-04  1.864    
   6      0.4079440E-04 0.1593E-04  0.6409235E-04 0.8829E-05  1.913    
   7      0.5834641E-04 0.1571E-04  0.6255432E-04 0.7640E-05  1.578    
   8      0.4734204E-04 0.1563E-04  0.6025451E-04 0.6926E-05  1.485    
   9      0.2420379E-04 0.1582E-04  0.5891530E-04 0.6487E-05  1.564    
  10      0.5296171E-04 0.1569E-04  0.5800357E-04 0.5987E-05  1.397    
  11      0.3686063E-04 0.1577E-04  0.5655824E-04 0.5648E-05  1.405    
  12      0.5368473E-04 0.1576E-04  0.5619400E-04 0.5307E-05  1.267    
  13      0.4849749E-04 0.1602E-04  0.5549359E-04 0.5043E-05  1.185    
  14      0.2706150E-04 0.1589E-04  0.5469784E-04 0.4843E-05  1.225    
  15      0.3159148E-04 0.1607E-04  0.5386639E-04 0.4661E-05  1.245    



 INPUT PARAMETERS FOR VEGAS:  NDIM=  4  NCALL= 1919025152.
                              IT=    0  ITMX=   30
                              MDS= -1   ND=  44
   1      0.4505661E-04 0.5023E-05  0.4505661E-04 0.5023E-05  0.000    
   2      0.4348247E-04 0.5018E-05  0.4429684E-04 0.3550E-05 0.4909E-01
   3      0.4094619E-04 0.5022E-05  0.4329357E-04 0.2899E-05 0.1659    
   4      0.4726586E-04 0.5006E-05  0.4443155E-04 0.2508E-05 0.2763    
   5      0.5103953E-04 0.5026E-05  0.4607612E-04 0.2245E-05 0.5994    
   6      0.4320548E-04 0.5018E-05  0.4564041E-04 0.2049E-05 0.5387    
   7      0.4883053E-04 0.5009E-05  0.4616007E-04 0.1896E-05 0.5030    
   8      0.4431631E-04 0.5008E-05  0.4594193E-04 0.1773E-05 0.4507    
   9      0.3942565E-04 0.5014E-05  0.4538520E-04 0.1672E-05 0.5542    
  10      0.5083606E-04 0.5015E-05  0.4606303E-04 0.1586E-05 0.6222    
  11      0.4534508E-04 0.5005E-05  0.4599816E-04 0.1512E-05 0.5624    
  12      0.4190918E-04 0.5008E-05  0.4570551E-04 0.1448E-05 0.5661    
  13      0.3942606E-04 0.5013E-05  0.4533211E-04 0.1391E-05 0.6238    
  14      0.5033441E-04 0.5018E-05  0.4577330E-04 0.1340E-05 0.6515    
  15      0.4256198E-04 0.5008E-05  0.4558207E-04 0.1295E-05 0.6343    
  16      0.4639905E-04 0.5012E-05  0.4563598E-04 0.1254E-05 0.5916    
  17      0.4428284E-04 0.5016E-05  0.4555939E-04 0.1216E-05 0.5600    
  18      0.3670854E-04 0.5006E-05  0.4522673E-04 0.1182E-05 0.6565    
  19      0.3903514E-04 0.5017E-05  0.4497534E-04 0.1150E-05 0.6906    
  20      0.4246360E-04 0.5013E-05  0.4486001E-04 0.1121E-05 0.6687    
  21      0.4656691E-04 0.5002E-05  0.4494970E-04 0.1094E-05 0.6382    
  22      0.3773293E-04 0.5023E-05  0.4471098E-04 0.1069E-05 0.6850    
  23      0.4159643E-04 0.5016E-05  0.4459028E-04 0.1045E-05 0.6721    
  24      0.4089986E-04 0.5013E-05  0.4445684E-04 0.1023E-05 0.6663    
  25      0.4266782E-04 0.5014E-05  0.4438915E-04 0.1003E-05 0.6448    
  26      0.4828626E-04 0.5004E-05  0.4456998E-04 0.9832E-06 0.6418    
  27      0.4096774E-04 0.5007E-05  0.4445372E-04 0.9648E-06 0.6370    
  28      0.4407401E-04 0.5020E-05  0.4444011E-04 0.9474E-06 0.6134    
  29      0.3933683E-04 0.5006E-05  0.4429772E-04 0.9309E-06 0.6247    
  30      0.4866526E-04 0.5018E-05  0.4447578E-04 0.9153E-06 0.6292    
   
   
 [1;32mIntegral Plus:   4.4475778159252492E-005 [0m+-   9.1529535805915365E-007
 with chisq    =  0.62919471281291917     
  
  
  
 [1;32mFor xq =          700 [0m
  
 RM48 INITIALIZED:        40           0         0



 INPUT PARAMETERS FOR VEGAS:  NDIM=  4  NCALL=  192119202.
                              IT=    0  ITMX=   15
                              MDS= -1   ND=  33
   1     -0.4723098E-05 0.7285E-05 -0.4723098E-05 0.7285E-05  0.000    
   2      0.3085514E-05 0.2259E-05  0.1649666E-05 0.2639E-05  1.314    
   3      0.1120799E-06 0.1800E-05  0.1647062E-05 0.2153E-05 0.9857    
   4      0.5521026E-05 0.1687E-05  0.4838887E-05 0.1095E-05  1.053    
   5      0.6487997E-05 0.1635E-05  0.5742090E-05 0.8523E-06 0.8213    
   6      0.4901708E-05 0.1615E-05  0.5538057E-05 0.7509E-06 0.6870    
   7      0.3828420E-05 0.1616E-05  0.5317868E-05 0.6849E-06 0.7160    
   8      0.3315335E-05 0.1618E-05  0.5141874E-05 0.6349E-06 0.7653    
   9      0.6553647E-05 0.1616E-05  0.5503454E-05 0.5838E-06 0.7284    
  10      0.5771467E-05 0.1613E-05  0.5547999E-05 0.5468E-06 0.6190    
  11      0.2574368E-05 0.1637E-05  0.5455453E-05 0.5206E-06 0.6941    
  12      0.8381360E-05 0.1640E-05  0.6179296E-05 0.4923E-06  1.129    
  13      0.5208614E-05 0.1670E-05  0.6097417E-05 0.4722E-06  1.057    
  14      0.3691495E-05 0.1656E-05  0.5998038E-05 0.4545E-06  1.095    
  15      0.4012661E-05 0.1675E-05  0.5907623E-05 0.4388E-06  1.105    



 INPUT PARAMETERS FOR VEGAS:  NDIM=  4  NCALL= 1919025152.
                              IT=    0  ITMX=   30
                              MDS= -1   ND=  44
   1      0.4545276E-05 0.5185E-06  0.4545276E-05 0.5185E-06  0.000    
   2      0.4407520E-05 0.5206E-06  0.4478793E-05 0.3673E-06 0.3512E-01
   3      0.4336698E-05 0.5202E-06  0.4433502E-05 0.3001E-06 0.4227E-01
   4      0.4552539E-05 0.5204E-06  0.4464431E-05 0.2599E-06 0.4124E-01
   5      0.4891446E-05 0.5203E-06  0.4562995E-05 0.2325E-06 0.1794    
   6      0.4172859E-05 0.5210E-06  0.4507020E-05 0.2123E-06 0.2304    
   7      0.4871802E-05 0.5206E-06  0.4566765E-05 0.1966E-06 0.2658    
   8      0.4385890E-05 0.5207E-06  0.4545578E-05 0.1839E-06 0.2441    
   9      0.3146379E-05 0.5205E-06  0.4465961E-05 0.1734E-06 0.6632    
  10      0.4800865E-05 0.5211E-06  0.4505064E-05 0.1646E-06 0.6258    
  11      0.4727972E-05 0.5201E-06  0.4527814E-05 0.1569E-06 0.5749    
  12      0.3760317E-05 0.5211E-06  0.4481444E-05 0.1502E-06 0.6703    
  13      0.3308375E-05 0.5199E-06  0.4428800E-05 0.1443E-06 0.8718    
  14      0.3726030E-05 0.5212E-06  0.4391129E-05 0.1391E-06 0.9197    
  15      0.3670633E-05 0.5186E-06  0.4355154E-05 0.1343E-06 0.9670    
  16      0.4546312E-05 0.5185E-06  0.4368757E-05 0.1301E-06 0.9042    
  17      0.4163767E-05 0.5214E-06  0.4357329E-05 0.1262E-06 0.8589    
  18      0.4797993E-05 0.5209E-06  0.4387753E-05 0.1226E-06 0.8455    
  19      0.4681427E-05 0.5196E-06  0.4405949E-05 0.1194E-06 0.8104    
  20      0.4506220E-05 0.5224E-06  0.4411337E-05 0.1164E-06 0.7664    
  21      0.4729336E-05 0.5215E-06  0.4429167E-05 0.1136E-06 0.7422    
  22      0.4849315E-05 0.5209E-06  0.4452611E-05 0.1110E-06 0.7351    
  23      0.4026508E-05 0.5211E-06  0.4436842E-05 0.1085E-06 0.7313    
  24      0.4485478E-05 0.5208E-06  0.4438981E-05 0.1062E-06 0.6982    
  25      0.4177240E-05 0.5200E-06  0.4429341E-05 0.1041E-06 0.6807    
  26      0.4775344E-05 0.5219E-06  0.4445122E-05 0.1021E-06 0.6684    
  27      0.3913931E-05 0.5206E-06  0.4429256E-05 0.1002E-06 0.6788    
  28      0.4267130E-05 0.5215E-06  0.4423714E-05 0.9838E-07 0.6580    
  29      0.4904527E-05 0.5206E-06  0.4444551E-05 0.9667E-07 0.6653    
  30      0.4844091E-05 0.5205E-06  0.4460762E-05 0.9505E-07 0.6613    
   
   
 [1;32mIntegral Plus:   4.4607617162157877E-006 [0m+-   9.5045514121856066E-008
 with chisq    =  0.66125409970191018     
  
  
  
 [1;32mFor xq =         1000 [0m
  
 RM48 INITIALIZED:        40           0         0



 INPUT PARAMETERS FOR VEGAS:  NDIM=  4  NCALL=  192119202.
                              IT=    0  ITMX=   15
                              MDS= -1   ND=  33
   1     -0.2069873E-06 0.1238E-05 -0.2069873E-06 0.1238E-05  0.000    
   2      0.7402786E-06 0.4323E-06  0.7313294E-06 0.3159E-06 0.8415E-01
   3      0.4164959E-06 0.3560E-06  0.6317928E-06 0.2426E-06 0.2309    
   4      0.1098032E-05 0.3408E-06  0.9608238E-06 0.1830E-06 0.5291    
   5      0.1067530E-05 0.3335E-06  0.1004627E-05 0.1579E-06 0.3419    
   6      0.1259059E-05 0.3325E-06  0.1097481E-05 0.1411E-06 0.3681    
   7      0.9625585E-06 0.3325E-06  0.1073769E-05 0.1298E-06 0.3250    
   8      0.8609806E-06 0.3313E-06  0.1047363E-05 0.1209E-06 0.3294    
   9      0.1172366E-05 0.3304E-06  0.1070841E-05 0.1133E-06 0.2899    
  10      0.1791473E-05 0.3330E-06  0.1288194E-05 0.1068E-06  1.268    
  11      0.1083635E-05 0.3357E-06  0.1268162E-05 0.1018E-06  1.169    
  12      0.4488941E-06 0.3416E-06  0.1255075E-05 0.9746E-07  1.242    
  13      0.1204688E-05 0.3393E-06  0.1249813E-05 0.9369E-07  1.105    
  14      0.8712336E-06 0.3386E-06  0.1230127E-05 0.9029E-07  1.108    
  15      0.4383113E-06 0.3436E-06  0.1220135E-05 0.8725E-07  1.161    



 INPUT PARAMETERS FOR VEGAS:  NDIM=  4  NCALL= 1919025152.
                              IT=    0  ITMX=   30
                              MDS= -1   ND=  44
   1      0.8621483E-06 0.1069E-06  0.8621483E-06 0.1069E-06  0.000    
   2      0.1016524E-05 0.1070E-06  0.9518290E-06 0.7563E-07  1.014    
   3      0.9729525E-06 0.1068E-06  0.9591853E-06 0.6172E-07 0.5096    
   4      0.1160966E-05 0.1070E-06  0.1025910E-05 0.5347E-07  1.354    
   5      0.9993067E-06 0.1071E-06  0.1020686E-05 0.4784E-07  1.031    
   6      0.1022037E-05 0.1072E-06  0.1020916E-05 0.4369E-07 0.8210    
   7      0.1131440E-05 0.1070E-06  0.1040042E-05 0.4045E-07 0.8381    
   8      0.1181247E-05 0.1071E-06  0.1062417E-05 0.3784E-07 0.9559    
   9      0.9081520E-06 0.1073E-06  0.1049250E-05 0.3568E-07  1.043    
  10      0.1118151E-05 0.1071E-06  0.1057168E-05 0.3386E-07 0.9581    
  11      0.1209948E-05 0.1072E-06  0.1075255E-05 0.3229E-07  1.070    
  12      0.1014354E-05 0.1071E-06  0.1070568E-05 0.3091E-07  1.004    
  13      0.9648660E-06 0.1071E-06  0.1063685E-05 0.2970E-07 0.9964    
  14      0.1003613E-05 0.1071E-06  0.1059728E-05 0.2862E-07 0.9461    
  15      0.1007405E-05 0.1071E-06  0.1056474E-05 0.2765E-07 0.8976    
  16      0.1042756E-05 0.1069E-06  0.1055614E-05 0.2677E-07 0.8388    
  17      0.8725332E-06 0.1072E-06  0.1047952E-05 0.2597E-07 0.9250    
  18      0.1104444E-05 0.1070E-06  0.1051510E-05 0.2524E-07 0.8812    
  19      0.1017503E-05 0.1067E-06  0.1049773E-05 0.2456E-07 0.8391    
  20      0.9146455E-06 0.1068E-06  0.1044433E-05 0.2394E-07 0.8675    
  21      0.9938523E-06 0.1070E-06  0.1042186E-05 0.2336E-07 0.8369    
  22      0.1070018E-05 0.1069E-06  0.1043552E-05 0.2282E-07 0.7974    
  23      0.1087914E-05 0.1069E-06  0.1045696E-05 0.2232E-07 0.7657    
  24      0.9693653E-06 0.1071E-06  0.1042885E-05 0.2185E-07 0.7549    
  25      0.7928008E-06 0.1072E-06  0.1036885E-05 0.2141E-07 0.8686    
  26      0.1085340E-05 0.1069E-06  0.1038979E-05 0.2099E-07 0.8386    
  27      0.9209282E-06 0.1069E-06  0.1035415E-05 0.2060E-07 0.8491    
  28      0.1006669E-05 0.1073E-06  0.1034421E-05 0.2023E-07 0.8210    
  29      0.9733293E-06 0.1073E-06  0.1032509E-05 0.1988E-07 0.8044    
  30      0.9607585E-06 0.1070E-06  0.1030372E-05 0.1954E-07 0.7930    
   
   
 [1;32mIntegral Plus:   1.0303722452583932E-006 [0m+-   1.9543680490034269E-008
 with chisq    =  0.79298650645343005     
  
  
  
 [1;32mFor xq =         1300 [0m
  
 RM48 INITIALIZED:        40           0         0



 INPUT PARAMETERS FOR VEGAS:  NDIM=  4  NCALL=  192119202.
                              IT=    0  ITMX=   15
                              MDS= -1   ND=  33
   1      0.3861867E-06 0.3031E-06  0.3861867E-06 0.3031E-06  0.000    
   2      0.3122624E-06 0.1161E-06  0.3258058E-06 0.1180E-06 0.5875E-01
   3      0.3554653E-06 0.9812E-07  0.3435122E-06 0.7520E-07 0.4785E-01
   4      0.3900459E-06 0.9456E-07  0.3638142E-06 0.5802E-07 0.8295E-01
   5      0.1137368E-06 0.9323E-07  0.3546226E-06 0.5155E-07 0.2842    
   6      0.3499673E-06 0.9352E-07  0.3534262E-06 0.4495E-07 0.2226    
   7      0.3040478E-06 0.9349E-07  0.3454005E-06 0.4066E-07 0.2233    
   8      0.2361389E-06 0.9343E-07  0.3356327E-06 0.3761E-07 0.3018    
   9      0.1936505E-06 0.9363E-07  0.3276139E-06 0.3524E-07 0.3921    
  10      0.3513741E-06 0.9385E-07  0.3313249E-06 0.3287E-07 0.3456    
  11      0.2412972E-06 0.9461E-07  0.3252415E-06 0.3116E-07 0.3754    
  12      0.2675489E-06 0.9499E-07  0.3208484E-06 0.2966E-07 0.3722    
  13      0.3801751E-06 0.9596E-07  0.3286151E-06 0.2825E-07 0.3685    
  14      0.2372415E-06 0.9792E-07  0.3243499E-06 0.2718E-07 0.3892    
  15      0.2512112E-06 0.9599E-07  0.3205719E-06 0.2618E-07 0.3966    



 INPUT PARAMETERS FOR VEGAS:  NDIM=  4  NCALL= 1919025152.
                              IT=    0  ITMX=   30
                              MDS= -1   ND=  44
   1      0.2882042E-06 0.3008E-07  0.2882042E-06 0.3008E-07  0.000    
   2      0.3429008E-06 0.3007E-07  0.3202717E-06 0.2126E-07  1.605    
   3      0.2726579E-06 0.2994E-07  0.3073162E-06 0.1734E-07  1.625    
   4      0.3448144E-06 0.3003E-07  0.3186392E-06 0.1502E-07  1.446    
   5      0.2760114E-06 0.3003E-07  0.3117272E-06 0.1343E-07  1.478    
   6      0.2954833E-06 0.3002E-07  0.3091806E-06 0.1226E-07  1.243    
   7      0.3034787E-06 0.2999E-07  0.3083702E-06 0.1135E-07  1.042    
   8      0.2984525E-06 0.3006E-07  0.3071767E-06 0.1062E-07 0.9112    
   9      0.2937724E-06 0.3009E-07  0.3057789E-06 0.1001E-07 0.8241    
  10      0.3118611E-06 0.2997E-07  0.3064228E-06 0.9496E-08 0.7324    
  11      0.2997973E-06 0.3008E-07  0.3058363E-06 0.9056E-08 0.6650    
  12      0.3013925E-06 0.3013E-07  0.3054723E-06 0.8672E-08 0.6069    
  13      0.3103535E-06 0.3002E-07  0.3058650E-06 0.8332E-08 0.5564    
  14      0.2974589E-06 0.3006E-07  0.3052882E-06 0.8029E-08 0.5205    
  15      0.2656247E-06 0.2999E-07  0.3032207E-06 0.7756E-08 0.5832    
  16      0.2928658E-06 0.3005E-07  0.3026062E-06 0.7510E-08 0.5532    
  17      0.3432006E-06 0.3000E-07  0.3056745E-06 0.7285E-08 0.6451    
  18      0.3136541E-06 0.2999E-07  0.3061487E-06 0.7079E-08 0.6090    
  19      0.2912398E-06 0.3018E-07  0.3054308E-06 0.6892E-08 0.5895    
  20      0.2724470E-06 0.3007E-07  0.3040874E-06 0.6718E-08 0.6134    
  21      0.3921365E-06 0.3009E-07  0.3109284E-06 0.6557E-08  1.210    
  22      0.2526786E-06 0.2999E-07  0.3090953E-06 0.6405E-08  1.290    
  23      0.2642547E-06 0.3007E-07  0.3076117E-06 0.6265E-08  1.319    
  24      0.2878107E-06 0.2997E-07  0.3068590E-06 0.6132E-08  1.283    
  25      0.3176244E-06 0.3000E-07  0.3073345E-06 0.6008E-08  1.230    
  26      0.3454768E-06 0.3008E-07  0.3092184E-06 0.5892E-08  1.246    
  27      0.3116856E-06 0.3011E-07  0.3093136E-06 0.5782E-08  1.196    
  28      0.2758046E-06 0.3005E-07  0.3083268E-06 0.5678E-08  1.196    
  29      0.3121127E-06 0.3002E-07  0.3084646E-06 0.5579E-08  1.152    
  30      0.3164988E-06 0.2999E-07  0.3087550E-06 0.5485E-08  1.112    
   
   
 [1;32mIntegral Plus:   3.0875500604226288E-007 [0m+-   5.4850116412646050E-009
 with chisq    =   1.1117419414516074     
  
  
  
 [1;32mFor xq =         1600 [0m
  
 RM48 INITIALIZED:        40           0         0



 INPUT PARAMETERS FOR VEGAS:  NDIM=  4  NCALL=  192119202.
                              IT=    0  ITMX=   15
                              MDS= -1   ND=  33
   1      0.1024499E-06 0.9272E-07  0.1024499E-06 0.9272E-07  0.000    
   2      0.6797469E-07 0.3804E-07  0.7751140E-07 0.4138E-07 0.1389    
   3      0.1567466E-06 0.3260E-07  0.1440436E-06 0.2192E-07 0.9190    
   4      0.1115751E-06 0.3198E-07  0.1340902E-06 0.1812E-07 0.8494    
   5      0.1689910E-06 0.3169E-07  0.1486553E-06 0.1539E-07 0.8271    
   6      0.8577781E-07 0.3148E-07  0.1424749E-06 0.1394E-07  1.088    
   7      0.1497541E-06 0.3150E-07  0.1441513E-06 0.1268E-07 0.8531    
   8      0.7727036E-07 0.3159E-07  0.1403094E-06 0.1182E-07  1.040    
   9      0.1232753E-06 0.3139E-07  0.1381122E-06 0.1106E-07 0.9393    
  10      0.1083302E-06 0.3177E-07  0.1354724E-06 0.1045E-07 0.9246    
  11      0.6135600E-07 0.3179E-07  0.1334264E-06 0.9957E-08  1.041    
  12      0.1459976E-06 0.3227E-07  0.1350821E-06 0.9505E-08 0.9196    
  13      0.1281675E-06 0.3276E-07  0.1344620E-06 0.9128E-08 0.8360    
  14      0.1183873E-06 0.3208E-07  0.1332744E-06 0.8780E-08 0.7902    
  15      0.1232094E-06 0.3216E-07  0.1325320E-06 0.8469E-08 0.7373    



 INPUT PARAMETERS FOR VEGAS:  NDIM=  4  NCALL= 1919025152.
                              IT=    0  ITMX=   30
                              MDS= -1   ND=  44
   1      0.8897194E-07 0.1007E-07  0.8897194E-07 0.1007E-07  0.000    
   2      0.1027295E-06 0.1008E-07  0.9682296E-07 0.7126E-08 0.9132    
   3      0.1011427E-06 0.1005E-07  0.9836831E-07 0.5813E-08 0.5042    
   4      0.1202925E-06 0.1006E-07  0.1057233E-06 0.5033E-08  1.708    
   5      0.1227592E-06 0.1008E-07  0.1101209E-06 0.4503E-08  1.872    
   6      0.1281440E-06 0.1008E-07  0.1140764E-06 0.4112E-08  2.060    
   7      0.1074919E-06 0.1009E-07  0.1131969E-06 0.3808E-08  1.792    
   8      0.1132764E-06 0.1007E-07  0.1132072E-06 0.3562E-08  1.528    
   9      0.1399256E-06 0.1005E-07  0.1176329E-06 0.3357E-08  2.350    
  10      0.1156559E-06 0.1006E-07  0.1174321E-06 0.3185E-08  2.090    
  11      0.1169161E-06 0.1007E-07  0.1173837E-06 0.3036E-08  1.875    
  12      0.1009508E-06 0.1005E-07  0.1163058E-06 0.2907E-08  1.916    
  13      0.9301806E-07 0.1005E-07  0.1150773E-06 0.2793E-08  2.092    
  14      0.1255319E-06 0.1009E-07  0.1159873E-06 0.2692E-08  1.990    
  15      0.1168243E-06 0.1007E-07  0.1160462E-06 0.2600E-08  1.841    
  16      0.9266319E-07 0.1007E-07  0.1150546E-06 0.2518E-08  1.989    
  17      0.1222723E-06 0.1008E-07  0.1155498E-06 0.2443E-08  1.880    
  18      0.1196025E-06 0.1009E-07  0.1157991E-06 0.2374E-08  1.768    
  19      0.1021432E-06 0.1004E-07  0.1152077E-06 0.2311E-08  1.767    
  20      0.1090498E-06 0.1006E-07  0.1149190E-06 0.2252E-08  1.697    
  21      0.1124259E-06 0.1005E-07  0.1148005E-06 0.2198E-08  1.615    
  22      0.1172057E-06 0.1008E-07  0.1149181E-06 0.2147E-08  1.535    
  23      0.1130666E-06 0.1009E-07  0.1148376E-06 0.2100E-08  1.467    
  24      0.9762283E-07 0.1007E-07  0.1142952E-06 0.2056E-08  1.511    
  25      0.1136955E-06 0.1004E-07  0.1142705E-06 0.2014E-08  1.447    
  26      0.1329741E-06 0.1008E-07  0.1152609E-06 0.1975E-08  1.548    
  27      0.1057377E-06 0.1008E-07  0.1149528E-06 0.1938E-08  1.525    
  28      0.1008650E-06 0.1007E-07  0.1145484E-06 0.1903E-08  1.535    
  29      0.1272617E-06 0.1009E-07  0.1151019E-06 0.1870E-08  1.535    
  30      0.1140617E-06 0.1008E-07  0.1150667E-06 0.1839E-08  1.482    
   
   
 [1;32mIntegral Plus:   1.1506670311505384E-007 [0m+-   1.8388515329139872E-009
 with chisq    =   1.4817235691761126     
  
  
  
 [1;32mFor xq =         1900 [0m
  
 RM48 INITIALIZED:        40           0         0



 INPUT PARAMETERS FOR VEGAS:  NDIM=  4  NCALL=  192119202.
                              IT=    0  ITMX=   15
                              MDS= -1   ND=  33
   1      0.7313500E-07 0.3267E-07  0.7313500E-07 0.3267E-07  0.000    
   2      0.4337149E-07 0.1391E-07  0.5349076E-07 0.1566E-07 0.8104    
   3      0.5595736E-07 0.1225E-07  0.5493619E-07 0.9850E-08 0.4317    
   4      0.7012906E-07 0.1194E-07  0.6241659E-07 0.7381E-08 0.6133    
   5      0.5969440E-07 0.1193E-07  0.6170063E-07 0.6293E-08 0.4753    
   6      0.3603785E-07 0.1183E-07  0.5942052E-07 0.5670E-08 0.7585    
   7      0.4240015E-07 0.1184E-07  0.5755960E-07 0.5170E-08 0.8529    
   8      0.2469174E-07 0.1180E-07  0.5637609E-07 0.4814E-08  1.044    
   9      0.5461756E-07 0.1187E-07  0.5611539E-07 0.4457E-08 0.9101    
  10      0.5612220E-07 0.1195E-07  0.5611630E-07 0.4171E-08 0.8002    
  11      0.3971643E-07 0.1203E-07  0.5509883E-07 0.3956E-08 0.8509    
  12      0.6300663E-07 0.1221E-07  0.5613876E-07 0.3754E-08 0.7921    
  13      0.5043840E-07 0.1233E-07  0.5570355E-07 0.3593E-08 0.7469    
  14      0.3309035E-07 0.1223E-07  0.5497198E-07 0.3456E-08 0.8241    
  15      0.4989718E-07 0.1244E-07  0.5463527E-07 0.3331E-08 0.7796    



 INPUT PARAMETERS FOR VEGAS:  NDIM=  4  NCALL= 1919025152.
                              IT=    0  ITMX=   30
                              MDS= -1   ND=  44
   1      0.5093832E-07 0.3880E-08  0.5093832E-07 0.3880E-08  0.000    
   2      0.4519981E-07 0.3873E-08  0.4840537E-07 0.2742E-08  1.080    
   3      0.4459024E-07 0.3881E-08  0.4726197E-07 0.2239E-08 0.8717    
   4      0.5186281E-07 0.3875E-08  0.4859184E-07 0.1939E-08 0.9370    
   5      0.4167114E-07 0.3884E-08  0.4750779E-07 0.1734E-08  1.266    
   6      0.4904984E-07 0.3880E-08  0.4778330E-07 0.1583E-08  1.026    
   7      0.4647701E-07 0.3887E-08  0.4760328E-07 0.1466E-08 0.8753    
   8      0.5080923E-07 0.3879E-08  0.4805816E-07 0.1372E-08 0.8308    
   9      0.3492643E-07 0.3866E-08  0.4722769E-07 0.1293E-08  1.530    
  10      0.5497658E-07 0.3867E-08  0.4827695E-07 0.1226E-08  1.828    
  11      0.4226191E-07 0.3884E-08  0.4783504E-07 0.1169E-08  1.856    
  12      0.4985261E-07 0.3876E-08  0.4802287E-07 0.1119E-08  1.694    
  13      0.4742082E-07 0.3877E-08  0.4797612E-07 0.1075E-08  1.554    
  14      0.5017173E-07 0.3876E-08  0.4815183E-07 0.1036E-08  1.447    
  15      0.4226353E-07 0.3877E-08  0.4783560E-07 0.1001E-08  1.487    
  16      0.4806463E-07 0.3879E-08  0.4785046E-07 0.9694E-09  1.385    
  17      0.4645219E-07 0.3867E-08  0.4777008E-07 0.9403E-09  1.308    
  18      0.4743198E-07 0.3874E-08  0.4775103E-07 0.9137E-09  1.231    
  19      0.4455274E-07 0.3875E-08  0.4759966E-07 0.8894E-09  1.201    
  20      0.4394590E-07 0.3881E-08  0.4743924E-07 0.8669E-09  1.184    
  21      0.5183769E-07 0.3875E-08  0.4769311E-07 0.8460E-09  1.187    
  22      0.4315462E-07 0.3868E-08  0.4751788E-07 0.8265E-09  1.192    
  23      0.4856878E-07 0.3880E-08  0.4756660E-07 0.8083E-09  1.138    
  24      0.3913918E-07 0.3869E-08  0.4731906E-07 0.7913E-09  1.243    
  25      0.4056082E-07 0.3880E-08  0.4711348E-07 0.7753E-09  1.296    
  26      0.5190631E-07 0.3866E-08  0.4734247E-07 0.7601E-09  1.305    
  27      0.5068026E-07 0.3881E-08  0.4748678E-07 0.7460E-09  1.278    
  28      0.4704624E-07 0.3867E-08  0.4747084E-07 0.7325E-09  1.231    
  29      0.4506372E-07 0.3862E-08  0.4739333E-07 0.7196E-09  1.203    
  30      0.4939165E-07 0.3858E-08  0.4746792E-07 0.7074E-09  1.167    
   
   
 [1;32mIntegral Plus:   4.7467916356953136E-008 [0m+-   7.0743282056598112E-010
 with chisq    =   1.1667743293284811     
  
  
  
 [1;32mFor xq =         2200 [0m
  
 RM48 INITIALIZED:        40           0         0



 INPUT PARAMETERS FOR VEGAS:  NDIM=  4  NCALL=  192119202.
                              IT=    0  ITMX=   15
                              MDS= -1   ND=  33
   1      0.2194558E-07 0.1271E-07  0.2194558E-07 0.1271E-07  0.000    
   2      0.2634155E-07 0.5561E-08  0.2582625E-07 0.4809E-08 0.8648E-01
   3      0.1478896E-07 0.4942E-08  0.2295088E-07 0.3677E-08 0.9226    
   4      0.2369084E-07 0.4845E-08  0.2325444E-07 0.2896E-08 0.5900    
   5      0.1761165E-07 0.4854E-08  0.2221470E-07 0.2518E-08 0.6660    
   6      0.2419140E-07 0.4816E-08  0.2273051E-07 0.2217E-08 0.5388    
   7      0.2286060E-07 0.4832E-08  0.2275497E-07 0.2012E-08 0.4428    
   8      0.2484788E-07 0.4860E-08  0.2313181E-07 0.1854E-08 0.3935    
   9      0.1758934E-07 0.4848E-08  0.2267111E-07 0.1737E-08 0.4565    
  10      0.1984809E-07 0.4854E-08  0.2240153E-07 0.1637E-08 0.4416    
  11      0.2262117E-07 0.4926E-08  0.2242514E-07 0.1553E-08 0.3944    
  12      0.2749608E-07 0.4990E-08  0.2310477E-07 0.1481E-08 0.4652    
  13      0.2712095E-07 0.4949E-08  0.2357485E-07 0.1417E-08 0.4804    
  14      0.1664326E-07 0.5085E-08  0.2329706E-07 0.1365E-08 0.5349    
  15      0.1170782E-07 0.5039E-08  0.2306762E-07 0.1319E-08 0.6290    



 INPUT PARAMETERS FOR VEGAS:  NDIM=  4  NCALL= 1919025152.
                              IT=    0  ITMX=   30
                              MDS= -1   ND=  44
   1      0.2250083E-07 0.1569E-08  0.2250083E-07 0.1569E-08  0.000    
   2      0.2053028E-07 0.1567E-08  0.2160418E-07 0.1109E-08 0.7829    
   3      0.1676792E-07 0.1563E-08  0.2047396E-07 0.9049E-09  3.008    
   4      0.2200943E-07 0.1566E-08  0.2091384E-07 0.7834E-09  2.171    
   5      0.1898730E-07 0.1567E-08  0.2057561E-07 0.7007E-09  1.952    
   6      0.2350767E-07 0.1567E-08  0.2119687E-07 0.6397E-09  2.178    
   7      0.2001491E-07 0.1565E-08  0.2103912E-07 0.5922E-09  1.912    
   8      0.2198413E-07 0.1567E-08  0.2116997E-07 0.5539E-09  1.663    
   9      0.1881522E-07 0.1567E-08  0.2095317E-07 0.5222E-09  1.699    
  10      0.2413728E-07 0.1568E-08  0.2137158E-07 0.4955E-09  1.981    
  11      0.2437750E-07 0.1563E-08  0.2172871E-07 0.4723E-09  2.153    
  12      0.2009194E-07 0.1563E-08  0.2160640E-07 0.4521E-09  2.059    
  13      0.2043431E-07 0.1567E-08  0.2152269E-07 0.4344E-09  1.939    
  14      0.2110520E-07 0.1564E-08  0.2149303E-07 0.4186E-09  1.796    
  15      0.1987923E-07 0.1564E-08  0.2139731E-07 0.4043E-09  1.744    
  16      0.2175585E-07 0.1564E-08  0.2142109E-07 0.3914E-09  1.625    
  17      0.2106066E-07 0.1565E-08  0.2140004E-07 0.3798E-09  1.527    
  18      0.2492960E-07 0.1565E-08  0.2166697E-07 0.3690E-09  1.783    
  19      0.1835946E-07 0.1563E-08  0.2153620E-07 0.3592E-09  1.887    
  20      0.1982702E-07 0.1564E-08  0.2146095E-07 0.3501E-09  1.852    
  21      0.2059223E-07 0.1567E-08  0.2142173E-07 0.3416E-09  1.777    
  22      0.2338272E-07 0.1570E-08  0.2152926E-07 0.3338E-09  1.761    
  23      0.2143874E-07 0.1568E-08  0.2152527E-07 0.3265E-09  1.680    
  24      0.2119494E-07 0.1565E-08  0.2151155E-07 0.3196E-09  1.609    
  25      0.2124807E-07 0.1566E-08  0.2150102E-07 0.3132E-09  1.543    
  26      0.2299942E-07 0.1569E-08  0.2156790E-07 0.3071E-09  1.512    
  27      0.2216777E-07 0.1565E-08  0.2159188E-07 0.3014E-09  1.455    
  28      0.1965569E-07 0.1567E-08  0.2153297E-07 0.2959E-09  1.456    
  29      0.2108082E-07 0.1565E-08  0.2151766E-07 0.2908E-09  1.408    
  30      0.2158101E-07 0.1566E-08  0.2151983E-07 0.2859E-09  1.358    
   
   
 [1;32mIntegral Plus:   2.1519826570681673E-008 [0m+-   2.8590287768287595E-010
 with chisq    =   1.3577381739360297     
  
  
  
 [1;32mFor xq =         2500 [0m
  
 RM48 INITIALIZED:        40           0         0



 INPUT PARAMETERS FOR VEGAS:  NDIM=  4  NCALL=  192119202.
                              IT=    0  ITMX=   15
                              MDS= -1   ND=  33
   1      0.2179437E-07 0.5166E-08  0.2179437E-07 0.5166E-08  0.000    
   2      0.1154683E-07 0.2330E-08  0.1585230E-07 0.2680E-08  3.562    
   3      0.9847603E-08 0.2142E-08  0.1385366E-07 0.1924E-08  3.386    
   4      0.9118582E-08 0.2094E-08  0.1276478E-07 0.1546E-08  3.246    
   5      0.9006938E-08 0.2074E-08  0.1206545E-07 0.1310E-08  3.070    
   6      0.1021308E-07 0.2078E-08  0.1170879E-07 0.1137E-08  2.714    
   7      0.8098982E-08 0.2075E-08  0.1131777E-07 0.1027E-08  2.671    
   8      0.9794055E-08 0.2080E-08  0.1111038E-07 0.9335E-09  2.440    
   9      0.9141131E-08 0.2090E-08  0.1090339E-07 0.8627E-09  2.299    
  10      0.7136627E-08 0.2098E-08  0.1067818E-07 0.8100E-09  2.314    
  11      0.1053032E-07 0.2166E-08  0.1066209E-07 0.7602E-09  2.108    
  12      0.9902814E-08 0.2147E-08  0.1059434E-07 0.7189E-09  1.960    
  13      0.9687767E-08 0.2155E-08  0.1052351E-07 0.6839E-09  1.841    
  14      0.1188187E-07 0.2123E-08  0.1067020E-07 0.6497E-09  1.711    
  15      0.1082797E-07 0.2148E-08  0.1068291E-07 0.6221E-09  1.594    



 INPUT PARAMETERS FOR VEGAS:  NDIM=  4  NCALL= 1919025152.
                              IT=    0  ITMX=   30
                              MDS= -1   ND=  44
   1      0.9821225E-08 0.6739E-09  0.9821225E-08 0.6739E-09  0.000    
   2      0.9747766E-08 0.6730E-09  0.9784725E-08 0.4762E-09 0.5949E-02
   3      0.8746532E-08 0.6715E-09  0.9487077E-08 0.3885E-09 0.7334    
   4      0.1116800E-07 0.6717E-09  0.1002228E-07 0.3362E-09  2.253    
   5      0.1047468E-07 0.6730E-09  0.1012095E-07 0.3008E-09  1.747    
   6      0.1079079E-07 0.6720E-09  0.1024717E-07 0.2745E-09  1.544    
   7      0.1045993E-07 0.6731E-09  0.1027909E-07 0.2542E-09  1.290    
   8      0.9524444E-08 0.6733E-09  0.1019566E-07 0.2378E-09  1.265    
   9      0.1114179E-07 0.6707E-09  0.1032084E-07 0.2241E-09  1.337    
  10      0.1052056E-07 0.6721E-09  0.1034183E-07 0.2126E-09  1.191    
  11      0.9314326E-08 0.6721E-09  0.1026361E-07 0.2027E-09  1.270    
  12      0.1057673E-07 0.6724E-09  0.1029158E-07 0.1941E-09  1.167    
  13      0.9426939E-08 0.6719E-09  0.1023421E-07 0.1865E-09  1.193    
  14      0.1006092E-07 0.6723E-09  0.1022205E-07 0.1797E-09  1.107    
  15      0.9591463E-08 0.6720E-09  0.1018422E-07 0.1736E-09  1.089    
  16      0.9655783E-08 0.6730E-09  0.1015401E-07 0.1681E-09  1.057    
  17      0.1036194E-07 0.6745E-09  0.1016680E-07 0.1631E-09 0.9938    
  18      0.1075248E-07 0.6712E-09  0.1020352E-07 0.1585E-09 0.9757    
  19      0.1017761E-07 0.6726E-09  0.1020215E-07 0.1543E-09 0.9212    
  20      0.1100096E-07 0.6730E-09  0.1024865E-07 0.1504E-09 0.9465    
  21      0.9558937E-08 0.6739E-09  0.1021968E-07 0.1468E-09 0.9488    
  22      0.1118973E-07 0.6734E-09  0.1027255E-07 0.1434E-09  1.007    
  23      0.9283877E-08 0.6730E-09  0.1023677E-07 0.1402E-09  1.048    
  24      0.1020607E-07 0.6721E-09  0.1023548E-07 0.1373E-09  1.002    
  25      0.1126553E-07 0.6729E-09  0.1028553E-07 0.1345E-09  1.064    
  26      0.9749944E-08 0.6734E-09  0.1026675E-07 0.1319E-09  1.048    
  27      0.1045496E-07 0.6724E-09  0.1027407E-07 0.1294E-09  1.008    
  28      0.1010587E-07 0.6732E-09  0.1026819E-07 0.1271E-09 0.9740    
  29      0.1048417E-07 0.6731E-09  0.1027602E-07 0.1249E-09 0.9411    
  30      0.1035196E-07 0.6729E-09  0.1027862E-07 0.1228E-09 0.9083    
   
   
 [1;32mIntegral Plus:   1.0278616259535837E-008 [0m+-   1.2280474119018826E-010
 with chisq    =  0.90829395661554557     
  
  
  
 [1;32mFor xq =         2800 [0m
  
 RM48 INITIALIZED:        40           0         0



 INPUT PARAMETERS FOR VEGAS:  NDIM=  4  NCALL=  192119202.
                              IT=    0  ITMX=   15
                              MDS= -1   ND=  33
   1      0.4173878E-08 0.2296E-08  0.4173878E-08 0.2296E-08  0.000    
   2      0.5910422E-08 0.1028E-08  0.5752477E-08 0.8486E-09 0.3462    
   3      0.3821066E-08 0.9489E-09  0.5156676E-08 0.6516E-09  1.140    
   4      0.4986621E-08 0.9357E-09  0.5097021E-08 0.5325E-09 0.7467    
   5      0.3325757E-08 0.9271E-09  0.4854084E-08 0.4683E-09  1.048    
   6      0.4643668E-08 0.9259E-09  0.4809603E-08 0.4175E-09 0.8403    
   7      0.5496213E-08 0.9290E-09  0.4965661E-08 0.3788E-09 0.7535    
   8      0.4746939E-08 0.9273E-09  0.4933850E-08 0.3506E-09 0.6512    
   9      0.4257227E-08 0.9350E-09  0.4864034E-08 0.3286E-09 0.6306    
  10      0.5584672E-08 0.9413E-09  0.4971461E-08 0.3097E-09 0.6133    
  11      0.4627493E-08 0.9581E-09  0.4940535E-08 0.2947E-09 0.5659    
  12      0.4946721E-08 0.9599E-09  0.4941109E-08 0.2817E-09 0.5108    
  13      0.6456599E-08 0.9541E-09  0.5150263E-08 0.2698E-09 0.7526    
  14      0.4676249E-08 0.9698E-09  0.5119223E-08 0.2600E-09 0.7151    
  15      0.5820819E-08 0.9728E-09  0.5183496E-08 0.2512E-09 0.6927    



 INPUT PARAMETERS FOR VEGAS:  NDIM=  4  NCALL= 1919025152.
                              IT=    0  ITMX=   30
                              MDS= -1   ND=  44
   1      0.4798314E-08 0.3048E-09  0.4798314E-08 0.3048E-09  0.000    
   2      0.4673961E-08 0.3046E-09  0.4737731E-08 0.2155E-09 0.8321E-01
   3      0.4428634E-08 0.3043E-09  0.4643530E-08 0.1759E-09 0.3707    
   4      0.5179716E-08 0.3045E-09  0.4801155E-08 0.1523E-09  1.090    
   5      0.4490077E-08 0.3039E-09  0.4744685E-08 0.1361E-09  1.031    
   6      0.4527995E-08 0.3043E-09  0.4711002E-08 0.1243E-09 0.9161    
   7      0.4176095E-08 0.3041E-09  0.4648440E-08 0.1150E-09  1.159    
   8      0.4703565E-08 0.3049E-09  0.4655529E-08 0.1076E-09 0.9930    
   9      0.4861055E-08 0.3039E-09  0.4680488E-08 0.1015E-09 0.9139    
  10      0.4860194E-08 0.3043E-09  0.4699898E-08 0.9625E-10 0.8424    
  11      0.4584418E-08 0.3038E-09  0.4689744E-08 0.9176E-10 0.7736    
  12      0.5323338E-08 0.3042E-09  0.4756752E-08 0.8785E-10  1.133    
  13      0.4808039E-08 0.3045E-09  0.4760817E-08 0.8440E-10  1.038    
  14      0.5383060E-08 0.3041E-09  0.4817207E-08 0.8133E-10  1.310    
  15      0.5071084E-08 0.3051E-09  0.4835983E-08 0.7859E-10  1.257    
  16      0.4846435E-08 0.3047E-09  0.4836646E-08 0.7609E-10  1.172    
  17      0.4338624E-08 0.3041E-09  0.4812461E-08 0.7382E-10  1.243    
  18      0.5162086E-08 0.3036E-09  0.4835022E-08 0.7173E-10  1.243    
  19      0.4901239E-08 0.3039E-09  0.4838655E-08 0.6981E-10  1.174    
  20      0.4836159E-08 0.3041E-09  0.4838528E-08 0.6804E-10  1.112    
  21      0.4601261E-08 0.3046E-09  0.4828160E-08 0.6640E-10  1.087    
  22      0.4937852E-08 0.3038E-09  0.4833442E-08 0.6487E-10  1.039    
  23      0.5218251E-08 0.3036E-09  0.4853104E-08 0.6344E-10  1.065    
  24      0.4636010E-08 0.3040E-09  0.4844708E-08 0.6210E-10  1.042    
  25      0.5125841E-08 0.3044E-09  0.4857368E-08 0.6085E-10  1.031    
  26      0.4208245E-08 0.3034E-09  0.4838125E-08 0.5966E-10  1.135    
  27      0.4739126E-08 0.3048E-09  0.4834568E-08 0.5855E-10  1.097    
  28      0.4787741E-08 0.3040E-09  0.4832904E-08 0.5749E-10  1.057    
  29      0.5160652E-08 0.3053E-09  0.4845797E-08 0.5650E-10  1.059    
  30      0.4947767E-08 0.3043E-09  0.4849378E-08 0.5555E-10  1.025    
   
   
 [1;32mIntegral Plus:   4.8493778626838930E-009 [0m+-   5.5551993658105747E-011
 with chisq    =   1.0248572667785298     
  
  
  
 [1;32mFor xq =         3100 [0m
  
 RM48 INITIALIZED:        40           0         0



 INPUT PARAMETERS FOR VEGAS:  NDIM=  4  NCALL=  192119202.
                              IT=    0  ITMX=   15
                              MDS= -1   ND=  33
   1      0.2811423E-08 0.1027E-08  0.2811423E-08 0.1027E-08  0.000    
   2      0.2625914E-08 0.4659E-09  0.2661353E-08 0.4341E-09 0.2822E-01
   3      0.2150177E-08 0.4320E-09  0.2463590E-08 0.3180E-09 0.3226    
   4      0.2880014E-08 0.4332E-09  0.2633666E-08 0.2530E-09 0.4191    
   5      0.2599846E-08 0.4294E-09  0.2625109E-08 0.2181E-09 0.3170    
   6      0.1966902E-08 0.4267E-09  0.2540940E-08 0.1961E-09 0.5249    
   7      0.2794615E-08 0.4289E-09  0.2592564E-08 0.1778E-09 0.4790    
   8      0.2595517E-08 0.4294E-09  0.2593004E-08 0.1642E-09 0.4094    
   9      0.1932429E-08 0.4348E-09  0.2543748E-08 0.1541E-09 0.5349    
  10      0.2106798E-08 0.4359E-09  0.2508334E-08 0.1455E-09 0.5645    
  11      0.2433006E-08 0.4404E-09  0.2501123E-08 0.1382E-09 0.5120    
  12      0.2641695E-08 0.4442E-09  0.2515160E-08 0.1319E-09 0.4692    
  13      0.2316972E-08 0.4421E-09  0.2500894E-08 0.1265E-09 0.4481    
  14      0.2477566E-08 0.4477E-09  0.2499161E-08 0.1217E-09 0.4136    
  15      0.2470579E-08 0.4480E-09  0.2497197E-08 0.1174E-09 0.3843    



 INPUT PARAMETERS FOR VEGAS:  NDIM=  4  NCALL= 1919025152.
                              IT=    0  ITMX=   30
                              MDS= -1   ND=  44
   1      0.2350380E-08 0.1402E-09  0.2350380E-08 0.1402E-09  0.000    
   2      0.2514308E-08 0.1404E-09  0.2437759E-08 0.9923E-10 0.6793    
   3      0.2536934E-08 0.1401E-09  0.2472735E-08 0.8098E-10 0.5013    
   4      0.2437608E-08 0.1405E-09  0.2464142E-08 0.7016E-10 0.3517    
   5      0.2646143E-08 0.1403E-09  0.2504957E-08 0.6275E-10 0.6216    
   6      0.2288722E-08 0.1403E-09  0.2473899E-08 0.5729E-10 0.8615    
   7      0.2601989E-08 0.1400E-09  0.2494033E-08 0.5302E-10 0.8353    
   8      0.2334001E-08 0.1403E-09  0.2476134E-08 0.4960E-10 0.8744    
   9      0.2503992E-08 0.1400E-09  0.2479325E-08 0.4675E-10 0.7670    
  10      0.2421276E-08 0.1403E-09  0.2473736E-08 0.4435E-10 0.7011    
  11      0.2526170E-08 0.1404E-09  0.2478706E-08 0.4229E-10 0.6414    
  12      0.2464792E-08 0.1403E-09  0.2477553E-08 0.4049E-10 0.5841    
  13      0.2463836E-08 0.1399E-09  0.2476499E-08 0.3890E-10 0.5364    
  14      0.2370468E-08 0.1400E-09  0.2469468E-08 0.3748E-10 0.5361    
  15      0.2535004E-08 0.1402E-09  0.2474081E-08 0.3621E-10 0.5112    
  16      0.2387553E-08 0.1399E-09  0.2468980E-08 0.3505E-10 0.5016    
  17      0.2694052E-08 0.1403E-09  0.2484624E-08 0.3401E-10 0.6419    
  18      0.2610908E-08 0.1399E-09  0.2492399E-08 0.3304E-10 0.6501    
  19      0.2383515E-08 0.1399E-09  0.2487083E-08 0.3216E-10 0.6462    
  20      0.2602951E-08 0.1404E-09  0.2493414E-08 0.3135E-10 0.6462    
  21      0.2448800E-08 0.1405E-09  0.2491358E-08 0.3060E-10 0.6194    
  22      0.2446213E-08 0.1402E-09  0.2489366E-08 0.2989E-10 0.5953    
  23      0.2389756E-08 0.1401E-09  0.2485333E-08 0.2923E-10 0.5906    
  24      0.2705670E-08 0.1400E-09  0.2496209E-08 0.2862E-10 0.6814    
  25      0.2370134E-08 0.1404E-09  0.2491630E-08 0.2804E-10 0.6849    
  26      0.2525982E-08 0.1404E-09  0.2492991E-08 0.2750E-10 0.6591    
  27      0.2638785E-08 0.1402E-09  0.2499047E-08 0.2698E-10 0.6754    
  28      0.2446683E-08 0.1405E-09  0.2497248E-08 0.2650E-10 0.6560    
  29      0.2424778E-08 0.1401E-09  0.2494871E-08 0.2604E-10 0.6425    
  30      0.2316285E-08 0.1401E-09  0.2489677E-08 0.2560E-10 0.6705    
   
   
 [1;32mIntegral Plus:   2.4896771731898095E-009 [0m+-   2.5599155290361224E-011
 with chisq    =  0.67051619333978896     
  
  
  
 [1;32mFor xq =         3400 [0m
  
 RM48 INITIALIZED:        40           0         0



 INPUT PARAMETERS FOR VEGAS:  NDIM=  4  NCALL=  192119202.
                              IT=    0  ITMX=   15
                              MDS= -1   ND=  33
   1      0.1304456E-08 0.4646E-09  0.1304456E-08 0.4646E-09  0.000    
   2      0.1181914E-08 0.2154E-09  0.1207347E-08 0.2019E-09 0.6056E-01
   3      0.1101736E-08 0.2043E-09  0.1161560E-08 0.1464E-09 0.9654E-01
   4      0.1491090E-08 0.1986E-09  0.1312083E-08 0.1150E-09 0.7353    
   5      0.1528408E-08 0.2018E-09  0.1380717E-08 0.9906E-10 0.7661    
   6      0.1222516E-08 0.2004E-09  0.1353718E-08 0.8901E-10 0.7188    
   7      0.1217270E-08 0.2006E-09  0.1334004E-08 0.8149E-10 0.6692    
   8      0.1234119E-08 0.2009E-09  0.1321123E-08 0.7558E-10 0.6089    
   9      0.1073358E-08 0.2037E-09  0.1299647E-08 0.7097E-10 0.6724    
  10      0.1251811E-08 0.2050E-09  0.1294658E-08 0.6707E-10 0.6047    
  11      0.1351828E-08 0.2070E-09  0.1300748E-08 0.6379E-10 0.5453    
  12      0.1215669E-08 0.2091E-09  0.1294124E-08 0.6102E-10 0.5123    
  13      0.1035068E-08 0.2086E-09  0.1280221E-08 0.5858E-10 0.5648    
  14      0.1124619E-08 0.2099E-09  0.1271061E-08 0.5643E-10 0.5612    
  15      0.1026798E-08 0.2110E-09  0.1259739E-08 0.5452E-10 0.5959    



 INPUT PARAMETERS FOR VEGAS:  NDIM=  4  NCALL= 1919025152.
                              IT=    0  ITMX=   30
                              MDS= -1   ND=  44
   1      0.1224572E-08 0.6525E-10  0.1224572E-08 0.6525E-10  0.000    
   2      0.1189026E-08 0.6508E-10  0.1207278E-08 0.4608E-10 0.1487    
   3      0.1254956E-08 0.6512E-10  0.1224022E-08 0.3762E-10 0.2554    
   4      0.1352081E-08 0.6543E-10  0.1260861E-08 0.3262E-10  1.214    
   5      0.1253070E-08 0.6520E-10  0.1259309E-08 0.2917E-10 0.9146    
   6      0.1159235E-08 0.6526E-10  0.1244753E-08 0.2663E-10  1.101    
   7      0.1248034E-08 0.6518E-10  0.1245227E-08 0.2465E-10 0.9164    
   8      0.1204985E-08 0.6527E-10  0.1240460E-08 0.2306E-10 0.8367    
   9      0.1277426E-08 0.6528E-10  0.1244802E-08 0.2174E-10 0.7642    
  10      0.1348943E-08 0.6539E-10  0.1256827E-08 0.2063E-10 0.9562    
  11      0.1158383E-08 0.6536E-10  0.1249095E-08 0.1968E-10  1.053    
  12      0.1158248E-08 0.6531E-10  0.1242472E-08 0.1884E-10  1.111    
  13      0.1321358E-08 0.6525E-10  0.1249321E-08 0.1810E-10  1.133    
  14      0.1240071E-08 0.6522E-10  0.1248663E-08 0.1744E-10  1.048    
  15      0.1249465E-08 0.6513E-10  0.1248718E-08 0.1685E-10 0.9725    
  16      0.1314189E-08 0.6539E-10  0.1253232E-08 0.1632E-10 0.9701    
  17      0.1204285E-08 0.6509E-10  0.1250530E-08 0.1583E-10 0.9444    
  18      0.1193819E-08 0.6516E-10  0.1247617E-08 0.1538E-10 0.9319    
  19      0.1333453E-08 0.6516E-10  0.1252786E-08 0.1497E-10 0.9766    
  20      0.1244481E-08 0.6528E-10  0.1252373E-08 0.1459E-10 0.9263    
  21      0.1203908E-08 0.6515E-10  0.1250213E-08 0.1424E-10 0.9075    
  22      0.1256205E-08 0.6537E-10  0.1250488E-08 0.1391E-10 0.8641    
  23      0.1296272E-08 0.6546E-10  0.1252620E-08 0.1361E-10 0.8447    
  24      0.1215946E-08 0.6522E-10  0.1251167E-08 0.1332E-10 0.8223    
  25      0.1249368E-08 0.6540E-10  0.1251095E-08 0.1305E-10 0.7879    
  26      0.1202827E-08 0.6516E-10  0.1249359E-08 0.1280E-10 0.7782    
  27      0.1294800E-08 0.6515E-10  0.1251177E-08 0.1256E-10 0.7654    
  28      0.1216140E-08 0.6537E-10  0.1249990E-08 0.1233E-10 0.7482    
  29      0.1360734E-08 0.6520E-10  0.1254519E-08 0.1212E-10 0.8337    
  30      0.1302868E-08 0.6527E-10  0.1256263E-08 0.1191E-10 0.8224    
   
   
 [1;32mIntegral Plus:   1.2562629884357207E-009 [0m+-   1.1913751427679626E-011
 with chisq    =  0.82240630378781043     
  
  
  
 [1;32mFor xq =         3700 [0m
  
 RM48 INITIALIZED:        40           0         0



 INPUT PARAMETERS FOR VEGAS:  NDIM=  4  NCALL=  192119202.
                              IT=    0  ITMX=   15
                              MDS= -1   ND=  33
   1      0.7664529E-09 0.2172E-09  0.7664529E-09 0.2172E-09  0.000    
   2      0.5827790E-09 0.1018E-09  0.6333889E-09 0.1013E-09 0.6568    
   3      0.4889195E-09 0.9758E-10  0.5818065E-09 0.7435E-10 0.8250    
   4      0.4916713E-09 0.9511E-10  0.5569860E-09 0.6022E-10 0.7564    
   5      0.5271801E-09 0.9440E-10  0.5497372E-09 0.5128E-10 0.6078    
   6      0.5641007E-09 0.9448E-10  0.5528617E-09 0.4515E-10 0.4943    
   7      0.7014231E-09 0.9490E-10  0.5900066E-09 0.4040E-10 0.8085    
   8      0.7458880E-09 0.9512E-10  0.6242420E-09 0.3691E-10  1.084    
   9      0.6916351E-09 0.9592E-10  0.6347957E-09 0.3438E-10 0.9862    
  10      0.6926458E-09 0.9748E-10  0.6424319E-09 0.3238E-10 0.8981    
  11      0.5801743E-09 0.9670E-10  0.6370762E-09 0.3073E-10 0.8525    
  12      0.7729054E-09 0.1001E-09  0.6540173E-09 0.2936E-10 0.9558    
  13      0.5754602E-09 0.9827E-10  0.6487598E-09 0.2814E-10 0.9301    
  14      0.5926950E-09 0.9824E-10  0.6450411E-09 0.2706E-10 0.8874    
  15      0.5803141E-09 0.9864E-10  0.6412012E-09 0.2611E-10 0.8575    



 INPUT PARAMETERS FOR VEGAS:  NDIM=  4  NCALL= 1919025152.
                              IT=    0  ITMX=   30
                              MDS= -1   ND=  44
   1      0.6029387E-09 0.3100E-10  0.6029387E-09 0.3100E-10  0.000    
   2      0.6009681E-09 0.3101E-10  0.6019570E-09 0.2192E-10 0.2020E-02
   3      0.6291310E-09 0.3091E-10  0.6115937E-09 0.1788E-10 0.2653    
   4      0.6772531E-09 0.3102E-10  0.6306206E-09 0.1549E-10  1.400    
   5      0.6309913E-09 0.3104E-10  0.6306950E-09 0.1386E-10  1.048    
   6      0.6308400E-09 0.3099E-10  0.6307193E-09 0.1265E-10 0.8375    
   7      0.6845477E-09 0.3096E-10  0.6396052E-09 0.1171E-10  1.165    
   8      0.6675993E-09 0.3089E-10  0.6434199E-09 0.1095E-10  1.097    
   9      0.6843739E-09 0.3100E-10  0.6485171E-09 0.1033E-10  1.159    
  10      0.6873227E-09 0.3105E-10  0.6528324E-09 0.9799E-11  1.189    
  11      0.6264669E-09 0.3094E-10  0.6505877E-09 0.9341E-11  1.140    
  12      0.6060754E-09 0.3100E-10  0.6473152E-09 0.8944E-11  1.200    
  13      0.6670937E-09 0.3102E-10  0.6489314E-09 0.8594E-11  1.127    
  14      0.6378819E-09 0.3107E-10  0.6481654E-09 0.8283E-11  1.052    
  15      0.5902834E-09 0.3102E-10  0.6449129E-09 0.8002E-11  1.186    
  16      0.7056636E-09 0.3102E-10  0.6494277E-09 0.7749E-11  1.374    
  17      0.6305573E-09 0.3098E-10  0.6483679E-09 0.7517E-11  1.313    
  18      0.6724665E-09 0.3094E-10  0.6498184E-09 0.7305E-11  1.266    
  19      0.6100037E-09 0.3103E-10  0.6479502E-09 0.7110E-11  1.281    
  20      0.6218642E-09 0.3098E-10  0.6467336E-09 0.6930E-11  1.251    
  21      0.6428045E-09 0.3100E-10  0.6465474E-09 0.6763E-11  1.189    
  22      0.6356887E-09 0.3099E-10  0.6460659E-09 0.6608E-11  1.139    
  23      0.6201276E-09 0.3097E-10  0.6450141E-09 0.6462E-11  1.120    
  24      0.6113495E-09 0.3104E-10  0.6437433E-09 0.6327E-11  1.120    
  25      0.6820756E-09 0.3103E-10  0.6454645E-09 0.6199E-11  1.136    
  26      0.6811605E-09 0.3103E-10  0.6469948E-09 0.6079E-11  1.142    
  27      0.6633432E-09 0.3100E-10  0.6476344E-09 0.5965E-11  1.107    
  28      0.6119421E-09 0.3097E-10  0.6464818E-09 0.5858E-11  1.112    
  29      0.6017179E-09 0.3104E-10  0.6451326E-09 0.5756E-11  1.140    
  30      0.6915468E-09 0.3099E-10  0.6469155E-09 0.5659E-11  1.181    
   
   
 [1;32mIntegral Plus:   6.4691553220305806E-010 [0m+-   5.6592741835173769E-012
 with chisq    =   1.1810698732709670     
  
  
  
 [1;32mFor xq =         4000 [0m
  
 RM48 INITIALIZED:        40           0         0



 INPUT PARAMETERS FOR VEGAS:  NDIM=  4  NCALL=  192119202.
                              IT=    0  ITMX=   15
                              MDS= -1   ND=  33
   1      0.2935732E-09 0.1017E-09  0.2935732E-09 0.1017E-09  0.000    
   2      0.2529467E-09 0.4815E-10  0.2623637E-09 0.4572E-10 0.1406    
   3      0.3193481E-09 0.4585E-10  0.2951035E-09 0.3155E-10 0.4615    
   4      0.3230911E-09 0.4508E-10  0.3056904E-09 0.2562E-10 0.3837    
   5      0.2524396E-09 0.4531E-10  0.2957825E-09 0.2244E-10 0.5183    
   6      0.3071075E-09 0.4522E-10  0.2982353E-09 0.2007E-10 0.4172    
   7      0.3273486E-09 0.4559E-10  0.3039085E-09 0.1832E-10 0.4017    
   8      0.2861124E-09 0.4564E-10  0.3016069E-09 0.1701E-10 0.3653    
   9      0.3044944E-09 0.4602E-10  0.3019706E-09 0.1595E-10 0.3182    
  10      0.3216587E-09 0.4654E-10  0.3043494E-09 0.1509E-10 0.2982    
  11      0.2745533E-09 0.4672E-10  0.3019558E-09 0.1436E-10 0.3042    
  12      0.3405542E-09 0.4682E-10  0.3061850E-09 0.1372E-10 0.3398    
  13      0.3395951E-09 0.4682E-10  0.3094675E-09 0.1317E-10 0.3528    
  14      0.3432141E-09 0.4660E-10  0.3125718E-09 0.1267E-10 0.3651    
  15      0.3450604E-09 0.4723E-10  0.3152690E-09 0.1223E-10 0.3716    



 INPUT PARAMETERS FOR VEGAS:  NDIM=  4  NCALL= 1919025152.
                              IT=    0  ITMX=   30
                              MDS= -1   ND=  44
   1      0.3236776E-09 0.1469E-10  0.3236776E-09 0.1469E-10  0.000    
   2      0.3469222E-09 0.1467E-10  0.3361189E-09 0.1038E-10  1.247    
   3      0.3204152E-09 0.1470E-10  0.3312091E-09 0.8479E-11  1.011    
   4      0.3602022E-09 0.1470E-10  0.3394155E-09 0.7345E-11  1.698    
   5      0.3317573E-09 0.1471E-10  0.3379328E-09 0.6571E-11  1.336    
   6      0.3404107E-09 0.1470E-10  0.3383525E-09 0.5999E-11  1.070    
   7      0.3262302E-09 0.1466E-10  0.3367128E-09 0.5552E-11 0.9930    
   8      0.3207587E-09 0.1467E-10  0.3348705E-09 0.5193E-11 0.9983    
   9      0.3286578E-09 0.1469E-10  0.3341996E-09 0.4896E-11 0.8961    
  10      0.3489352E-09 0.1463E-10  0.3358097E-09 0.4643E-11 0.8979    
  11      0.2948372E-09 0.1466E-10  0.3328580E-09 0.4426E-11  1.398    
  12      0.3395328E-09 0.1468E-10  0.3334390E-09 0.4238E-11  1.284    
  13      0.3073394E-09 0.1469E-10  0.3317039E-09 0.4072E-11  1.402    
  14      0.3317123E-09 0.1469E-10  0.3317045E-09 0.3924E-11  1.294    
  15      0.3384345E-09 0.1469E-10  0.3321730E-09 0.3791E-11  1.212    
  16      0.3274142E-09 0.1466E-10  0.3318809E-09 0.3670E-11  1.139    
  17      0.2949244E-09 0.1468E-10  0.3301315E-09 0.3561E-11  1.385    
  18      0.3136597E-09 0.1470E-10  0.3292965E-09 0.3460E-11  1.374    
  19      0.3492365E-09 0.1466E-10  0.3304812E-09 0.3368E-11  1.397    
  20      0.3120206E-09 0.1467E-10  0.3296461E-09 0.3282E-11  1.403    
  21      0.3084445E-09 0.1468E-10  0.3287498E-09 0.3203E-11  1.429    
  22      0.3208741E-09 0.1466E-10  0.3284046E-09 0.3130E-11  1.376    
  23      0.3451920E-09 0.1472E-10  0.3292093E-09 0.3061E-11  1.369    
  24      0.2972044E-09 0.1466E-10  0.3281020E-09 0.2997E-11  1.485    
  25      0.3344158E-09 0.1466E-10  0.3283667E-09 0.2936E-11  1.428    
  26      0.3205725E-09 0.1469E-10  0.3280784E-09 0.2879E-11  1.383    
  27      0.3406157E-09 0.1471E-10  0.3285791E-09 0.2825E-11  1.355    
  28      0.3183901E-09 0.1472E-10  0.3282358E-09 0.2775E-11  1.324    
  29      0.3270796E-09 0.1465E-10  0.3281957E-09 0.2726E-11  1.277    
  30      0.3552559E-09 0.1464E-10  0.3292595E-09 0.2680E-11  1.358    
   
   
 [1;32mIntegral Plus:   3.2925950919764116E-010 [0m+-   2.6801163346318122E-012
 with chisq    =   1.3579021507315814     
  
  
  
 [1;32mFor xq =         4300 [0m
  
 RM48 INITIALIZED:        40           0         0



 INPUT PARAMETERS FOR VEGAS:  NDIM=  4  NCALL=  192119202.
                              IT=    0  ITMX=   15
                              MDS= -1   ND=  33
   1      0.1772913E-09 0.4830E-10  0.1772913E-09 0.4830E-10  0.000    
   2      0.1662421E-09 0.2273E-10  0.1684652E-09 0.2100E-10 0.4449E-01
   3      0.1401764E-09 0.2182E-10  0.1576776E-09 0.1557E-10 0.4145    
   4      0.1851208E-09 0.2151E-10  0.1688277E-09 0.1245E-10 0.6476    
   5      0.1886887E-09 0.2138E-10  0.1747728E-09 0.1069E-10 0.6428    
   6      0.1580204E-09 0.2155E-10  0.1719038E-09 0.9598E-11 0.6148    
   7      0.1613643E-09 0.2158E-10  0.1703105E-09 0.8779E-11 0.5505    
   8      0.2052683E-09 0.2170E-10  0.1771191E-09 0.8110E-11 0.8616    
   9      0.1749664E-09 0.2198E-10  0.1768581E-09 0.7608E-11 0.7538    
  10      0.1485427E-09 0.2230E-10  0.1746437E-09 0.7205E-11 0.8124    
  11      0.1739406E-09 0.2225E-10  0.1745752E-09 0.6854E-11 0.7295    
  12      0.1509576E-09 0.2283E-10  0.1730384E-09 0.6564E-11 0.7476    
  13      0.1502957E-09 0.2238E-10  0.1716081E-09 0.6300E-11 0.7611    
  14      0.1795835E-09 0.2239E-10  0.1722644E-09 0.6064E-11 0.7060    
  15      0.1587028E-09 0.2253E-10  0.1714546E-09 0.5856E-11 0.6825    



 INPUT PARAMETERS FOR VEGAS:  NDIM=  4  NCALL= 1919025152.
                              IT=    0  ITMX=   30
                              MDS= -1   ND=  44
   1      0.1612212E-09 0.7019E-11  0.1612212E-09 0.7019E-11  0.000    
   2      0.1742978E-09 0.7017E-11  0.1682704E-09 0.4963E-11  1.725    
   3      0.1659718E-09 0.7011E-11  0.1675148E-09 0.4051E-11 0.9048    
   4      0.1857643E-09 0.7024E-11  0.1728234E-09 0.3509E-11  2.429    
   5      0.1628420E-09 0.7007E-11  0.1709924E-09 0.3138E-11  2.240    
   6      0.1674349E-09 0.7031E-11  0.1704179E-09 0.2865E-11  1.844    
   7      0.1637960E-09 0.7028E-11  0.1695307E-09 0.2653E-11  1.672    
   8      0.1662673E-09 0.7017E-11  0.1691338E-09 0.2482E-11  1.465    
   9      0.1685515E-09 0.7022E-11  0.1690691E-09 0.2340E-11  1.283    
  10      0.1779726E-09 0.7020E-11  0.1700498E-09 0.2220E-11  1.303    
  11      0.1713518E-09 0.7004E-11  0.1701710E-09 0.2116E-11  1.173    
  12      0.1885200E-09 0.7020E-11  0.1720204E-09 0.2026E-11  1.722    
