   195.00000000000000        195.00000000000000        195.00000000000000        119.88324965118076        1.8114988621880004E-002
   205.00000000000000        205.00000000000000        205.00000000000000        115.97343945180647        1.7217822285686420E-002
   215.00000000000000        215.00000000000000        215.00000000000000        103.22265894089958        1.5166754365628558E-002
   225.00000000000000        225.00000000000000        225.00000000000000        89.666783048004106        1.3061322915704648E-002
   235.00000000000000        235.00000000000000        235.00000000000000        77.359670659706524        1.1171413189023535E-002
   245.00000000000000        245.00000000000000        245.00000000000000        66.729475288676454        9.4874140104280451E-003
   255.00000000000000        255.00000000000000        255.00000000000000        57.712899593820431        8.1232704598077250E-003
   265.00000000000000        265.00000000000000        265.00000000000000        50.108204772010325        7.0164719613051438E-003
   275.00000000000000        275.00000000000000        275.00000000000000        43.692228041451671        6.0383453024781273E-003
   285.00000000000000        285.00000000000000        285.00000000000000        38.263282249988862        5.2510713341076213E-003
   295.00000000000000        295.00000000000000        295.00000000000000        33.650411228819522        4.5967953539019614E-003
   305.00000000000000        305.00000000000000        305.00000000000000        29.712974438033243        4.0325066709003153E-003
   315.00000000000000        315.00000000000000        315.00000000000000        26.336688258724525        3.5673427643429017E-003
   325.00000000000000        325.00000000000000        325.00000000000000        23.427406732721337        3.1567218850346505E-003
   335.00000000000000        335.00000000000000        335.00000000000000        20.909524489814384        2.8341989020233861E-003
   345.00000000000000        345.00000000000000        345.00000000000000        18.721361764911382        2.5323730875385433E-003
   355.00000000000000        355.00000000000000        355.00000000000000        16.811772067286626        2.2846763356420582E-003
   365.00000000000000        365.00000000000000        365.00000000000000        15.138795415720013        2.1198296294265722E-003
   375.00000000000000        375.00000000000000        375.00000000000000        13.667584800117455        1.9193404667708308E-003
   385.00000000000000        385.00000000000000        385.00000000000000        12.369476277190385        1.7306440730913940E-003
   395.00000000000000        395.00000000000000        395.00000000000000        11.220635695240727        1.5644711166682187E-003
   405.00000000000000        405.00000000000000        405.00000000000000        10.200825981573995        1.4220970804664215E-003
   415.00000000000000        415.00000000000000        415.00000000000000        9.2928990072697388        1.3013693598839084E-003
   425.00000000000000        425.00000000000000        425.00000000000000        8.4824136337089744        1.2169439793056967E-003
   435.00000000000000        435.00000000000000        435.00000000000000        7.7569766920129632        1.1226715147839047E-003
   445.00000000000000        445.00000000000000        445.00000000000000        7.1060730232734421        1.0166486613733927E-003
   455.00000000000000        455.00000000000000        455.00000000000000        6.5208900052938654        8.9864667973823967E-004
   465.00000000000000        465.00000000000000        465.00000000000000        5.9934815489255078        7.9431256165653176E-004
   475.00000000000000        475.00000000000000        475.00000000000000        5.5171780255664338        7.3002699142715949E-004
   485.00000000000000        485.00000000000000        485.00000000000000        5.0862056441976327        6.7156628203474047E-004
   495.00000000000000        495.00000000000000        495.00000000000000        4.6954655380268893        6.1834613007774998E-004
   505.00000000000000        505.00000000000000        505.00000000000000        4.3405739803285410        5.7006373822779822E-004
   515.00000000000000        515.00000000000000        515.00000000000000        4.0176965301836853        5.2748594719516058E-004
   525.00000000000000        525.00000000000000        525.00000000000000        3.7234596793523029        4.8988681192569392E-004
   535.00000000000000        535.00000000000000        535.00000000000000        3.4548925660661607        4.5605286901927774E-004
   545.00000000000000        545.00000000000000        545.00000000000000        3.2094005752081345        4.2501855499410128E-004
   555.00000000000000        555.00000000000000        555.00000000000000        2.9846676261937364        3.9584680260423507E-004
   565.00000000000000        565.00000000000000        565.00000000000000        2.7786399273949169        3.6834238671971091E-004
   575.00000000000000        575.00000000000000        575.00000000000000        2.5895024945677618        3.4251831133753322E-004
   585.00000000000000        585.00000000000000        585.00000000000000        2.4156400754869622        3.1975588700742586E-004
   595.00000000000000        595.00000000000000        595.00000000000000        2.2556058318123280        2.9966035492310354E-004
   605.00000000000000        605.00000000000000        605.00000000000000        2.1081264615993036        2.8130340553127929E-004
   615.00000000000000        615.00000000000000        615.00000000000000        1.9720503024990703        2.6423263754219838E-004
   625.00000000000000        625.00000000000000        625.00000000000000        1.8463553024900758        2.4734461439469721E-004
   635.00000000000000        635.00000000000000        635.00000000000000        1.7301201868007290        2.2956074880438427E-004
   645.00000000000000        645.00000000000000        645.00000000000000        1.6225339354106090        2.1454420175763965E-004
   655.00000000000000        655.00000000000000        655.00000000000000        1.5228481130018203        2.0135813869482069E-004
   665.00000000000000        665.00000000000000        665.00000000000000        1.4303861420178314        1.8916764580710125E-004
   675.00000000000000        675.00000000000000        675.00000000000000        1.3445399294906148        1.7776012260647606E-004
   685.00000000000000        685.00000000000000        685.00000000000000        1.2647627773482504        1.6709516520718140E-004
   695.00000000000000        695.00000000000000        695.00000000000000        1.1905577107331202        1.5727019944046031E-004
   705.00000000000000        705.00000000000000        705.00000000000000        1.1214731875121169        1.4846892836617264E-004
   715.00000000000000        715.00000000000000        715.00000000000000        1.0570998905278228        1.4052038499586539E-004
   725.00000000000000        725.00000000000000        725.00000000000000       0.99706225329491405        1.3304854090668270E-004
   735.00000000000000        735.00000000000000        735.00000000000000       0.94101925526575825        1.2661551047160656E-004
   745.00000000000000        745.00000000000000        745.00000000000000       0.88866633458277877        1.1984811005813780E-004
   755.00000000000000        755.00000000000000        755.00000000000000       0.83972714569509743        1.1310687781808912E-004
   765.00000000000000        765.00000000000000        765.00000000000000       0.79395067592356428        1.0749897438964470E-004
   775.00000000000000        775.00000000000000        775.00000000000000       0.75109070859790694        1.0201929016373888E-004
   785.00000000000000        785.00000000000000        785.00000000000000       0.71091898575468881        9.5970363806232743E-005
   795.00000000000000        795.00000000000000        795.00000000000000       0.67327697292845590        9.0818181765787179E-005
   805.00000000000000        805.00000000000000        805.00000000000000       0.63796490995591271        8.6661907482084638E-005
   815.00000000000000        815.00000000000000        815.00000000000000       0.60478658194810786        8.2563886396104074E-005
   825.00000000000000        825.00000000000000        825.00000000000000       0.57362869676970829        7.8166259193773117E-005
   835.00000000000000        835.00000000000000        835.00000000000000       0.54436388848379269        7.3526314806769791E-005
   845.00000000000000        845.00000000000000        845.00000000000000       0.51681194918731022        7.0212266324326455E-005
   855.00000000000000        855.00000000000000        855.00000000000000       0.49089404090850652        6.6480130526213238E-005
   865.00000000000000        865.00000000000000        865.00000000000000       0.46649244851657645        6.3484269483034646E-005
   875.00000000000000        875.00000000000000        875.00000000000000       0.44349574417352000        6.0456891006693989E-005
   885.00000000000000        885.00000000000000        885.00000000000000       0.42183398183058024        5.8871395069543837E-005
   895.00000000000000        895.00000000000000        895.00000000000000       0.40136172339620912        5.5408278306535134E-005
   905.00000000000000        905.00000000000000        905.00000000000000       0.38207629534226156        5.2468326685255914E-005
   915.00000000000000        915.00000000000000        915.00000000000000       0.36383657186285068        5.0417721593524193E-005
   925.00000000000000        925.00000000000000        925.00000000000000       0.34661706663727843        4.8181530817122257E-005
   935.00000000000000        935.00000000000000        935.00000000000000       0.33034410031636813        4.6205756622106699E-005
   945.00000000000000        945.00000000000000        945.00000000000000       0.31494586563885613        4.4049967546291368E-005
   955.00000000000000        955.00000000000000        955.00000000000000       0.30038114453857240        4.2263479005012228E-005
   965.00000000000000        965.00000000000000        965.00000000000000       0.28659930512720078        4.0233196613776650E-005
   975.00000000000000        975.00000000000000        975.00000000000000       0.27354634395313981        3.8431237523902760E-005
   985.00000000000000        985.00000000000000        985.00000000000000       0.26118975014403428        3.6779973762560414E-005
   995.00000000000000        995.00000000000000        995.00000000000000       0.24946223555741279        3.5279236212951616E-005
   1005.0000000000000        1005.0000000000000        1005.0000000000000       0.23835527174111421        3.3558780275682987E-005
   1015.0000000000000        1015.0000000000000        1015.0000000000000       0.22779563508970174        3.2302757300894259E-005
   1025.0000000000000        1025.0000000000000        1025.0000000000000       0.21777264053942899        3.1290210907063109E-005
   1035.0000000000000        1035.0000000000000        1035.0000000000000       0.20827480698794754        2.9787958224239096E-005
   1045.0000000000000        1045.0000000000000        1045.0000000000000       0.19925344122076863        2.8394849245492779E-005
   1055.0000000000000        1055.0000000000000        1055.0000000000000       0.19066756967609697        2.7133334232043662E-005
   1065.0000000000000        1065.0000000000000        1065.0000000000000       0.18251657787630662        2.6049493762520177E-005
   1075.0000000000000        1075.0000000000000        1075.0000000000000       0.17476407312463854        2.4768686517599937E-005
   1085.0000000000000        1085.0000000000000        1085.0000000000000       0.16738738771957182        2.3801471198371877E-005
   1095.0000000000000        1095.0000000000000        1095.0000000000000       0.16036835175562580        2.2835408974733732E-005
   1105.0000000000000        1105.0000000000000        1105.0000000000000       0.15368779326336607        2.2006433338274409E-005
   1115.0000000000000        1115.0000000000000        1115.0000000000000       0.14732563993839567        2.1210893074050549E-005
   1125.0000000000000        1125.0000000000000        1125.0000000000000       0.14126429995421214        2.0547047093860873E-005
   1135.0000000000000        1135.0000000000000        1135.0000000000000       0.13548642037953001        1.9546631150953267E-005
   1145.0000000000000        1145.0000000000000        1145.0000000000000       0.12997868370724941        1.8704018779787281E-005
   1155.0000000000000        1155.0000000000000        1155.0000000000000       0.12472946616161003        1.8077775676563253E-005
   1165.0000000000000        1165.0000000000000        1165.0000000000000       0.11971643757684507        1.7453186163629475E-005
   1175.0000000000000        1175.0000000000000        1175.0000000000000       0.11493971093728451        1.6930088687401287E-005
   1185.0000000000000        1185.0000000000000        1185.0000000000000       0.11037534804896061        1.6203297558242278E-005
   1195.0000000000000        1195.0000000000000        1195.0000000000000       0.10602144897493443        1.5682022958465861E-005
   1205.0000000000000        1205.0000000000000        1205.0000000000000       0.10186085499118577        1.5031052012605662E-005
   1215.0000000000000        1215.0000000000000        1215.0000000000000        9.7886570537089504E-002   1.4554346452398096E-005
   1225.0000000000000        1225.0000000000000        1225.0000000000000        9.4086980392014671E-002   1.4247566846535321E-005
   1235.0000000000000        1235.0000000000000        1235.0000000000000        9.0456653004296478E-002   1.3618093432911274E-005
   1245.0000000000000        1245.0000000000000        1245.0000000000000        8.6984612114072921E-002   1.3038888566040619E-005
   1255.0000000000000        1255.0000000000000        1255.0000000000000        8.3663335735090216E-002   1.2574445188874521E-005
   1265.0000000000000        1265.0000000000000        1265.0000000000000        8.0486632531843794E-002   1.2092617439777555E-005
   1275.0000000000000        1275.0000000000000        1275.0000000000000        7.7447569211322217E-002   1.1718960318836464E-005
   1285.0000000000000        1285.0000000000000        1285.0000000000000        7.4538485998443371E-002   1.1346410892675024E-005
   1295.0000000000000        1295.0000000000000        1295.0000000000000        7.1752108981457924E-002   1.0951441984882420E-005
   1305.0000000000000        1305.0000000000000        1305.0000000000000        6.9082901187389439E-002   1.0564487354410689E-005
   1315.0000000000000        1315.0000000000000        1315.0000000000000        6.6525281333463263E-002   1.0126885051399476E-005
   1325.0000000000000        1325.0000000000000        1325.0000000000000        6.4075428841070883E-002   9.7324627891451535E-006
   1335.0000000000000        1335.0000000000000        1335.0000000000000        6.1727960722868361E-002   9.4516369253935165E-006
   1345.0000000000000        1345.0000000000000        1345.0000000000000        5.9476865772262667E-002   9.1340788407832427E-006
   1355.0000000000000        1355.0000000000000        1355.0000000000000        5.7317826190208962E-002   8.7346376244964302E-006
   1365.0000000000000        1365.0000000000000        1365.0000000000000        5.5247820295915420E-002   8.4324334403196331E-006
   1375.0000000000000        1375.0000000000000        1375.0000000000000        5.3261454182518923E-002   8.1468436407824988E-006
   1385.0000000000000        1385.0000000000000        1385.0000000000000        5.1355639925879104E-002   7.8773210788645330E-006
   1395.0000000000000        1395.0000000000000        1395.0000000000000        4.9525070783285031E-002   7.8111472373966526E-006
   1405.0000000000000        1405.0000000000000        1405.0000000000000        4.7770756773229429E-002   7.9396755069506398E-006
   1415.0000000000000        1415.0000000000000        1415.0000000000000        4.6086484201648861E-002   7.8150009490102530E-006
   1425.0000000000000        1425.0000000000000        1425.0000000000000        4.4468447283586808E-002   7.4217627514383090E-006
   1435.0000000000000        1435.0000000000000        1435.0000000000000        4.2914861513132847E-002   7.1586551870725212E-006
   1445.0000000000000        1445.0000000000000        1445.0000000000000        4.1422394572006346E-002   6.9196456500889334E-006
   1455.0000000000000        1455.0000000000000        1455.0000000000000        3.9987914092922815E-002   6.6289352479308746E-006
   1465.0000000000000        1465.0000000000000        1465.0000000000000        3.8609000320988386E-002   6.3401133705419856E-006
   1475.0000000000000        1475.0000000000000        1475.0000000000000        3.7282892258296646E-002   6.1278036247460298E-006
   1485.0000000000000        1485.0000000000000        1485.0000000000000        3.6007452205184358E-002   5.9919726156049110E-006
   1495.0000000000000        1495.0000000000000        1495.0000000000000        3.4780660209026475E-002   5.8034929409914070E-006
   1505.0000000000000        1505.0000000000000        1505.0000000000000        3.3600803529500581E-002   5.5986989770030581E-006
   1515.0000000000000        1515.0000000000000        1515.0000000000000        3.2466108468868757E-002   5.3980105556766295E-006
   1525.0000000000000        1525.0000000000000        1525.0000000000000        3.1374405695429840E-002   5.2315255975154884E-006
   1535.0000000000000        1535.0000000000000        1535.0000000000000        3.0323604453531047E-002   5.0729107847802583E-006
   1545.0000000000000        1545.0000000000000        1545.0000000000000        2.9311888656709487E-002   4.9149578526012532E-006
   1555.0000000000000        1555.0000000000000        1555.0000000000000        2.8337864477881537E-002   4.7346440214902591E-006
   1565.0000000000000        1565.0000000000000        1565.0000000000000        2.7400100647567045E-002   4.5709349410541899E-006
   1575.0000000000000        1575.0000000000000        1575.0000000000000        2.6497071110359507E-002   4.4400624308130453E-006
   1585.0000000000000        1585.0000000000000        1585.0000000000000        2.5627282590573241E-002   4.3255289571379709E-006
   1595.0000000000000        1595.0000000000000        1595.0000000000000        2.4789262375630769E-002   4.2089646614863692E-006
   1605.0000000000000        1605.0000000000000        1605.0000000000000        2.3981237397961350E-002   4.0677578771684349E-006
   1615.0000000000000        1615.0000000000000        1615.0000000000000        2.3202418302089831E-002   3.9433435024492303E-006
   1625.0000000000000        1625.0000000000000        1625.0000000000000        2.2452050176618901E-002   3.8379683285544600E-006
   1635.0000000000000        1635.0000000000000        1635.0000000000000        2.1728725801234607E-002   3.7224902988553153E-006
   1645.0000000000000        1645.0000000000000        1645.0000000000000        2.1030686837168529E-002   3.6220763973820515E-006
   1655.0000000000000        1655.0000000000000        1655.0000000000000        2.0358188965101821E-002   3.4959224180754258E-006
   1665.0000000000000        1665.0000000000000        1665.0000000000000        1.9709800767959806E-002   3.3814756763394502E-006
   1675.0000000000000        1675.0000000000000        1675.0000000000000        1.9083878542651856E-002   3.2723751605531382E-006
   1685.0000000000000        1685.0000000000000        1685.0000000000000        1.8479993019856440E-002   3.1724011218877727E-006
   1695.0000000000000        1695.0000000000000        1695.0000000000000        1.7897245587287419E-002   3.0783778473188112E-006
   1705.0000000000000        1705.0000000000000        1705.0000000000000        1.7334869745771815E-002   3.0033252761734252E-006
   1715.0000000000000        1715.0000000000000        1715.0000000000000        1.6792088294072065E-002   2.9139423663185800E-006
   1725.0000000000000        1725.0000000000000        1725.0000000000000        1.6268155362137927E-002   2.8325217880239781E-006
   1735.0000000000000        1735.0000000000000        1735.0000000000000        1.5761992979419527E-002   2.7366729353760396E-006
   1745.0000000000000        1745.0000000000000        1745.0000000000000        1.5273054464020077E-002   2.6476312059647852E-006
   1755.0000000000000        1755.0000000000000        1755.0000000000000        1.4800675632951765E-002   2.5834538703353616E-006
   1765.0000000000000        1765.0000000000000        1765.0000000000000        1.4344610838975067E-002   2.5065881977346000E-006
   1775.0000000000000        1775.0000000000000        1775.0000000000000        1.3904073269362775E-002   2.4471992042147835E-006
   1785.0000000000000        1785.0000000000000        1785.0000000000000        1.3478487200666722E-002   2.4006381390164434E-006
   1795.0000000000000        1795.0000000000000        1795.0000000000000        1.3067169259262863E-002   2.3594147492678329E-006
   1805.0000000000000        1805.0000000000000        1805.0000000000000        1.2670082105451041E-002   2.3048621766095865E-006
   1815.0000000000000        1815.0000000000000        1815.0000000000000        1.2286259164315038E-002   2.2415398135825223E-006
   1825.0000000000000        1825.0000000000000        1825.0000000000000        1.1915247175147248E-002   2.1941918861692178E-006
   1835.0000000000000        1835.0000000000000        1835.0000000000000        1.1556568697840611E-002   2.1776493989178986E-006
   1845.0000000000000        1845.0000000000000        1845.0000000000000        1.1209672802657594E-002   2.1556702868524357E-006
   1855.0000000000000        1855.0000000000000        1855.0000000000000        1.0874177000932709E-002   2.1058626106174418E-006
   1865.0000000000000        1865.0000000000000        1865.0000000000000        1.0549754615581285E-002   2.0385524221056956E-006
   1875.0000000000000        1875.0000000000000        1875.0000000000000        1.0235907999188840E-002   1.9641615998651251E-006
   1885.0000000000000        1885.0000000000000        1885.0000000000000        9.9322183390312627E-003   1.8935181061918951E-006
   1895.0000000000000        1895.0000000000000        1895.0000000000000        9.6383466750556614E-003   1.8331726640147352E-006
   1905.0000000000000        1905.0000000000000        1905.0000000000000        9.3540104846409448E-003   1.7760956878458403E-006
   1915.0000000000000        1915.0000000000000        1915.0000000000000        9.0787829010361351E-003   1.7258095246618879E-006
   1925.0000000000000        1925.0000000000000        1925.0000000000000        8.8123414396353503E-003   1.6870598224379383E-006
   1935.0000000000000        1935.0000000000000        1935.0000000000000        8.5543170758947025E-003   1.6550155720044901E-006
   1945.0000000000000        1945.0000000000000        1945.0000000000000        8.3047353551274333E-003   1.6301885654098051E-006
   1955.0000000000000        1955.0000000000000        1955.0000000000000        8.0632806303285384E-003   1.5973956137354180E-006
   1965.0000000000000        1965.0000000000000        1965.0000000000000        7.8295689609184354E-003   1.5670076396270482E-006
   1975.0000000000000        1975.0000000000000        1975.0000000000000        7.6031788196776464E-003   1.5358830068176970E-006
   1985.0000000000000        1985.0000000000000        1985.0000000000000        7.3839047294505444E-003   1.4993735019072613E-006
   1995.0000000000000        1995.0000000000000        1995.0000000000000        7.1715392701280720E-003   1.4611569374473942E-006
   2005.0000000000000        2005.0000000000000        2005.0000000000000        6.9658320337050083E-003   1.4256438921500090E-006
   2015.0000000000000        2015.0000000000000        2015.0000000000000        6.7665626169835791E-003   1.3782411054085377E-006
   2025.0000000000000        2025.0000000000000        2025.0000000000000        6.5734634924412855E-003   1.3347437337145757E-006
   2035.0000000000000        2035.0000000000000        2035.0000000000000        6.3862885931123660E-003   1.2981528325312435E-006
   2045.0000000000000        2045.0000000000000        2045.0000000000000        6.2049099315541270E-003   1.2685431956815285E-006
   2055.0000000000000        2055.0000000000000        2055.0000000000000        6.0291030864494484E-003   1.2470233421537228E-006
   2065.0000000000000        2065.0000000000000        2065.0000000000000        5.8586898981162414E-003   1.2362219886594667E-006
   2075.0000000000000        2075.0000000000000        2075.0000000000000        5.6936013223835595E-003   1.2261571569590239E-006
   2085.0000000000000        2085.0000000000000        2085.0000000000000        5.5336445138299299E-003   1.2123971257939560E-006
   2095.0000000000000        2095.0000000000000        2095.0000000000000        5.3785924068776780E-003   1.1924407039074535E-006
   2105.0000000000000        2105.0000000000000        2105.0000000000000        5.2282626366506983E-003   1.1763263385053146E-006
   2115.0000000000000        2115.0000000000000        2115.0000000000000        5.0823730982447000E-003   1.1445551577411984E-006
   2125.0000000000000        2125.0000000000000        2125.0000000000000        4.9409477755615310E-003   1.1153238808824461E-006
   2135.0000000000000        2135.0000000000000        2135.0000000000000        4.8038122824967007E-003   1.0845033154117387E-006
   2145.0000000000000        2145.0000000000000        2145.0000000000000        4.6706975201085688E-003   1.0588322877018740E-006
   2155.0000000000000        2155.0000000000000        2155.0000000000000        4.5416101279941107E-003   1.0446815421868522E-006
   2165.0000000000000        2165.0000000000000        2165.0000000000000        4.4164225441561946E-003   1.0208314239295892E-006
   2175.0000000000000        2175.0000000000000        2175.0000000000000        4.2949908233634350E-003   9.9346187612117874E-007
   2185.0000000000000        2185.0000000000000        2185.0000000000000        4.1771488606400335E-003   9.6599979183749507E-007
   2195.0000000000000        2195.0000000000000        2195.0000000000000        4.0628413327377915E-003   9.4478636849111927E-007
   2205.0000000000000        2205.0000000000000        2205.0000000000000        3.9518450291158545E-003   9.2793285142999065E-007
   2215.0000000000000        2215.0000000000000        2215.0000000000000        3.8441925027482031E-003   8.9763270454800283E-007
   2225.0000000000000        2225.0000000000000        2225.0000000000000        3.7397668836558658E-003   8.7409962606854005E-007
   2235.0000000000000        2235.0000000000000        2235.0000000000000        3.6383049228082020E-003   8.4960962020309748E-007
   2245.0000000000000        2245.0000000000000        2245.0000000000000        3.5397020705153085E-003   8.2640096065105348E-007
   2255.0000000000000        2255.0000000000000        2255.0000000000000        3.4439676792415567E-003   8.0804410875907668E-007
   2265.0000000000000        2265.0000000000000        2265.0000000000000        3.3510419902026767E-003   7.9247096487442933E-007
   2275.0000000000000        2275.0000000000000        2275.0000000000000        3.2608373559437315E-003   7.7629944946389104E-007
   2285.0000000000000        2285.0000000000000        2285.0000000000000        3.1732482006681492E-003   7.6057883004153070E-007
   2295.0000000000000        2295.0000000000000        2295.0000000000000        3.0881985370713747E-003   7.4360406353209761E-007
   2305.0000000000000        2305.0000000000000        2305.0000000000000        3.0055993495817848E-003   7.2701503140902478E-007
   2315.0000000000000        2315.0000000000000        2315.0000000000000        2.9253784393108218E-003   7.1111740113077985E-007
   2325.0000000000000        2325.0000000000000        2325.0000000000000        2.8474591876165765E-003   6.9560624387985595E-007
   2335.0000000000000        2335.0000000000000        2335.0000000000000        2.7717746477291779E-003   6.8158146559517327E-007
   2345.0000000000000        2345.0000000000000        2345.0000000000000        2.6982390003137090E-003   6.6864927166029442E-007
   2355.0000000000000        2355.0000000000000        2355.0000000000000        2.6267871393450071E-003   6.5594845668169800E-007
   2365.0000000000000        2365.0000000000000        2365.0000000000000        2.5573786487096766E-003   6.4313778133328150E-007
   2375.0000000000000        2375.0000000000000        2375.0000000000000        2.4899349570059143E-003   6.2828832608538874E-007
   2385.0000000000000        2385.0000000000000        2385.0000000000000        2.4244131525373970E-003   6.1420253092894744E-007
   2395.0000000000000        2395.0000000000000        2395.0000000000000        2.3607553506628091E-003   6.0088601713450325E-007
   2405.0000000000000        2405.0000000000000        2405.0000000000000        2.2989076706006559E-003   5.8866704261740142E-007
   2415.0000000000000        2415.0000000000000        2415.0000000000000        2.2387919572527623E-003   5.7694749048851200E-007
   2425.0000000000000        2425.0000000000000        2425.0000000000000        2.1803417255392764E-003   5.6123532776873508E-007
   2435.0000000000000        2435.0000000000000        2435.0000000000000        2.1235225024661846E-003   5.4650949285643035E-007
   2445.0000000000000        2445.0000000000000        2445.0000000000000        2.0682894137848532E-003   5.3212910474662076E-007
   2455.0000000000000        2455.0000000000000        2455.0000000000000        2.0145975406441613E-003   5.2051358404697928E-007
   2465.0000000000000        2465.0000000000000        2465.0000000000000        1.9623875368294042E-003   5.1133422938231505E-007
   2475.0000000000000        2475.0000000000000        2475.0000000000000        1.9115694483440738E-003   5.0746216800820203E-007
   2485.0000000000000        2485.0000000000000        2485.0000000000000        1.8623062815663542E-003   5.0065162266913801E-007
   2495.0000000000000        2495.0000000000000        2495.0000000000000        1.8143650558991218E-003   4.9271819182764424E-007
   2505.0000000000000        2505.0000000000000        2505.0000000000000        1.7677191193528909E-003   4.8806231476141604E-007
   2515.0000000000000        2515.0000000000000        2515.0000000000000        1.7223208724379939E-003   4.8587696820527374E-007
   2525.0000000000000        2525.0000000000000        2525.0000000000000        1.6781990168605345E-003   4.8254175701481810E-007
   2535.0000000000000        2535.0000000000000        2535.0000000000000        1.6352941553025354E-003   4.7540595277915604E-007
   2545.0000000000000        2545.0000000000000        2545.0000000000000        1.5935544464314635E-003   4.6403343949304876E-007
   2555.0000000000000        2555.0000000000000        2555.0000000000000        1.5528901215607989E-003   4.4688945755915714E-007
   2565.0000000000000        2565.0000000000000        2565.0000000000000        1.5133577287645113E-003   4.3085962524602146E-007
   2575.0000000000000        2575.0000000000000        2575.0000000000000        1.4749067147891042E-003   4.1513074301513715E-007
   2585.0000000000000        2585.0000000000000        2585.0000000000000        1.4374038187193656E-003   4.0558471645762889E-007
   2595.0000000000000        2595.0000000000000        2595.0000000000000        1.4009646227635280E-003   3.9709487409826097E-007
   2605.0000000000000        2605.0000000000000        2605.0000000000000        1.3655777258980335E-003   3.8212867674978907E-007
   2615.0000000000000        2615.0000000000000        2615.0000000000000        1.3311321731108989E-003   3.7649045149001369E-007
   2625.0000000000000        2625.0000000000000        2625.0000000000000        1.2976354407814885E-003   3.7075401799089924E-007
   2635.0000000000000        2635.0000000000000        2635.0000000000000        1.2649661694827455E-003   3.6410707907446758E-007
   2645.0000000000000        2645.0000000000000        2645.0000000000000        1.2331311960704851E-003   3.5429725762080489E-007
   2655.0000000000000        2655.0000000000000        2655.0000000000000        1.2021735453259859E-003   3.5099749697580475E-007
   2665.0000000000000        2665.0000000000000        2665.0000000000000        1.1720824209329253E-003   3.4746398523890418E-007
   2675.0000000000000        2675.0000000000000        2675.0000000000000        1.1428377072966029E-003   3.3639780526581249E-007
   2685.0000000000000        2685.0000000000000        2685.0000000000000        1.1142874091114414E-003   3.3353371261524224E-007
   2695.0000000000000        2695.0000000000000        2695.0000000000000        1.0865529841746534E-003   3.3071515925434160E-007
   2705.0000000000000        2705.0000000000000        2705.0000000000000        1.0595822577523441E-003   3.3251385912785166E-007
   2715.0000000000000        2715.0000000000000        2715.0000000000000        1.0332843965384609E-003   3.3154538856347922E-007
   2725.0000000000000        2725.0000000000000        2725.0000000000000        1.0076144610016657E-003   3.0431527617415138E-007
   2735.0000000000000        2735.0000000000000        2735.0000000000000        9.8265716467908120E-004   2.7827543069328849E-007
   2745.0000000000000        2745.0000000000000        2745.0000000000000        9.5837247991699599E-004   2.6688584123204301E-007
   2755.0000000000000        2755.0000000000000        2755.0000000000000        9.3473995295448862E-004   2.6044918543488359E-007
   2765.0000000000000        2765.0000000000000        2765.0000000000000        9.1166755485368590E-004   2.5420790964931914E-007
   2775.0000000000000        2775.0000000000000        2775.0000000000000        8.8918477469790717E-004   2.4885430765848126E-007
   2785.0000000000000        2785.0000000000000        2785.0000000000000        8.6730468961161635E-004   2.4566021874756432E-007
   2795.0000000000000        2795.0000000000000        2795.0000000000000        8.4601172199229898E-004   2.4586209021663208E-007
   2805.0000000000000        2805.0000000000000        2805.0000000000000        8.2528452177911375E-004   2.4174936233892374E-007
   2815.0000000000000        2815.0000000000000        2815.0000000000000        8.0506924455843335E-004   2.3770493193769129E-007
   2825.0000000000000        2825.0000000000000        2825.0000000000000        7.8536574345510260E-004   2.3297680088003899E-007
   2835.0000000000000        2835.0000000000000        2835.0000000000000        7.6617030857649318E-004   2.2979123656390925E-007
   2845.0000000000000        2845.0000000000000        2845.0000000000000        7.4748019370353294E-004   2.2721172350810548E-007
   2855.0000000000000        2855.0000000000000        2855.0000000000000        7.2929263096482995E-004   2.2510266595543392E-007
   2865.0000000000000        2865.0000000000000        2865.0000000000000        7.1157920791090382E-004   2.2258646041816622E-007
   2875.0000000000000        2875.0000000000000        2875.0000000000000        6.9428834757025290E-004   2.2025586161701740E-007
   2885.0000000000000        2885.0000000000000        2885.0000000000000        6.7739789943215294E-004   2.1225719635832007E-007
   2895.0000000000000        2895.0000000000000        2895.0000000000000        6.6095872372831839E-004   2.0560264744440193E-007
   2905.0000000000000        2905.0000000000000        2905.0000000000000        6.4493104965338043E-004   2.0577767266272735E-007
   2915.0000000000000        2915.0000000000000        2915.0000000000000        6.2927900283669502E-004   2.0796628156734514E-007
   2925.0000000000000        2925.0000000000000        2925.0000000000000        6.1407133885959760E-004   2.0699674680054192E-007
   2935.0000000000000        2935.0000000000000        2935.0000000000000        5.9928803081443012E-004   2.0033255999371858E-007
   2945.0000000000000        2945.0000000000000        2945.0000000000000        5.8485953631699707E-004   1.9430939426951781E-007
   2955.0000000000000        2955.0000000000000        2955.0000000000000        5.7081506549356447E-004   1.8890902625711095E-007
   2965.0000000000000        2965.0000000000000        2965.0000000000000        5.5713176268833847E-004   1.8431802213738813E-007
   2975.0000000000000        2975.0000000000000        2975.0000000000000        5.4375403701228996E-004   1.7839040808212590E-007
   2985.0000000000000        2985.0000000000000        2985.0000000000000        5.3071299757359352E-004   1.7310531318567779E-007
   2995.0000000000000        2995.0000000000000        2995.0000000000000        5.1799521439136560E-004   1.7112049588815471E-007
