   195.00000000000000        195.00000000000000        195.00000000000000        145.07870406372928        2.2224332657135776E-002
   205.00000000000000        205.00000000000000        205.00000000000000        140.06631636329351        2.1113850276533463E-002
   215.00000000000000        215.00000000000000        215.00000000000000        124.49511390739035        1.8617322955196546E-002
   225.00000000000000        225.00000000000000        225.00000000000000        108.05368657832322        1.6043371223437585E-002
   235.00000000000000        235.00000000000000        235.00000000000000        93.184494321774380        1.3731047547288820E-002
   245.00000000000000        245.00000000000000        245.00000000000000        80.373535913324005        1.1646569218901091E-002
   255.00000000000000        255.00000000000000        255.00000000000000        69.530307941125088        1.0003454276995692E-002
   265.00000000000000        265.00000000000000        265.00000000000000        60.400541365136064        8.6136310401855182E-003
   275.00000000000000        275.00000000000000        275.00000000000000        52.705502977281078        7.4522895402003072E-003
   285.00000000000000        285.00000000000000        285.00000000000000        46.199298333544576        6.5262793886966489E-003
   295.00000000000000        295.00000000000000        295.00000000000000        40.674472201610293        5.6948863904951437E-003
   305.00000000000000        305.00000000000000        305.00000000000000        35.960327042242199        5.0404752565332113E-003
   315.00000000000000        315.00000000000000        315.00000000000000        31.917882973660070        4.4517851095868229E-003
   325.00000000000000        325.00000000000000        325.00000000000000        28.434564533409169        3.9937533591286600E-003
   335.00000000000000        335.00000000000000        335.00000000000000        25.419592696966294        3.5147853939763119E-003
   345.00000000000000        345.00000000000000        345.00000000000000        22.797375232353620        3.2025634231457626E-003
   355.00000000000000        355.00000000000000        355.00000000000000        20.506922307478249        2.8904077918122015E-003
   365.00000000000000        365.00000000000000        365.00000000000000        18.498676745996427        2.5754601995848377E-003
   375.00000000000000        375.00000000000000        375.00000000000000        16.731547451684847        2.3106054068273499E-003
   385.00000000000000        385.00000000000000        385.00000000000000        15.171175045264356        2.0864132808775387E-003
   395.00000000000000        395.00000000000000        395.00000000000000        13.788463638305927        1.8951196375948784E-003
   405.00000000000000        405.00000000000000        405.00000000000000        12.559353298564986        1.7264907533128650E-003
   415.00000000000000        415.00000000000000        415.00000000000000        11.463626337558189        1.5845918885071316E-003
   425.00000000000000        425.00000000000000        425.00000000000000        10.484191056155401        1.4584834397239528E-003
   435.00000000000000        435.00000000000000        435.00000000000000        9.6064627305681061        1.3319902815030701E-003
   445.00000000000000        445.00000000000000        445.00000000000000        8.8178431269467872        1.2278941505575681E-003
   455.00000000000000        455.00000000000000        455.00000000000000        8.1076725369414078        1.1255479781893708E-003
   465.00000000000000        465.00000000000000        465.00000000000000        7.4666971329301797        1.0317746837493688E-003
   475.00000000000000        475.00000000000000        475.00000000000000        6.8869003628755738        9.5389389302135254E-004
   485.00000000000000        485.00000000000000        485.00000000000000        6.3613977208372265        8.8066632841208930E-004
   495.00000000000000        495.00000000000000        495.00000000000000        5.8842116516523602        8.1306093886624169E-004
   505.00000000000000        505.00000000000000        505.00000000000000        5.4501080856914825        7.5347578020028088E-004
   515.00000000000000        515.00000000000000        515.00000000000000        5.0545026497094350        6.9950641344490171E-004
   525.00000000000000        525.00000000000000        525.00000000000000        4.6933578659590287        6.4672015591613313E-004
   535.00000000000000        535.00000000000000        535.00000000000000        4.3631585616883983        6.0114838635685430E-004
   545.00000000000000        545.00000000000000        545.00000000000000        4.0608276369034888        5.5920539036493971E-004
   555.00000000000000        555.00000000000000        555.00000000000000        3.7836088468444755        5.2085319630324476E-004
   565.00000000000000        565.00000000000000        565.00000000000000        3.5290392413411729        4.8569362141636909E-004
   575.00000000000000        575.00000000000000        575.00000000000000        3.2949398272351020        4.5559045504977485E-004
   585.00000000000000        585.00000000000000        585.00000000000000        3.0793553171394157        4.2868939693316494E-004
   595.00000000000000        595.00000000000000        595.00000000000000        2.8805899987606174        4.0242824370237027E-004
   605.00000000000000        605.00000000000000        605.00000000000000        2.6971279640190184        3.7619834571925526E-004
   615.00000000000000        615.00000000000000        615.00000000000000        2.5275756613246476        3.5132527599307999E-004
   625.00000000000000        625.00000000000000        625.00000000000000        2.3706859666310032        3.2958421891130554E-004
   635.00000000000000        635.00000000000000        635.00000000000000        2.2253614884840776        3.0965756451471771E-004
   645.00000000000000        645.00000000000000        645.00000000000000        2.0906116485255475        2.9125756421771211E-004
   655.00000000000000        655.00000000000000        655.00000000000000        1.9655350082524645        2.7445555885199555E-004
   665.00000000000000        665.00000000000000        665.00000000000000        1.8493121980472824        2.5947914635158966E-004
   675.00000000000000        675.00000000000000        675.00000000000000        1.7412132991485925        2.4496141388936758E-004
   685.00000000000000        685.00000000000000        685.00000000000000        1.6405923524984378        2.3100386209146066E-004
   695.00000000000000        695.00000000000000        695.00000000000000        1.5468568777386511        2.1814296593833271E-004
   705.00000000000000        705.00000000000000        705.00000000000000        1.4594559661771525        2.0612853583631946E-004
   715.00000000000000        715.00000000000000        715.00000000000000        1.3779052322950212        1.9398639817023975E-004
   725.00000000000000        725.00000000000000        725.00000000000000        1.3017044613628583        1.8385168282522522E-004
   735.00000000000000        735.00000000000000        735.00000000000000        1.2304551439635676        1.7375441019782750E-004
   745.00000000000000        745.00000000000000        745.00000000000000        1.1638044811703878        1.6519725704600193E-004
   755.00000000000000        755.00000000000000        755.00000000000000        1.1013918211584819        1.5782437273831104E-004
   765.00000000000000        765.00000000000000        765.00000000000000        1.0429004948530156        1.4888471063762064E-004
   775.00000000000000        775.00000000000000        775.00000000000000       0.98807640212984671        1.4162543935192852E-004
   785.00000000000000        785.00000000000000        785.00000000000000       0.93661940563071766        1.3541346827980954E-004
   795.00000000000000        795.00000000000000        795.00000000000000       0.88831955581495514        1.2816551343878302E-004
   805.00000000000000        805.00000000000000        805.00000000000000       0.84293065409996459        1.2376647474657748E-004
   815.00000000000000        815.00000000000000        815.00000000000000       0.80023621542070689        1.1706740336854082E-004
   825.00000000000000        825.00000000000000        825.00000000000000       0.76010426675106524        1.1098520752791332E-004
   835.00000000000000        835.00000000000000        835.00000000000000       0.72228050975325264        1.0494147255038272E-004
   845.00000000000000        845.00000000000000        845.00000000000000       0.68671117333910159        9.9895613872462796E-005
   855.00000000000000        855.00000000000000        855.00000000000000       0.65314732422643196        9.5097000792346130E-005
   865.00000000000000        865.00000000000000        865.00000000000000       0.62151112101813411        9.0477142842348526E-005
   875.00000000000000        875.00000000000000        875.00000000000000       0.59166689343406909        8.8034520792435874E-005
   885.00000000000000        885.00000000000000        885.00000000000000       0.56345536598976720        8.3506580276442006E-005
   895.00000000000000        895.00000000000000        895.00000000000000       0.53680221456718402        7.9187291972324342E-005
   905.00000000000000        905.00000000000000        905.00000000000000       0.51164675603622023        7.5401799286804147E-005
   915.00000000000000        915.00000000000000        915.00000000000000       0.48784213973348628        7.1925744531383377E-005
   925.00000000000000        925.00000000000000        925.00000000000000       0.46533710759390789        6.8881378351828024E-005
   935.00000000000000        935.00000000000000        935.00000000000000       0.44400566803973274        6.6133272151518700E-005
   945.00000000000000        945.00000000000000        945.00000000000000       0.42384274852989318        6.3334365599786651E-005
   955.00000000000000        955.00000000000000        955.00000000000000       0.40472470066239941        6.1913798950959348E-005
   965.00000000000000        965.00000000000000        965.00000000000000       0.38660276125015403        5.7953269114258139E-005
   975.00000000000000        975.00000000000000        975.00000000000000       0.36941849621625011        5.6185472304748986E-005
   985.00000000000000        985.00000000000000        985.00000000000000       0.35311002738154590        5.3719932113705724E-005
   995.00000000000000        995.00000000000000        995.00000000000000       0.33763007414366358        5.2242781575127235E-005
   1005.0000000000000        1005.0000000000000        1005.0000000000000       0.32295115089574128        5.0600711138008299E-005
   1015.0000000000000        1015.0000000000000        1015.0000000000000       0.30900160445866598        4.7814946351853686E-005
   1025.0000000000000        1025.0000000000000        1025.0000000000000       0.29573182247985252        4.5554559050475182E-005
   1035.0000000000000        1035.0000000000000        1035.0000000000000       0.28313673515546539        4.3726603348325092E-005
   1045.0000000000000        1045.0000000000000        1045.0000000000000       0.27115718241537146        4.1773845020620657E-005
   1055.0000000000000        1055.0000000000000        1055.0000000000000       0.25974895418927252        3.9853886624404001E-005
   1065.0000000000000        1065.0000000000000        1065.0000000000000       0.24889123601863297        3.7945375436085950E-005
   1075.0000000000000        1075.0000000000000        1075.0000000000000       0.23856015615612014        3.6419638538832735E-005
   1085.0000000000000        1085.0000000000000        1085.0000000000000       0.22871810036714402        3.5144395016327998E-005
   1095.0000000000000        1095.0000000000000        1095.0000000000000       0.21933876272398761        3.3943698749040383E-005
   1105.0000000000000        1105.0000000000000        1105.0000000000000       0.21040610679711155        3.3095769452732332E-005
   1115.0000000000000        1115.0000000000000        1115.0000000000000       0.20189023559650188        3.2124514798405659E-005
   1125.0000000000000        1125.0000000000000        1125.0000000000000       0.19376169632762591        3.0719169687201128E-005
   1135.0000000000000        1135.0000000000000        1135.0000000000000       0.18599516080427902        2.8849976829742478E-005
   1145.0000000000000        1145.0000000000000        1145.0000000000000       0.17859204902447762        2.8334130118457689E-005
   1155.0000000000000        1155.0000000000000        1155.0000000000000       0.17152607910326004        2.6829299806354652E-005
   1165.0000000000000        1165.0000000000000        1165.0000000000000       0.16478324388149757        2.5719538643320596E-005
   1175.0000000000000        1175.0000000000000        1175.0000000000000       0.15833745523801707        2.5251012247410818E-005
   1185.0000000000000        1185.0000000000000        1185.0000000000000       0.15219005562849414        2.4379219338586202E-005
   1195.0000000000000        1195.0000000000000        1195.0000000000000       0.14630091462330827        2.3264240378044637E-005
   1205.0000000000000        1205.0000000000000        1205.0000000000000       0.14067421035874209        2.2469410762809371E-005
   1215.0000000000000        1215.0000000000000        1215.0000000000000       0.13529554115239412        2.1774191235691523E-005
   1225.0000000000000        1225.0000000000000        1225.0000000000000       0.13014875267808040        2.1196672726042625E-005
   1235.0000000000000        1235.0000000000000        1235.0000000000000       0.12522101460820009        2.0494481627647771E-005
   1245.0000000000000        1245.0000000000000        1245.0000000000000       0.12050513729412571        1.9820770004229425E-005
   1255.0000000000000        1255.0000000000000        1255.0000000000000       0.11599090847403939        1.9165525308322290E-005
   1265.0000000000000        1265.0000000000000        1265.0000000000000       0.11166898225124673        1.8537800287170784E-005
   1275.0000000000000        1275.0000000000000        1275.0000000000000       0.10752982218182613        1.7945446929882943E-005
   1285.0000000000000        1285.0000000000000        1285.0000000000000       0.10356441962944571        1.7374782647156867E-005
   1295.0000000000000        1295.0000000000000        1295.0000000000000        9.9764723429015517E-002   1.6970261969664242E-005
   1305.0000000000000        1305.0000000000000        1305.0000000000000        9.6117209029327869E-002   1.6444993705612218E-005
   1315.0000000000000        1315.0000000000000        1315.0000000000000        9.2620100244402481E-002   1.5716121895873481E-005
   1325.0000000000000        1325.0000000000000        1325.0000000000000        8.9267731062893069E-002   1.5300109060978479E-005
   1335.0000000000000        1335.0000000000000        1335.0000000000000        8.6052089173722146E-002   1.4767847839556758E-005
   1345.0000000000000        1345.0000000000000        1345.0000000000000        8.2967904725158817E-002   1.4400320789567470E-005
   1355.0000000000000        1355.0000000000000        1355.0000000000000        8.0007159504074388E-002   1.3866808542965805E-005
   1365.0000000000000        1365.0000000000000        1365.0000000000000        7.7163811825613091E-002   1.3410773685344173E-005
   1375.0000000000000        1375.0000000000000        1375.0000000000000        7.4436158452384715E-002   1.2914155456376815E-005
   1385.0000000000000        1385.0000000000000        1385.0000000000000        7.1816079088857995E-002   1.2320435132042971E-005
   1395.0000000000000        1395.0000000000000        1395.0000000000000        6.9299360223875298E-002   1.1892623491142778E-005
   1405.0000000000000        1405.0000000000000        1405.0000000000000        6.6881259317136468E-002   1.1580520004845057E-005
   1415.0000000000000        1415.0000000000000        1415.0000000000000        6.4558059761028949E-002   1.1194460157095230E-005
   1425.0000000000000        1425.0000000000000        1425.0000000000000        6.2325942561445587E-002   1.0702630580751373E-005
   1435.0000000000000        1435.0000000000000        1435.0000000000000        6.0178411978934566E-002   1.0294110810777034E-005
   1445.0000000000000        1445.0000000000000        1445.0000000000000        5.8113872382701541E-002   1.0004067472225416E-005
   1455.0000000000000        1455.0000000000000        1455.0000000000000        5.6128047967037215E-002   9.7261077104003469E-006
   1465.0000000000000        1465.0000000000000        1465.0000000000000        5.4218845183465002E-002   9.3625739174784348E-006
   1475.0000000000000        1475.0000000000000        1475.0000000000000        5.2382691580776040E-002   9.0565607677023008E-006
   1485.0000000000000        1485.0000000000000        1485.0000000000000        5.0616285146663380E-002   9.0186738924218363E-006
   1495.0000000000000        1495.0000000000000        1495.0000000000000        4.8914350828938101E-002   8.8309001724403638E-006
