   100.00000000000000        2.0338331477215945E-006   6.0660447871275275E-010
 Directory not found ../summary/temp_04                                                                                  
 Making new directory..
/home/niraj/OneDrive/WorkSpaceIITG/Generalfiles/integrators/DY1/ggaa/summary/temp_04
 Directory constructed successfully🤩
  
  
 Writing data in the file  ../summary/temp_04/PK_Plus0.dat                                                                     
  
LHAPDF 6.5.4 loading /home/niraj/1TB-Disc/Workspace-IITG/Packages/Install/LHAPDF-6.5.4/install/share/LHAPDF/MMHT2014nlo68cl/MMHT2014nlo68cl_0000.dat
MMHT2014nlo68cl PDF set, member #0, version 3; LHAPDF ID = 25100
   
   
 ~~~~~~~~~~~~~~~~~~~~~~~~~~~~~~~~~~~~~~~~~~~~
     Calculating P and K terms
 ~~~~~~~~~~~~~~~~~~~~~~~~~~~~~~~~~~~~~~~~~~~~
   
   
   
 ~~~~~~~~~~~~~~~~~~~~~~~~~~~~~~~~~~~~~~~~~~~~
     Calculating Regular Terms
 ~~~~~~~~~~~~~~~~~~~~~~~~~~~~~~~~~~~~~~~~~~~~
   
 ~~~~~~~~~~~~~~~~~~~~~~~~~~~~~~~~~~~~~~~~
using vegas points:                   1.E+07
         iteration:                   10
 ~~~~~~~~~~~~~~~~~~~~~~~~~~~~~~~~~~~~~~~~
  
 For xq =          100 
  
 RM48 INITIALIZED:        40           0         0



 INPUT PARAMETERS FOR VEGAS:  NDIM=  4  NCALL=    9759362.
                              IT=    0  ITMX=   10
                              MDS= -1   ND=  47
   1      0.1233861E-05 0.2139E-06  0.1233861E-05 0.2139E-06  0.000    
   2      0.1374469E-05 0.2062E-07  0.1373424E-05 0.1952E-07 0.3826    
   3      0.1399814E-05 0.1113E-07  0.1393998E-05 0.9390E-08 0.8608    
   4      0.1382568E-05 0.9495E-08  0.1388160E-05 0.6623E-08 0.8124    
   5      0.1387155E-05 0.9182E-08  0.1387803E-05 0.5350E-08 0.6045    
   6      0.1404565E-05 0.9139E-08  0.1392305E-05 0.4603E-08 0.9989    
   7      0.1383425E-05 0.8990E-08  0.1390421E-05 0.4093E-08 0.9603    
   8      0.1386297E-05 0.8952E-08  0.1389692E-05 0.3720E-08 0.8458    
   9      0.1381878E-05 0.8871E-08  0.1388506E-05 0.3430E-08 0.8222    
  10      0.1384841E-05 0.8926E-08  0.1388026E-05 0.3200E-08 0.7460    



 INPUT PARAMETERS FOR VEGAS:  NDIM=  4  NCALL=   99574272.
                              IT=    0  ITMX=   20
                              MDS= -1   ND=  42
   1      0.1383076E-05 0.2717E-08  0.1383076E-05 0.2717E-08  0.000    
   2      0.1380484E-05 0.2707E-08  0.1381777E-05 0.1918E-08 0.4566    
   3      0.1384881E-05 0.2713E-08  0.1382815E-05 0.1566E-08 0.6649    
   4      0.1382773E-05 0.2710E-08  0.1382804E-05 0.1356E-08 0.4433    
   5      0.1382479E-05 0.2715E-08  0.1382739E-05 0.1213E-08 0.3354    
   6      0.1385208E-05 0.2716E-08  0.1383151E-05 0.1108E-08 0.4062    
   7      0.1388246E-05 0.2721E-08  0.1383880E-05 0.1026E-08 0.8423    
   8      0.1385642E-05 0.2715E-08  0.1384101E-05 0.9596E-09 0.7745    
   9      0.1383192E-05 0.2711E-08  0.1384000E-05 0.9046E-09 0.6902    
  10      0.1383916E-05 0.2716E-08  0.1383991E-05 0.8582E-09 0.6136    
  11      0.1377376E-05 0.2712E-08  0.1383394E-05 0.8182E-09  1.089    
  12      0.1383633E-05 0.2709E-08  0.1383414E-05 0.7833E-09 0.9909    
  13      0.1381113E-05 0.2712E-08  0.1383238E-05 0.7525E-09 0.9638    
  14      0.1379183E-05 0.2710E-08  0.1382949E-05 0.7251E-09  1.049    
  15      0.1382931E-05 0.2715E-08  0.1382948E-05 0.7006E-09 0.9741    
  16      0.1382208E-05 0.2713E-08  0.1382902E-05 0.6783E-09 0.9139    
  17      0.1380317E-05 0.2708E-08  0.1382750E-05 0.6580E-09 0.9103    
  18      0.1386263E-05 0.2712E-08  0.1382946E-05 0.6394E-09 0.9502    
  19      0.1388010E-05 0.2717E-08  0.1383213E-05 0.6224E-09  1.081    
  20      0.1380065E-05 0.2706E-08  0.1383056E-05 0.6066E-09  1.092    
   
   
 Integral Regular:   1.3830559266794000E-006 +-   6.0659852928540810E-010
 with chisq    =   1.0918196702747422     
  
  
  
    xq         Integral Regular                 error
    100      0.138305592667940E-05      0.606598529285408E-09
   
   
 ~~~~~~~~~~~~~~~~~~~~~~~~~~~~~~~~~~~~~~~~~~~~
     Calculating Delta Functions
 ~~~~~~~~~~~~~~~~~~~~~~~~~~~~~~~~~~~~~~~~~~~~
   
 ~~~~~~~~~~~~~~~~~~~~~~~~~~~~~~~~~~~~~~~~
using vegas points:                   1.E+07
         iteration:                   10
 ~~~~~~~~~~~~~~~~~~~~~~~~~~~~~~~~~~~~~~~~
  
 For xq =          100 
  
 RM48 INITIALIZED:        40           0         0



 INPUT PARAMETERS FOR VEGAS:  NDIM=  2  NCALL=    9724050.
                              IT=    0  ITMX=   10
                              MDS= -1   ND=  49
   1      0.6510706E-06 0.2550E-09  0.6510706E-06 0.2550E-09  0.000    
   2      0.6507754E-06 0.2498E-11  0.6507755E-06 0.2498E-11  1.340    
   3      0.6507771E-06 0.3848E-12  0.6507771E-06 0.3804E-12 0.8876    
   4      0.6507773E-06 0.2719E-12  0.6507772E-06 0.2212E-12 0.6384    
   5      0.6507775E-06 0.2603E-12  0.6507773E-06 0.1686E-12 0.6641    
   6      0.6507771E-06 0.2580E-12  0.6507773E-06 0.1411E-12 0.6084    
   7      0.6507776E-06 0.2582E-12  0.6507774E-06 0.1238E-12 0.6925    
   8      0.6507771E-06 0.2590E-12  0.6507773E-06 0.1117E-12 0.7501    
   9      0.6507771E-06 0.2601E-12  0.6507773E-06 0.1026E-12 0.6984    
  10      0.6507769E-06 0.2624E-12  0.6507772E-06 0.9559E-13 0.8159    



 INPUT PARAMETERS FOR VEGAS:  NDIM=  2  NCALL=   96827528.
                              IT=    0  ITMX=   20
                              MDS= -1   ND=  49
   1      0.6507772E-06 0.2660E-13  0.6507772E-06 0.2660E-13  0.000    
   2      0.6507772E-06 0.2661E-13  0.6507772E-06 0.1881E-13 0.9986    
   3      0.6507772E-06 0.2661E-13  0.6507772E-06 0.1536E-13 0.6419    
   4      0.6507773E-06 0.2660E-13  0.6507772E-06 0.1330E-13 0.7608    
   5      0.6507772E-06 0.2661E-13  0.6507772E-06 0.1190E-13 0.9807    
   6      0.6507773E-06 0.2661E-13  0.6507772E-06 0.1086E-13  1.369    
   7      0.6507772E-06 0.2660E-13  0.6507772E-06 0.1006E-13  1.664    
   8      0.6507772E-06 0.2661E-13  0.6507772E-06 0.9407E-14  1.467    
   9      0.6507772E-06 0.2661E-13  0.6507772E-06 0.8869E-14  1.605    
  10      0.6507772E-06 0.2661E-13  0.6507772E-06 0.8414E-14  1.347    
  11      0.6507772E-06 0.2660E-13  0.6507772E-06 0.8022E-14  1.098    
  12      0.6507772E-06 0.2660E-13  0.6507772E-06 0.7681E-14  1.089    
  13      0.6507771E-06 0.2661E-13  0.6507772E-06 0.7379E-14  1.777    
  14      0.6507772E-06 0.2661E-13  0.6507772E-06 0.7111E-14  1.613    
  15      0.6507773E-06 0.2661E-13  0.6507772E-06 0.6870E-14  1.681    
  16      0.6507772E-06 0.2661E-13  0.6507772E-06 0.6652E-14  1.598    
  17      0.6507772E-06 0.2661E-13  0.6507772E-06 0.6453E-14  1.591    
  18      0.6507772E-06 0.2661E-13  0.6507772E-06 0.6271E-14  1.586    
  19      0.6507772E-06 0.2660E-13  0.6507772E-06 0.6104E-14  1.581    
  20      0.6507772E-06 0.2661E-13  0.6507772E-06 0.5949E-14  1.351    
   
   
 Integral Delta:   6.5077722104219467E-007 +-   5.9494273446805553E-015
 with chisq    =   1.3512913019610708     
  
  
  
    xq         Integral Delta                 error
    100      0.650777221042195E-06      0.594942734468056E-14
Thanks for using LHAPDF 6.5.4. Please make sure to cite the paper:
  Eur.Phys.J. C75 (2015) 3, 132  (http://arxiv.org/abs/1412.7420)
