   100.00000000000000        9.7891674899549877E-003   1.1764568443837768E-004
   400.00000000000000        4.4849134536330363E-005   8.4961724886246174E-007
   700.00000000000000        4.5712215362540749E-006   8.7674446549312445E-008
   1000.0000000000000        1.0587208414202182E-006   1.7661393323436432E-008
   1300.0000000000000        3.2140785907220726E-007   4.9469344787295950E-009
   1600.0000000000000        1.1734414841590927E-007   1.6749896424585161E-009
   1900.0000000000000        4.8860887741449301E-008   6.2873214518405813E-010
   2200.0000000000000        2.1790807009831489E-008   2.5105352399315376E-010
   2500.0000000000000        1.0001743690709359E-008   1.0754566723522697E-010
   2800.0000000000000        4.8503172266849175E-009   4.8223540904792595E-011
   3100.0000000000000        2.4160879568973089E-009   2.2215396780324776E-011
   3400.0000000000000        1.2569620331849592E-009   1.0255427508385790E-011
   3700.0000000000000        6.3300236258724668E-010   4.9048218155912571E-012
   4000.0000000000000        3.2795880231745335E-010   2.3239338695518601E-012
   4300.0000000000000        1.6567754306365731E-010   1.0828193296742678E-012
   4600.0000000000000        8.4415053229061057E-011   5.2210060681637589E-013
   4900.0000000000000        4.3051810567863317E-011   2.4361306351616161E-013







niraj


 Directory not found ../summary/run_03                                                                                   
 Making new directory..
/home/niraj/OneDrive/WorkSpaceIITG/Generalfiles/integrators/DrellYan/summary/run_03
 Directory constructed successfully🤩
  
 Writing your data in ../summary/run_03/PK_Plus.dat
LHAPDF 6.5.4 loading /home/niraj/1TB-Disc/Workspace-IITG/Packages/Install/LHAPDF-6.5.4/install/share/LHAPDF/MMHT2014nlo68cl/MMHT2014nlo68cl_0000.dat
MMHT2014nlo68cl PDF set, member #0, version 3; LHAPDF ID = 25100
   
   
 ~~~~~~~~~~~~~~~~~~~~~~~~~~~~~~~~~~~~~~~~~~~~
     Calculating [+] distribution with delta 1d-4 && ALP=Al/2/pi
 ~~~~~~~~~~~~~~~~~~~~~~~~~~~~~~~~~~~~~~~~~~~~
   
 ~~~~~~~~~~~~~~~~~~~~~~~~~~~~~~~~~~~~~~~~
Using Vegas points:                   2.E+08
         Iteration:                   15
 ~~~~~~~~~~~~~~~~~~~~~~~~~~~~~~~~~~~~~~~~
  
 [1;32mFor xq =          100 [0m
  
 RM48 INITIALIZED:        40           0         0



 INPUT PARAMETERS FOR VEGAS:  NDIM=  4  NCALL=  192119202.
                              IT=    0  ITMX=   15
                              MDS= -1   ND=  33
   1      0.4239037E-02 0.3524E-01  0.4239037E-02 0.3524E-01  0.000    
   2     -0.3380861E-02 0.8165E-02 -0.2787665E-02 0.8892E-02 0.5271E-01
   3      0.9462296E-02 0.4547E-02  0.8958159E-02 0.2962E-02 0.3471    
   4      0.3407426E-02 0.3014E-02  0.7734031E-02 0.2373E-02 0.5946    
   5      0.9289726E-02 0.2424E-02  0.8849608E-02 0.1455E-02 0.3936    
   6      0.9751252E-02 0.2206E-02  0.9289757E-02 0.1140E-02 0.2939    
   7      0.1492944E-01 0.2128E-02  0.1240086E-01 0.9252E-03  1.699    
   8      0.1459995E-01 0.2097E-02  0.1317463E-01 0.8239E-03  1.422    
   9      0.1052675E-01 0.2076E-02  0.1275804E-01 0.7641E-03  1.418    
  10      0.1114029E-01 0.2073E-02  0.1251511E-01 0.7149E-03  1.296    
  11      0.1042296E-01 0.2086E-02  0.1227474E-01 0.6758E-03  1.253    
  12      0.7874453E-02 0.2087E-02  0.1200428E-01 0.6444E-03  1.420    
  13      0.7768102E-02 0.2078E-02  0.1176320E-01 0.6167E-03  1.551    
  14      0.8621212E-02 0.2088E-02  0.1155916E-01 0.5920E-03  1.585    
  15      0.8518414E-02 0.2093E-02  0.1137861E-01 0.5701E-03  1.606    



 INPUT PARAMETERS FOR VEGAS:  NDIM=  4  NCALL= 1919025152.
                              IT=    0  ITMX=   30
                              MDS= -1   ND=  44
   1      0.9563902E-02 0.6448E-03  0.9563902E-02 0.6448E-03  0.000    
   2      0.9714847E-02 0.6448E-03  0.9640545E-02 0.4559E-03 0.2739E-01
   3      0.9794696E-02 0.6443E-03  0.9693079E-02 0.3722E-03 0.3282E-01
   4      0.9054261E-02 0.6434E-03  0.9548680E-02 0.3222E-03 0.2519    
   5      0.1059203E-01 0.6449E-03  0.9794278E-02 0.2882E-03 0.7701    
   6      0.1083206E-01 0.6448E-03  0.9999372E-02 0.2631E-03  1.086    
   7      0.9265090E-02 0.6446E-03  0.9906582E-02 0.2436E-03  1.090    
   8      0.9837058E-02 0.6446E-03  0.9897912E-02 0.2279E-03 0.9359    
   9      0.9760942E-02 0.6432E-03  0.9882874E-02 0.2148E-03 0.8255    
  10      0.9092774E-02 0.6445E-03  0.9814407E-02 0.2038E-03 0.8768    
  11      0.1077917E-01 0.6442E-03  0.9919241E-02 0.1943E-03  1.013    
  12      0.9455456E-02 0.6445E-03  0.9883493E-02 0.1860E-03 0.9670    
  13      0.8473229E-02 0.6444E-03  0.9801251E-02 0.1787E-03  1.189    
  14      0.1001748E-01 0.6437E-03  0.9817577E-02 0.1722E-03  1.102    
  15      0.1109615E-01 0.6442E-03  0.9925833E-02 0.1664E-03  1.330    
  16      0.9686154E-02 0.6447E-03  0.9911328E-02 0.1611E-03  1.252    
  17      0.9579137E-02 0.6459E-03  0.9892830E-02 0.1563E-03  1.193    
  18      0.9073716E-02 0.6439E-03  0.9853619E-02 0.1519E-03  1.210    
  19      0.9020819E-02 0.6449E-03  0.9816100E-02 0.1478E-03  1.227    
  20      0.1039287E-01 0.6437E-03  0.9848750E-02 0.1441E-03  1.200    
  21      0.9963654E-02 0.6444E-03  0.9854422E-02 0.1406E-03  1.139    
  22      0.8971963E-02 0.6443E-03  0.9820450E-02 0.1374E-03  1.166    
  23      0.8722355E-02 0.6447E-03  0.9781951E-02 0.1344E-03  1.225    
  24      0.9167662E-02 0.6435E-03  0.9758964E-02 0.1315E-03  1.211    
  25      0.1074518E-01 0.6444E-03  0.9807057E-02 0.1289E-03  1.263    
  26      0.9016905E-02 0.6446E-03  0.9780841E-02 0.1264E-03  1.270    
  27      0.9331604E-02 0.6445E-03  0.9765421E-02 0.1240E-03  1.241    
  28      0.1007595E-01 0.6444E-03  0.9777375E-02 0.1218E-03  1.201    
  29      0.1027777E-01 0.6441E-03  0.9796663E-02 0.1197E-03  1.176    
  30      0.9564639E-02 0.6441E-03  0.9789167E-02 0.1176E-03  1.141    
   
   
 [1;32mIntegral Plus:   9.7891674899549877E-003 [0m+-   1.1764568443837768E-004
 with chisq    =   1.1408516993797662     
  
  
  
 [1;32mFor xq =          400 [0m
  
 RM48 INITIALIZED:        40           0         0



 INPUT PARAMETERS FOR VEGAS:  NDIM=  4  NCALL=  192119202.
                              IT=    0  ITMX=   15
                              MDS= -1   ND=  33
   1      0.1670102E-04 0.8950E-04  0.1670102E-04 0.8950E-04  0.000    
   2     -0.8243253E-06 0.2509E-04  0.1617395E-04 0.6240E-04 0.2301E-02
   3      0.3495848E-04 0.1750E-04  0.3479090E-04 0.1115E-04 0.1286E-01
   4      0.3181656E-04 0.1560E-04  0.3327915E-04 0.8764E-05 0.1643E-01
   5      0.2699162E-04 0.1503E-04  0.3150259E-04 0.7540E-05 0.4718E-01
   6      0.2513927E-04 0.1471E-04  0.3020480E-04 0.6713E-05 0.6708E-01
   7      0.7210374E-04 0.1460E-04  0.5659639E-04 0.5786E-05  2.065    
   8      0.3082799E-04 0.1454E-04  0.5391617E-04 0.5385E-05  2.136    
   9      0.4628435E-04 0.1451E-04  0.5246122E-04 0.5032E-05  1.777    
  10      0.5699765E-04 0.1458E-04  0.5347034E-04 0.4738E-05  1.403    
  11      0.4207524E-04 0.1460E-04  0.5224012E-04 0.4505E-05  1.307    
  12      0.5702368E-04 0.1465E-04  0.5302682E-04 0.4300E-05  1.106    
  13      0.5571777E-04 0.1469E-04  0.5339008E-04 0.4124E-05 0.9573    
  14      0.4112464E-04 0.1484E-04  0.5256553E-04 0.3973E-05 0.9338    
  15      0.4731786E-04 0.1492E-04  0.5214047E-04 0.3839E-05 0.8632    



 INPUT PARAMETERS FOR VEGAS:  NDIM=  4  NCALL= 1919025152.
                              IT=    0  ITMX=   30
                              MDS= -1   ND=  44
   1      0.3882690E-04 0.4651E-05  0.3882690E-04 0.4651E-05  0.000    
   2      0.4319731E-04 0.4661E-05  0.4123960E-04 0.3293E-05 0.4356    
   3      0.4447317E-04 0.4657E-05  0.4243457E-04 0.2689E-05 0.3745    
   4      0.4567420E-04 0.4653E-05  0.4334434E-04 0.2328E-05 0.3699    
   5      0.4363903E-04 0.4652E-05  0.4340448E-04 0.2082E-05 0.2769    
   6      0.5205595E-04 0.4659E-05  0.4534708E-04 0.1901E-05 0.9274    
   7      0.5377590E-04 0.4656E-05  0.4697801E-04 0.1760E-05  1.324    
   8      0.4206913E-04 0.4649E-05  0.4645680E-04 0.1646E-05  1.280    
   9      0.5039791E-04 0.4646E-05  0.4697857E-04 0.1551E-05  1.187    
  10      0.4519052E-04 0.4652E-05  0.4680698E-04 0.1472E-05  1.074    
  11      0.3873105E-04 0.4658E-05  0.4627634E-04 0.1403E-05  1.196    
  12      0.3710153E-04 0.4652E-05  0.4575334E-04 0.1344E-05  1.347    
  13      0.4407235E-04 0.4649E-05  0.4562804E-04 0.1291E-05  1.248    
  14      0.5437068E-04 0.4652E-05  0.4651759E-04 0.1244E-05  1.462    
  15      0.4621028E-04 0.4656E-05  0.4649658E-04 0.1202E-05  1.355    
  16      0.4253144E-04 0.4650E-05  0.4627899E-04 0.1163E-05  1.315    
  17      0.4545656E-04 0.4659E-05  0.4623066E-04 0.1129E-05  1.235    
  18      0.4179503E-04 0.4658E-05  0.4602062E-04 0.1097E-05  1.215    
  19      0.3938082E-04 0.4651E-05  0.4575199E-04 0.1068E-05  1.246    
  20      0.4623173E-04 0.4654E-05  0.4577730E-04 0.1041E-05  1.178    
  21      0.4032344E-04 0.4656E-05  0.4556705E-04 0.1016E-05  1.183    
  22      0.3845356E-04 0.4650E-05  0.4532556E-04 0.9922E-06  1.220    
  23      0.4202880E-04 0.4652E-05  0.4519718E-04 0.9704E-06  1.190    
  24      0.3787950E-04 0.4651E-05  0.4497268E-04 0.9499E-06  1.228    
  25      0.4442813E-04 0.4653E-05  0.4495064E-04 0.9307E-06  1.177    
  26      0.4240551E-04 0.4654E-05  0.4486020E-04 0.9127E-06  1.144    
  27      0.3827838E-04 0.4661E-05  0.4467555E-04 0.8956E-06  1.167    
  28      0.4418189E-04 0.4655E-05  0.4465772E-04 0.8795E-06  1.124    
  29      0.5277756E-04 0.4649E-05  0.4505673E-04 0.8642E-06  1.214    
  30      0.3551881E-04 0.4650E-05  0.4484913E-04 0.8496E-06  1.279    
   
   
 [1;32mIntegral Plus:   4.4849134536330363E-005 [0m+-   8.4961724886246174E-007
 with chisq    =   1.2791679645691962     
  
  
  
 [1;32mFor xq =          700 [0m
  
 RM48 INITIALIZED:        40           0         0



 INPUT PARAMETERS FOR VEGAS:  NDIM=  4  NCALL=  192119202.
                              IT=    0  ITMX=   15
                              MDS= -1   ND=  33
   1      0.8083217E-05 0.6417E-05  0.8083217E-05 0.6417E-05  0.000    
   2      0.7782535E-05 0.2059E-05  0.7812585E-05 0.1991E-05 0.2051E-02
   3      0.6589242E-05 0.1653E-05  0.7200706E-05 0.1333E-05 0.1064    
   4      0.1958885E-05 0.1535E-05  0.6945089E-05 0.1139E-05 0.4203    
   5      0.8021120E-05 0.1503E-05  0.7440442E-05 0.8761E-06 0.3809    
   6      0.3878247E-05 0.1489E-05  0.7088314E-05 0.7829E-06 0.7128    
   7      0.3659445E-05 0.1483E-05  0.6809036E-05 0.7128E-06 0.9466    
   8      0.7651968E-05 0.1478E-05  0.7031547E-05 0.6319E-06 0.8093    
   9      0.2668002E-05 0.1483E-05  0.6896745E-05 0.5929E-06 0.9823    
  10      0.5475765E-05 0.1488E-05  0.6734203E-05 0.5527E-06 0.9641    
  11      0.3526170E-05 0.1490E-05  0.6589230E-05 0.5237E-06  1.085    
  12      0.3421271E-05 0.1506E-05  0.6462570E-05 0.4990E-06  1.184    
  13      0.4225812E-05 0.1519E-05  0.6336115E-05 0.4763E-06  1.221    
  14      0.8951472E-06 0.1535E-05  0.6322620E-05 0.4588E-06  1.239    
  15      0.4813180E-05 0.1558E-05  0.6224435E-05 0.4407E-06  1.216    



 INPUT PARAMETERS FOR VEGAS:  NDIM=  4  NCALL= 1919025152.
                              IT=    0  ITMX=   30
                              MDS= -1   ND=  44
   1      0.3787294E-05 0.4808E-06  0.3787294E-05 0.4808E-06  0.000    
   2      0.5165629E-05 0.4806E-06  0.4684035E-05 0.3399E-06  3.738    
   3      0.3262827E-05 0.4802E-06  0.4390796E-05 0.2775E-06  4.374    
   4      0.4972606E-05 0.4799E-06  0.4579464E-05 0.2402E-06  3.058    
   5      0.3823877E-05 0.4800E-06  0.4457938E-05 0.2148E-06  2.824    
   6      0.5233154E-05 0.4806E-06  0.4637066E-05 0.1961E-06  2.639    
   7      0.5073409E-05 0.4808E-06  0.4714864E-05 0.1816E-06  2.249    
   8      0.4134156E-05 0.4805E-06  0.4653312E-05 0.1699E-06  2.128    
   9      0.3595243E-05 0.4796E-06  0.4574529E-05 0.1601E-06  2.315    
  10      0.5198068E-05 0.4805E-06  0.4658247E-05 0.1519E-06  2.197    
  11      0.4742359E-05 0.4802E-06  0.4666710E-05 0.1448E-06  1.959    
  12      0.3815150E-05 0.4797E-06  0.4614542E-05 0.1387E-06  2.022    
  13      0.4420277E-05 0.4800E-06  0.4599794E-05 0.1332E-06  1.868    
  14      0.5411299E-05 0.4798E-06  0.4682738E-05 0.1284E-06  1.950    
  15      0.5089468E-05 0.4807E-06  0.4716348E-05 0.1240E-06  1.837    
  16      0.4164873E-05 0.4798E-06  0.4687331E-05 0.1201E-06  1.803    
  17      0.3833119E-05 0.4803E-06  0.4650956E-05 0.1165E-06  1.857    
  18      0.4691000E-05 0.4803E-06  0.4653357E-05 0.1132E-06  1.740    
  19      0.4774911E-05 0.4793E-06  0.4660494E-05 0.1102E-06  1.637    
  20      0.4274800E-05 0.4803E-06  0.4643228E-05 0.1074E-06  1.588    
  21      0.4125240E-05 0.4806E-06  0.4622521E-05 0.1048E-06  1.568    
  22      0.3983005E-05 0.4800E-06  0.4599487E-05 0.1024E-06  1.572    
  23      0.4886997E-05 0.4805E-06  0.4614242E-05 0.1001E-06  1.507    
  24      0.5234828E-05 0.4799E-06  0.4648832E-05 0.9803E-07  1.512    
  25      0.3698127E-05 0.4803E-06  0.4623144E-05 0.9605E-07  1.576    
  26      0.4545833E-05 0.4798E-06  0.4620105E-05 0.9418E-07  1.512    
  27      0.4612282E-05 0.4800E-06  0.4619801E-05 0.9242E-07  1.452    
  28      0.4414522E-05 0.4805E-06  0.4612759E-05 0.9075E-07  1.406    
  29      0.3786541E-05 0.4799E-06  0.4592369E-05 0.8917E-07  1.443    
  30      0.3645308E-05 0.4803E-06  0.4571222E-05 0.8767E-07  1.497    
   
   
 [1;32mIntegral Plus:   4.5712215362540749E-006 [0m+-   8.7674446549312445E-008
 with chisq    =   1.4973550520009673     
  
  
  
 [1;32mFor xq =         1000 [0m
  
 RM48 INITIALIZED:        40           0         0



 INPUT PARAMETERS FOR VEGAS:  NDIM=  4  NCALL=  192119202.
                              IT=    0  ITMX=   15
                              MDS= -1   ND=  33
   1     -0.3654520E-06 0.1082E-05 -0.3654520E-06 0.1082E-05  0.000    
   2      0.1024959E-06 0.3899E-06 -0.1890205E-06 0.6270E-06 0.1308    
   3      0.3062538E-06 0.3246E-06  0.2217216E-06 0.2717E-06 0.2945    
   4      0.9579085E-06 0.3080E-06  0.8843410E-06 0.1640E-06 0.6583    
   5      0.1190201E-05 0.3026E-06  0.1064854E-05 0.1401E-06 0.5655    
   6      0.6055807E-06 0.3016E-06  0.1003632E-05 0.1272E-06 0.7762    
   7      0.7852058E-06 0.2993E-06  0.9631429E-06 0.1170E-06 0.7115    
   8      0.1215837E-05 0.2998E-06  0.1040700E-05 0.1084E-06 0.6575    
   9      0.1179950E-05 0.2986E-06  0.1072125E-05 0.1016E-06 0.5481    
  10      0.1578675E-05 0.3028E-06  0.1214987E-05 0.9620E-07  1.014    
  11      0.1226681E-05 0.3044E-06  0.1216673E-05 0.9173E-07 0.8590    
  12      0.1009587E-05 0.3053E-06  0.1198338E-05 0.8785E-07 0.8168    
  13      0.6461306E-06 0.3093E-06  0.1179494E-05 0.8445E-07 0.9000    
  14      0.2870638E-06 0.3129E-06  0.1173659E-05 0.8140E-07 0.9486    
  15      0.1009638E-05 0.3128E-06  0.1161377E-05 0.7880E-07 0.8909    



 INPUT PARAMETERS FOR VEGAS:  NDIM=  4  NCALL= 1919025152.
                              IT=    0  ITMX=   30
                              MDS= -1   ND=  44
   1      0.9161188E-06 0.9674E-07  0.9161188E-06 0.9674E-07  0.000    
   2      0.1149508E-05 0.9685E-07  0.1058728E-05 0.6845E-07  2.763    
   3      0.9960064E-06 0.9671E-07  0.1038965E-05 0.5587E-07  1.556    
   4      0.1148454E-05 0.9688E-07  0.1071211E-05 0.4840E-07  1.330    
   5      0.9739152E-06 0.9675E-07  0.1054167E-05 0.4329E-07  1.211    
   6      0.9408086E-06 0.9669E-07  0.1038223E-05 0.3951E-07  1.198    
   7      0.1111711E-05 0.9678E-07  0.1050267E-05 0.3658E-07  1.066    
   8      0.9887557E-06 0.9672E-07  0.1043200E-05 0.3422E-07 0.9715    
   9      0.9309251E-06 0.9670E-07  0.1032818E-05 0.3226E-07 0.9951    
  10      0.1257665E-05 0.9660E-07  0.1065344E-05 0.3059E-07  1.584    
  11      0.9850099E-06 0.9662E-07  0.1058799E-05 0.2917E-07  1.497    
  12      0.7881533E-06 0.9670E-07  0.1045403E-05 0.2792E-07  1.813    
  13      0.9981591E-06 0.9679E-07  0.1041934E-05 0.2683E-07  1.686    
  14      0.1020482E-05 0.9672E-07  0.1040403E-05 0.2585E-07  1.560    
  15      0.1263978E-05 0.9661E-07  0.1062511E-05 0.2497E-07  1.909    
  16      0.1126171E-05 0.9670E-07  0.1067136E-05 0.2418E-07  1.793    
  17      0.9286182E-06 0.9678E-07  0.1060626E-05 0.2346E-07  1.800    
  18      0.1082544E-05 0.9670E-07  0.1061944E-05 0.2280E-07  1.689    
  19      0.9969183E-06 0.9676E-07  0.1058792E-05 0.2219E-07  1.624    
  20      0.1225428E-05 0.9683E-07  0.1070148E-05 0.2163E-07  1.707    
  21      0.1104050E-05 0.9678E-07  0.1071927E-05 0.2111E-07  1.620    
  22      0.1142085E-05 0.9689E-07  0.1075648E-05 0.2063E-07  1.558    
  23      0.1065722E-05 0.9660E-07  0.1075208E-05 0.2017E-07  1.487    
  24      0.9097419E-06 0.9670E-07  0.1070032E-05 0.1975E-07  1.530    
  25      0.9669455E-06 0.9686E-07  0.1066525E-05 0.1935E-07  1.514    
  26      0.1143787E-05 0.9682E-07  0.1070038E-05 0.1897E-07  1.471    
  27      0.1001825E-05 0.9672E-07  0.1067734E-05 0.1862E-07  1.437    
  28      0.9719004E-06 0.9666E-07  0.1064778E-05 0.1828E-07  1.421    
  29      0.9854646E-06 0.9657E-07  0.1062335E-05 0.1796E-07  1.396    
  30      0.9249203E-06 0.9678E-07  0.1058721E-05 0.1766E-07  1.411    
   
   
 [1;32mIntegral Plus:   1.0587208414202182E-006 [0m+-   1.7661393323436432E-008
 with chisq    =   1.4113306814743405     
  
  
  
 [1;32mFor xq =         1300 [0m
  
 RM48 INITIALIZED:        40           0         0



 INPUT PARAMETERS FOR VEGAS:  NDIM=  4  NCALL=  192119202.
                              IT=    0  ITMX=   15
                              MDS= -1   ND=  33
   1      0.1593651E-06 0.2686E-06  0.1593651E-06 0.2686E-06  0.000    
   2      0.3371769E-06 0.1049E-06  0.3313194E-06 0.8066E-07 0.1548    
   3      0.2386162E-06 0.8842E-07  0.2937527E-06 0.6030E-07 0.3673    
   4      0.2885163E-06 0.8542E-07  0.2917194E-06 0.4875E-07 0.2301    
   5      0.3221420E-06 0.8427E-07  0.3018250E-06 0.4173E-07 0.1867    
   6      0.1970136E-06 0.8372E-07  0.2901079E-06 0.3768E-07 0.3165    
   7      0.2856819E-06 0.8369E-07  0.2892650E-06 0.3429E-07 0.2582    
   8      0.2103668E-06 0.8410E-07  0.2819458E-06 0.3186E-07 0.3062    
   9      0.3046394E-06 0.8413E-07  0.2856397E-06 0.2972E-07 0.2677    
  10      0.2117703E-06 0.8458E-07  0.2803059E-06 0.2810E-07 0.2986    
  11      0.2827139E-06 0.8602E-07  0.2805723E-06 0.2670E-07 0.2648    
  12      0.3200569E-06 0.8563E-07  0.2855150E-06 0.2546E-07 0.2555    
  13      0.3205950E-06 0.8671E-07  0.2893430E-06 0.2441E-07 0.2436    
  14      0.8682462E-07 0.8750E-07  0.2877635E-06 0.2352E-07 0.2844    
  15      0.3244350E-06 0.8701E-07  0.2914011E-06 0.2270E-07 0.2721    



 INPUT PARAMETERS FOR VEGAS:  NDIM=  4  NCALL= 1919025152.
                              IT=    0  ITMX=   30
                              MDS= -1   ND=  44
   1      0.2718569E-06 0.2712E-07  0.2718569E-06 0.2712E-07  0.000    
   2      0.3324646E-06 0.2710E-07  0.3082008E-06 0.1917E-07  2.401    
   3      0.2665686E-06 0.2707E-07  0.2966003E-06 0.1564E-07  2.012    
   4      0.3206558E-06 0.2710E-07  0.3035017E-06 0.1355E-07  1.490    
   5      0.3205966E-06 0.2707E-07  0.3073178E-06 0.1211E-07  1.172    
   6      0.3330368E-06 0.2706E-07  0.3123147E-06 0.1106E-07  1.076    
   7      0.3492281E-06 0.2709E-07  0.3187989E-06 0.1024E-07  1.176    
   8      0.3021638E-06 0.2713E-07  0.3168702E-06 0.9578E-08  1.062    
   9      0.3521051E-06 0.2711E-07  0.3216696E-06 0.9031E-08  1.127    
  10      0.3579220E-06 0.2713E-07  0.3261367E-06 0.8569E-08  1.191    
  11      0.3061431E-06 0.2706E-07  0.3244760E-06 0.8169E-08  1.127    
  12      0.3312706E-06 0.2709E-07  0.3250770E-06 0.7821E-08  1.024    
  13      0.2528041E-06 0.2710E-07  0.3215381E-06 0.7514E-08  1.326    
  14      0.3107850E-06 0.2711E-07  0.3207979E-06 0.7241E-08  1.238    
  15      0.3532176E-06 0.2704E-07  0.3234579E-06 0.6995E-08  1.247    
  16      0.3754200E-06 0.2711E-07  0.3278461E-06 0.6773E-08  1.440    
  17      0.3060780E-06 0.2711E-07  0.3266896E-06 0.6571E-08  1.392    
  18      0.2909874E-06 0.2710E-07  0.3250520E-06 0.6386E-08  1.404    
  19      0.3304967E-06 0.2705E-07  0.3253571E-06 0.6215E-08  1.324    
  20      0.3401413E-06 0.2712E-07  0.3261817E-06 0.6058E-08  1.263    
  21      0.2570151E-06 0.2707E-07  0.3240399E-06 0.5912E-08  1.426    
  22      0.3016352E-06 0.2710E-07  0.3231253E-06 0.5776E-08  1.393    
  23      0.3366288E-06 0.2714E-07  0.3237769E-06 0.5650E-08  1.335    
  24      0.3339761E-06 0.2712E-07  0.3242399E-06 0.5531E-08  1.278    
  25      0.2827763E-06 0.2709E-07  0.3229301E-06 0.5419E-08  1.310    
  26      0.2968895E-06 0.2707E-07  0.3220528E-06 0.5314E-08  1.295    
  27      0.2894403E-06 0.2709E-07  0.3210420E-06 0.5214E-08  1.299    
  28      0.3267310E-06 0.2713E-07  0.3212574E-06 0.5121E-08  1.249    
  29      0.3145646E-06 0.2710E-07  0.3210298E-06 0.5032E-08  1.207    
  30      0.3314107E-06 0.2708E-07  0.3214079E-06 0.4947E-08  1.167    
   
   
 [1;32mIntegral Plus:   3.2140785907220726E-007 [0m+-   4.9469344787295950E-009
 with chisq    =   1.1672369516238661     
  
  
  
 [1;32mFor xq =         1600 [0m
  
 RM48 INITIALIZED:        40           0         0



 INPUT PARAMETERS FOR VEGAS:  NDIM=  4  NCALL=  192119202.
                              IT=    0  ITMX=   15
                              MDS= -1   ND=  33
   1      0.1008586E-06 0.8091E-07  0.1008586E-06 0.8091E-07  0.000    
   2      0.1485830E-06 0.3391E-07  0.1450097E-06 0.2788E-07 0.2030    
   3      0.1297878E-06 0.2931E-07  0.1376155E-06 0.2014E-07 0.1714    
   4      0.1133367E-06 0.2846E-07  0.1307644E-06 0.1660E-07 0.2652    
   5      0.6877377E-07 0.2816E-07  0.1248199E-06 0.1464E-07 0.6194    
   6      0.1038310E-06 0.2807E-07  0.1210347E-06 0.1304E-07 0.5884    
   7      0.9134236E-07 0.2800E-07  0.1173809E-06 0.1190E-07 0.6284    
   8      0.1343981E-06 0.2818E-07  0.1209240E-06 0.1090E-07 0.5659    
   9      0.1293602E-06 0.2833E-07  0.1222760E-06 0.1015E-07 0.4914    
  10      0.1007977E-06 0.2841E-07  0.1203809E-06 0.9572E-08 0.4926    
  11      0.6756471E-07 0.2865E-07  0.1183995E-06 0.9109E-08 0.5926    
  12      0.1232643E-06 0.2879E-07  0.1189346E-06 0.8677E-08 0.5312    
  13      0.1574187E-06 0.2908E-07  0.1246903E-06 0.8297E-08 0.6810    
  14      0.1558516E-06 0.2932E-07  0.1286192E-06 0.7975E-08 0.7239    
  15      0.5450699E-07 0.2951E-07  0.1275082E-06 0.7703E-08 0.8073    



 INPUT PARAMETERS FOR VEGAS:  NDIM=  4  NCALL= 1919025152.
                              IT=    0  ITMX=   30
                              MDS= -1   ND=  44
   1      0.1055332E-06 0.9184E-08  0.1055332E-06 0.9184E-08  0.000    
   2      0.9524373E-07 0.9176E-08  0.1009099E-06 0.6491E-08 0.6217    
   3      0.9251403E-07 0.9180E-08  0.9841212E-07 0.5300E-08 0.5898    
   4      0.1078589E-06 0.9179E-08  0.1011329E-06 0.4590E-08 0.6628    
   5      0.1213326E-06 0.9175E-08  0.1065320E-06 0.4105E-08  1.641    
   6      0.1297256E-06 0.9166E-08  0.1119679E-06 0.3746E-08  2.583    
   7      0.1320158E-06 0.9167E-08  0.1158830E-06 0.3467E-08  2.897    
   8      0.1169048E-06 0.9178E-08  0.1160185E-06 0.3244E-08  2.463    
   9      0.1173853E-06 0.9179E-08  0.1161795E-06 0.3058E-08  2.141    
  10      0.1175265E-06 0.9168E-08  0.1163221E-06 0.2901E-08  1.894    
  11      0.1270768E-06 0.9172E-08  0.1175058E-06 0.2766E-08  1.816    
  12      0.1143206E-06 0.9178E-08  0.1172456E-06 0.2648E-08  1.664    
  13      0.1066759E-06 0.9166E-08  0.1165420E-06 0.2544E-08  1.632    
  14      0.1261308E-06 0.9191E-08  0.1173543E-06 0.2452E-08  1.576    
  15      0.1166372E-06 0.9166E-08  0.1173056E-06 0.2369E-08  1.462    
  16      0.1150306E-06 0.9161E-08  0.1171646E-06 0.2293E-08  1.369    
  17      0.1138512E-06 0.9176E-08  0.1169754E-06 0.2225E-08  1.293    
  18      0.9964569E-07 0.9174E-08  0.1162490E-06 0.2162E-08  1.387    
  19      0.1227254E-06 0.9158E-08  0.1166374E-06 0.2104E-08  1.329    
  20      0.1287383E-06 0.9171E-08  0.1173847E-06 0.2051E-08  1.350    
  21      0.1037532E-06 0.9172E-08  0.1168592E-06 0.2002E-08  1.381    
  22      0.1062516E-06 0.9186E-08  0.1164483E-06 0.1956E-08  1.376    
  23      0.1263509E-06 0.9182E-08  0.1169631E-06 0.1913E-08  1.362    
  24      0.1250938E-06 0.9184E-08  0.1173572E-06 0.1873E-08  1.331    
  25      0.1035505E-06 0.9185E-08  0.1169134E-06 0.1835E-08  1.359    
  26      0.1239927E-06 0.9176E-08  0.1172259E-06 0.1799E-08  1.323    
  27      0.1237093E-06 0.9168E-08  0.1174992E-06 0.1766E-08  1.287    
  28      0.1014901E-06 0.9175E-08  0.1170582E-06 0.1734E-08  1.334    
  29      0.1229017E-06 0.9173E-08  0.1172851E-06 0.1704E-08  1.296    
  30      0.1189670E-06 0.9176E-08  0.1173441E-06 0.1675E-08  1.251    
   
   
 [1;32mIntegral Plus:   1.1734414841590927E-007 [0m+-   1.6749896424585161E-009
 with chisq    =   1.2505517391487029     
  
  
  
 [1;32mFor xq =         1900 [0m
  
 RM48 INITIALIZED:        40           0         0



 INPUT PARAMETERS FOR VEGAS:  NDIM=  4  NCALL=  192119202.
                              IT=    0  ITMX=   15
                              MDS= -1   ND=  33
   1      0.5537563E-07 0.2854E-07  0.5537563E-07 0.2854E-07  0.000    
   2      0.6216905E-07 0.1235E-07  0.6128998E-07 0.1091E-07 0.4365E-01
   3      0.6222072E-07 0.1094E-07  0.6178000E-07 0.7655E-08 0.2285E-01
   4      0.4294144E-07 0.1057E-07  0.5778893E-07 0.6368E-08 0.5044    
   5      0.5042455E-07 0.1051E-07  0.5611001E-07 0.5485E-08 0.4730    
   6      0.5723759E-07 0.1045E-07  0.5636809E-07 0.4848E-08 0.3755    
   7      0.4360977E-07 0.1049E-07  0.5487966E-07 0.4430E-08 0.4734    
   8      0.4720827E-07 0.1055E-07  0.5396635E-07 0.4097E-08 0.4705    
   9      0.4477786E-07 0.1059E-07  0.5308364E-07 0.3832E-08 0.4878    
  10      0.6457056E-07 0.1070E-07  0.5496298E-07 0.3595E-08 0.5672    
  11      0.3487566E-07 0.1080E-07  0.5406446E-07 0.3420E-08 0.6861    
  12      0.5265559E-07 0.1085E-07  0.5393512E-07 0.3262E-08 0.6243    
  13      0.5423696E-07 0.1099E-07  0.5396130E-07 0.3127E-08 0.5689    
  14      0.5839956E-07 0.1114E-07  0.5435662E-07 0.3010E-08 0.5298    
  15      0.5694704E-07 0.1108E-07  0.5456105E-07 0.2904E-08 0.4909    



 INPUT PARAMETERS FOR VEGAS:  NDIM=  4  NCALL= 1919025152.
                              IT=    0  ITMX=   30
                              MDS= -1   ND=  44
   1      0.4329109E-07 0.3448E-08  0.4329109E-07 0.3448E-08  0.000    
   2      0.4015050E-07 0.3452E-08  0.4184047E-07 0.2439E-08 0.4119    
   3      0.4482529E-07 0.3446E-08  0.4293332E-07 0.1991E-08 0.4568    
   4      0.5330510E-07 0.3447E-08  0.4647042E-07 0.1724E-08  2.979    
   5      0.4717613E-07 0.3440E-08  0.4661969E-07 0.1541E-08  2.213    
   6      0.4555349E-07 0.3440E-08  0.4644411E-07 0.1407E-08  1.791    
   7      0.5447248E-07 0.3441E-08  0.4797408E-07 0.1302E-08  2.388    
   8      0.4883294E-07 0.3441E-08  0.4808811E-07 0.1218E-08  2.038    
   9      0.5029745E-07 0.3446E-08  0.4836027E-07 0.1148E-08  1.808    
  10      0.4992590E-07 0.3446E-08  0.4852972E-07 0.1089E-08  1.615    
  11      0.5213228E-07 0.3443E-08  0.4891055E-07 0.1038E-08  1.544    
  12      0.4485084E-07 0.3439E-08  0.4861537E-07 0.9941E-09  1.522    
  13      0.5099033E-07 0.3440E-08  0.4881927E-07 0.9550E-09  1.422    
  14      0.4510103E-07 0.3442E-08  0.4858541E-07 0.9203E-09  1.399    
  15      0.4514712E-07 0.3439E-08  0.4838126E-07 0.8890E-09  1.369    
  16      0.5396304E-07 0.3441E-08  0.4881721E-07 0.8607E-09  1.459    
  17      0.4445388E-07 0.3443E-08  0.4859785E-07 0.8350E-09  1.461    
  18      0.4605258E-07 0.3445E-08  0.4846767E-07 0.8115E-09  1.410    
  19      0.4974934E-07 0.3440E-08  0.4854006E-07 0.7898E-09  1.334    
  20      0.5213238E-07 0.3443E-08  0.4874944E-07 0.7698E-09  1.316    
  21      0.4472319E-07 0.3444E-08  0.4858391E-07 0.7513E-09  1.315    
  22      0.4964945E-07 0.3441E-08  0.4863539E-07 0.7340E-09  1.253    
  23      0.5140356E-07 0.3448E-08  0.4877116E-07 0.7179E-09  1.221    
  24      0.5326141E-07 0.3449E-08  0.4899560E-07 0.7029E-09  1.242    
  25      0.4681034E-07 0.3448E-08  0.4891429E-07 0.6887E-09  1.208    
  26      0.4845385E-07 0.3445E-08  0.4889661E-07 0.6753E-09  1.161    
  27      0.4896855E-07 0.3440E-08  0.4889933E-07 0.6627E-09  1.115    
  28      0.4311715E-07 0.3449E-08  0.4873537E-07 0.6508E-09  1.163    
  29      0.5143146E-07 0.3444E-08  0.4884021E-07 0.6395E-09  1.140    
  30      0.4943674E-07 0.3445E-08  0.4886089E-07 0.6287E-09  1.100    
   
   
 [1;32mIntegral Plus:   4.8860887741449301E-008 [0m+-   6.2873214518405813E-010
 with chisq    =   1.0998013337939061     
  
  
  
 [1;32mFor xq =         2200 [0m
  
 RM48 INITIALIZED:        40           0         0



 INPUT PARAMETERS FOR VEGAS:  NDIM=  4  NCALL=  192119202.
                              IT=    0  ITMX=   15
                              MDS= -1   ND=  33
   1      0.3387206E-07 0.1103E-07  0.3387206E-07 0.1103E-07  0.000    
   2      0.1848670E-07 0.4893E-08  0.2460912E-07 0.5604E-08  1.806    
   3      0.2572918E-07 0.4378E-08  0.2527329E-07 0.3508E-08 0.9500    
   4      0.2604353E-07 0.4281E-08  0.2557254E-07 0.2725E-08 0.6483    
   5      0.2311765E-07 0.4256E-08  0.2499212E-07 0.2322E-08 0.5617    
   6      0.1822082E-07 0.4225E-08  0.2411360E-07 0.2073E-08 0.7318    
   7      0.2153371E-07 0.4251E-08  0.2372193E-07 0.1875E-08 0.6728    
   8      0.2227711E-07 0.4257E-08  0.2352047E-07 0.1721E-08 0.6009    
   9      0.1755602E-07 0.4256E-08  0.2304490E-07 0.1608E-08 0.6810    
  10      0.2285043E-07 0.4289E-08  0.2302208E-07 0.1506E-08 0.6088    
  11      0.1838972E-07 0.4377E-08  0.2270689E-07 0.1428E-08 0.6344    
  12      0.2162614E-07 0.4378E-08  0.2261398E-07 0.1359E-08 0.5869    
  13      0.1916816E-07 0.4449E-08  0.2240252E-07 0.1301E-08 0.5843    
  14      0.1866122E-07 0.4438E-08  0.2219588E-07 0.1250E-08 0.5879    
  15      0.1706804E-07 0.4404E-08  0.2196605E-07 0.1205E-08 0.6170    



 INPUT PARAMETERS FOR VEGAS:  NDIM=  4  NCALL= 1919025152.
                              IT=    0  ITMX=   30
                              MDS= -1   ND=  44
   1      0.2084097E-07 0.1379E-08  0.2084097E-07 0.1379E-08  0.000    
   2      0.2191744E-07 0.1376E-08  0.2140746E-07 0.9739E-09 0.3046    
   3      0.2066517E-07 0.1374E-08  0.2117044E-07 0.7946E-09 0.2506    
   4      0.2010465E-07 0.1373E-08  0.2092278E-07 0.6877E-09 0.3140    
   5      0.2297267E-07 0.1374E-08  0.2139937E-07 0.6150E-09 0.7217    
   6      0.2119526E-07 0.1375E-08  0.2136568E-07 0.5613E-09 0.5822    
   7      0.2152619E-07 0.1373E-08  0.2138909E-07 0.5196E-09 0.4857    
   8      0.2150772E-07 0.1375E-08  0.2140413E-07 0.4860E-09 0.4164    
   9      0.2220736E-07 0.1374E-08  0.2149979E-07 0.4582E-09 0.4014    
  10      0.2065031E-07 0.1376E-08  0.2142064E-07 0.4347E-09 0.3953    
  11      0.2070359E-07 0.1376E-08  0.2135923E-07 0.4145E-09 0.3812    
  12      0.1955155E-07 0.1374E-08  0.2123070E-07 0.3969E-09 0.4757    
  13      0.2236952E-07 0.1377E-08  0.2132730E-07 0.3814E-09 0.4899    
  14      0.2020334E-07 0.1376E-08  0.2125444E-07 0.3675E-09 0.4990    
  15      0.2167682E-07 0.1374E-08  0.2128385E-07 0.3550E-09 0.4685    
  16      0.2296185E-07 0.1375E-08  0.2140529E-07 0.3438E-09 0.5393    
  17      0.2167132E-07 0.1376E-08  0.2142139E-07 0.3335E-09 0.5069    
  18      0.2115778E-07 0.1375E-08  0.2140701E-07 0.3241E-09 0.4796    
  19      0.2228894E-07 0.1377E-08  0.2145727E-07 0.3155E-09 0.4742    
  20      0.2345873E-07 0.1375E-08  0.2157636E-07 0.3075E-09 0.5695    
  21      0.2237014E-07 0.1375E-08  0.2161712E-07 0.3001E-09 0.5560    
  22      0.2530678E-07 0.1376E-08  0.2184423E-07 0.2932E-09 0.9561    
  23      0.2240726E-07 0.1375E-08  0.2187020E-07 0.2867E-09 0.9179    
  24      0.2038040E-07 0.1377E-08  0.2181561E-07 0.2807E-09 0.9257    
  25      0.2111604E-07 0.1375E-08  0.2178906E-07 0.2750E-09 0.8989    
  26      0.2262047E-07 0.1375E-08  0.2182377E-07 0.2697E-09 0.8752    
  27      0.2293041E-07 0.1375E-08  0.2186925E-07 0.2647E-09 0.8645    
  28      0.2167410E-07 0.1373E-08  0.2186232E-07 0.2599E-09 0.8334    
  29      0.2128553E-07 0.1374E-08  0.2184323E-07 0.2554E-09 0.8107    
  30      0.1999556E-07 0.1374E-08  0.2179081E-07 0.2511E-09 0.8383    
   
   
 [1;32mIntegral Plus:   2.1790807009831489E-008 [0m+-   2.5105352399315376E-010
 with chisq    =  0.83830053300403684     
  
  
  
 [1;32mFor xq =         2500 [0m
  
 RM48 INITIALIZED:        40           0         0



 INPUT PARAMETERS FOR VEGAS:  NDIM=  4  NCALL=  192119202.
                              IT=    0  ITMX=   15
                              MDS= -1   ND=  33
   1      0.9334949E-08 0.4524E-08  0.9334949E-08 0.4524E-08  0.000    
   2      0.9851893E-08 0.2053E-08  0.9771257E-08 0.1837E-08 0.1043E-01
   3      0.1163809E-07 0.1860E-08  0.1087097E-07 0.1266E-08 0.2675    
   4      0.1140334E-07 0.1828E-08  0.1106757E-07 0.1033E-08 0.1896    
   5      0.1056793E-07 0.1823E-08  0.1094676E-07 0.8990E-09 0.1566    
   6      0.8261427E-08 0.1828E-08  0.1060251E-07 0.8115E-09 0.3787    
   7      0.9979022E-08 0.1830E-08  0.1050448E-07 0.7423E-09 0.3335    
   8      0.9521740E-08 0.1833E-08  0.1038178E-07 0.6887E-09 0.3224    
   9      0.6792501E-08 0.1830E-08  0.1016658E-07 0.6471E-09 0.5172    
  10      0.9664369E-08 0.1866E-08  0.1011408E-07 0.6114E-09 0.4681    
  11      0.8220613E-08 0.1876E-08  0.9982295E-08 0.5818E-09 0.5015    
  12      0.1363294E-07 0.1904E-08  0.1055465E-07 0.5558E-09 0.9396    
  13      0.1275724E-07 0.1914E-08  0.1081788E-07 0.5337E-09 0.9720    
  14      0.1000031E-07 0.1898E-08  0.1076102E-07 0.5138E-09 0.9134    
  15      0.1118165E-07 0.1893E-08  0.1079482E-07 0.4957E-09 0.8416    



 INPUT PARAMETERS FOR VEGAS:  NDIM=  4  NCALL= 1919025152.
                              IT=    0  ITMX=   30
                              MDS= -1   ND=  44
   1      0.1024513E-07 0.5901E-09  0.1024513E-07 0.5901E-09  0.000    
   2      0.9983570E-08 0.5890E-09  0.1011749E-07 0.4169E-09 0.9837E-01
   3      0.9097309E-08 0.5884E-09  0.9822887E-08 0.3402E-09 0.9761    
   4      0.1064138E-07 0.5887E-09  0.1005450E-07 0.2945E-09  1.145    
   5      0.9367103E-08 0.5891E-09  0.9931028E-08 0.2634E-09  1.131    
   6      0.9635092E-08 0.5892E-09  0.9883780E-08 0.2405E-09 0.9531    
   7      0.9687857E-08 0.5882E-09  0.9856471E-08 0.2226E-09 0.8133    
   8      0.9769466E-08 0.5879E-09  0.9845658E-08 0.2082E-09 0.7007    
   9      0.1043688E-07 0.5892E-09  0.9918821E-08 0.1963E-09 0.7273    
  10      0.1048047E-07 0.5898E-09  0.9981011E-08 0.1863E-09 0.7381    
  11      0.1014507E-07 0.5884E-09  0.9996500E-08 0.1776E-09 0.6691    
  12      0.1027915E-07 0.5887E-09  0.1002145E-07 0.1700E-09 0.6253    
  13      0.9811176E-08 0.5892E-09  0.1000582E-07 0.1633E-09 0.5842    
  14      0.9645244E-08 0.5891E-09  0.9981651E-08 0.1574E-09 0.5671    
  15      0.9160177E-08 0.5887E-09  0.9934753E-08 0.1521E-09 0.6442    
  16      0.1083447E-07 0.5900E-09  0.1000102E-07 0.1473E-09 0.7638    
  17      0.9384721E-08 0.5887E-09  0.9968617E-08 0.1429E-09 0.7788    
  18      0.9020148E-08 0.5890E-09  0.9924716E-08 0.1388E-09 0.8614    
  19      0.9619216E-08 0.5903E-09  0.9909502E-08 0.1351E-09 0.8292    
  20      0.9596662E-08 0.5884E-09  0.9894641E-08 0.1317E-09 0.8012    
  21      0.1041024E-07 0.5892E-09  0.9921873E-08 0.1285E-09 0.7972    
  22      0.9415238E-08 0.5901E-09  0.9900953E-08 0.1256E-09 0.7931    
  23      0.9914637E-08 0.5899E-09  0.9901552E-08 0.1228E-09 0.7567    
  24      0.1070606E-07 0.5890E-09  0.9940767E-08 0.1203E-09 0.8087    
  25      0.1045132E-07 0.5892E-09  0.9963412E-08 0.1178E-09 0.8046    
  26      0.9917173E-08 0.5887E-09  0.9961633E-08 0.1155E-09 0.7727    
  27      0.9423241E-08 0.5887E-09  0.9943563E-08 0.1134E-09 0.7739    
  28      0.1022643E-07 0.5884E-09  0.9954330E-08 0.1113E-09 0.7522    
  29      0.1073720E-07 0.5889E-09  0.9985809E-08 0.1094E-09 0.7917    
  30      0.1042267E-07 0.5891E-09  0.1000174E-07 0.1075E-09 0.7819    
   
   
 [1;32mIntegral Plus:   1.0001743690709359E-008 [0m+-   1.0754566723522697E-010
 with chisq    =  0.78186299745710297     
  
  
  
 [1;32mFor xq =         2800 [0m
  
 RM48 INITIALIZED:        40           0         0



 INPUT PARAMETERS FOR VEGAS:  NDIM=  4  NCALL=  192119202.
                              IT=    0  ITMX=   15
                              MDS= -1   ND=  33
   1      0.4429099E-08 0.1967E-08  0.4429099E-08 0.1967E-08  0.000    
   2      0.4977320E-08 0.8921E-09  0.4900560E-08 0.7831E-09 0.5901E-01
   3      0.5237979E-08 0.8209E-09  0.5079192E-08 0.5579E-09 0.7291E-01
   4      0.5861631E-08 0.8183E-09  0.5392298E-08 0.4550E-09 0.2804    
   5      0.3579894E-08 0.8088E-09  0.5152085E-08 0.4013E-09 0.8209    
   6      0.5031674E-08 0.8067E-09  0.5126995E-08 0.3589E-09 0.6536    
   7      0.5506130E-08 0.8057E-09  0.5202858E-08 0.3269E-09 0.5610    
   8      0.5139010E-08 0.8096E-09  0.5193459E-08 0.3030E-09 0.4781    
   9      0.4637116E-08 0.8128E-09  0.5134329E-08 0.2841E-09 0.4707    
  10      0.5322907E-08 0.8218E-09  0.5157049E-08 0.2684E-09 0.4182    
  11      0.4830327E-08 0.8248E-09  0.5127752E-08 0.2553E-09 0.3922    
  12      0.3338632E-08 0.8328E-09  0.5055617E-08 0.2443E-09 0.5625    
  13      0.4261863E-08 0.8492E-09  0.5008440E-08 0.2347E-09 0.5784    
  14      0.3002856E-08 0.8407E-09  0.4949821E-08 0.2261E-09 0.7301    
  15      0.5483026E-08 0.8460E-09  0.4996618E-08 0.2185E-09 0.6967    



 INPUT PARAMETERS FOR VEGAS:  NDIM=  4  NCALL= 1919025152.
                              IT=    0  ITMX=   30
                              MDS= -1   ND=  44
   1      0.4986595E-08 0.2646E-09  0.4986595E-08 0.2646E-09  0.000    
   2      0.4779202E-08 0.2642E-09  0.4887129E-08 0.1869E-09 0.3072    
   3      0.4957630E-08 0.2645E-09  0.4911085E-08 0.1527E-09 0.1760    
   4      0.5071822E-08 0.2646E-09  0.4953227E-08 0.1322E-09 0.2106    
   5      0.4739140E-08 0.2640E-09  0.4913199E-08 0.1182E-09 0.2852    
   6      0.4621473E-08 0.2641E-09  0.4869191E-08 0.1079E-09 0.4198    
   7      0.4636950E-08 0.2638E-09  0.4838504E-08 0.9989E-10 0.4577    
   8      0.4792539E-08 0.2644E-09  0.4832843E-08 0.9344E-10 0.3968    
   9      0.4491672E-08 0.2643E-09  0.4799500E-08 0.8810E-10 0.5178    
  10      0.5312852E-08 0.2642E-09  0.4861271E-08 0.8357E-10 0.8936    
  11      0.4956226E-08 0.2642E-09  0.4870270E-08 0.7968E-10 0.8130    
  12      0.4928630E-08 0.2642E-09  0.4875272E-08 0.7629E-10 0.7414    
  13      0.4839965E-08 0.2640E-09  0.4872572E-08 0.7329E-10 0.6815    
  14      0.5360962E-08 0.2641E-09  0.4914431E-08 0.7062E-10 0.9077    
  15      0.4651504E-08 0.2641E-09  0.4898497E-08 0.6822E-10 0.9088    
  16      0.4885287E-08 0.2638E-09  0.4897667E-08 0.6605E-10 0.8483    
  17      0.4562410E-08 0.2640E-09  0.4880290E-08 0.6408E-10 0.8853    
  18      0.4521004E-08 0.2639E-09  0.4862876E-08 0.6227E-10 0.9299    
  19      0.5210179E-08 0.2639E-09  0.4883880E-08 0.6060E-10 0.9747    
  20      0.4355543E-08 0.2643E-09  0.4862506E-08 0.5907E-10  1.096    
  21      0.4671659E-08 0.2641E-09  0.4854006E-08 0.5764E-10  1.068    
  22      0.4700806E-08 0.2642E-09  0.4847403E-08 0.5632E-10  1.034    
  23      0.5021643E-08 0.2644E-09  0.4855560E-08 0.5508E-10  1.004    
  24      0.4783737E-08 0.2638E-09  0.4852619E-08 0.5392E-10 0.9642    
  25      0.4867834E-08 0.2641E-09  0.4853236E-08 0.5283E-10 0.9236    
  26      0.4954095E-08 0.2640E-09  0.4857306E-08 0.5180E-10 0.8908    
  27      0.5138423E-08 0.2640E-09  0.4869003E-08 0.5083E-10 0.8995    
  28      0.4705659E-08 0.2641E-09  0.4863500E-08 0.4992E-10 0.8809    
  29      0.4706470E-08 0.2641E-09  0.4858378E-08 0.4905E-10 0.8626    
  30      0.4590988E-08 0.2639E-09  0.4850317E-08 0.4822E-10 0.8667    
   
   
 [1;32mIntegral Plus:   4.8503172266849175E-009 [0m+-   4.8223540904792595E-011
 with chisq    =  0.86668211178394472     
  
  
  
 [1;32mFor xq =         3100 [0m
  
 RM48 INITIALIZED:        40           0         0



 INPUT PARAMETERS FOR VEGAS:  NDIM=  4  NCALL=  192119202.
                              IT=    0  ITMX=   15
                              MDS= -1   ND=  33
   1      0.2299369E-08 0.8766E-09  0.2299369E-08 0.8766E-09  0.000    
   2      0.2318188E-08 0.4042E-09  0.2314932E-08 0.3661E-09 0.3780E-03
   3      0.2960453E-08 0.3754E-09  0.2708630E-08 0.2520E-09 0.7807    
   4      0.2381581E-08 0.3710E-09  0.2614493E-08 0.2094E-09 0.7039    
   5      0.1644358E-08 0.3683E-09  0.2495923E-08 0.1846E-09  1.336    
   6      0.2385481E-08 0.3689E-09  0.2473381E-08 0.1650E-09  1.079    
   7      0.2652139E-08 0.3710E-09  0.2509056E-08 0.1504E-09 0.9048    
   8      0.2563560E-08 0.3695E-09  0.2517682E-08 0.1391E-09 0.7656    
   9      0.2531975E-08 0.3712E-09  0.2519578E-08 0.1302E-09 0.6635    
  10      0.2260886E-08 0.3737E-09  0.2495131E-08 0.1230E-09 0.6402    
  11      0.2878747E-08 0.3768E-09  0.2545373E-08 0.1168E-09 0.6780    
  12      0.2699843E-08 0.3805E-09  0.2561055E-08 0.1117E-09 0.6222    
  13      0.2535853E-08 0.3849E-09  0.2559027E-08 0.1072E-09 0.5690    
  14      0.1715020E-08 0.3854E-09  0.2529141E-08 0.1033E-09 0.7210    
  15      0.2359798E-08 0.3962E-09  0.2519037E-08 0.9997E-10 0.6840    



 INPUT PARAMETERS FOR VEGAS:  NDIM=  4  NCALL= 1919025152.
                              IT=    0  ITMX=   30
                              MDS= -1   ND=  44
   1      0.2410378E-08 0.1218E-09  0.2410378E-08 0.1218E-09  0.000    
   2      0.2340219E-08 0.1216E-09  0.2376288E-08 0.8606E-10 0.1660    
   3      0.2289399E-08 0.1217E-09  0.2348728E-08 0.7026E-10 0.2507    
   4      0.2580978E-08 0.1218E-09  0.2415390E-08 0.6086E-10  1.152    
   5      0.2338085E-08 0.1217E-09  0.2400639E-08 0.5443E-10 0.9520    
   6      0.2327027E-08 0.1217E-09  0.2388942E-08 0.4969E-10 0.8274    
   7      0.2462821E-08 0.1214E-09  0.2400153E-08 0.4599E-10 0.7382    
   8      0.2405863E-08 0.1217E-09  0.2400872E-08 0.4302E-10 0.6323    
   9      0.2500673E-08 0.1217E-09  0.2412833E-08 0.4056E-10 0.6276    
  10      0.2318026E-08 0.1215E-09  0.2403961E-08 0.3847E-10 0.6192    
  11      0.2353372E-08 0.1216E-09  0.2399519E-08 0.3668E-10 0.5745    
  12      0.2310132E-08 0.1217E-09  0.2392554E-08 0.3512E-10 0.5676    
  13      0.2510541E-08 0.1215E-09  0.2402535E-08 0.3374E-10 0.5950    
  14      0.2478511E-08 0.1218E-09  0.2408296E-08 0.3251E-10 0.5760    
  15      0.2373712E-08 0.1217E-09  0.2406044E-08 0.3141E-10 0.5410    
  16      0.2348505E-08 0.1217E-09  0.2402597E-08 0.3042E-10 0.5198    
  17      0.2530086E-08 0.1216E-09  0.2410894E-08 0.2951E-10 0.5550    
  18      0.2307453E-08 0.1218E-09  0.2405596E-08 0.2868E-10 0.5619    
  19      0.2305138E-08 0.1218E-09  0.2400708E-08 0.2791E-10 0.5662    
  20      0.2590982E-08 0.1217E-09  0.2411730E-08 0.2721E-10 0.6724    
  21      0.2371195E-08 0.1218E-09  0.2409855E-08 0.2655E-10 0.6448    
  22      0.2478048E-08 0.1216E-09  0.2413141E-08 0.2594E-10 0.6274    
  23      0.2513697E-08 0.1217E-09  0.2417886E-08 0.2537E-10 0.6287    
  24      0.2568712E-08 0.1218E-09  0.2424956E-08 0.2484E-10 0.6696    
  25      0.2393452E-08 0.1217E-09  0.2423722E-08 0.2434E-10 0.6449    
  26      0.2281862E-08 0.1219E-09  0.2418859E-08 0.2387E-10 0.6685    
  27      0.2414745E-08 0.1215E-09  0.2418706E-08 0.2342E-10 0.6428    
  28      0.2352407E-08 0.1217E-09  0.2416451E-08 0.2300E-10 0.6302    
  29      0.2374839E-08 0.1215E-09  0.2415054E-08 0.2260E-10 0.6123    
  30      0.2445198E-08 0.1216E-09  0.2416088E-08 0.2222E-10 0.5927    
   
   
 [1;32mIntegral Plus:   2.4160879568973089E-009 [0m+-   2.2215396780324776E-011
 with chisq    =  0.59266211689985004     
  
  
  
 [1;32mFor xq =         3400 [0m
  
 RM48 INITIALIZED:        40           0         0



 INPUT PARAMETERS FOR VEGAS:  NDIM=  4  NCALL=  192119202.
                              IT=    0  ITMX=   15
                              MDS= -1   ND=  33
   1      0.1267971E-08 0.4013E-09  0.1267971E-08 0.4013E-09  0.000    
   2      0.1116879E-08 0.1857E-09  0.1149562E-08 0.1759E-09 0.1251    
   3      0.8893879E-09 0.1755E-09  0.1056520E-08 0.1301E-09 0.5331    
   4      0.1234107E-08 0.1729E-09  0.1130200E-08 0.1026E-09 0.5767    
   5      0.1472664E-08 0.1723E-09  0.1257986E-08 0.8656E-10  1.296    
   6      0.1447647E-08 0.1720E-09  0.1308340E-08 0.7678E-10  1.206    
   7      0.1693406E-08 0.1730E-09  0.1410157E-08 0.6962E-10  1.891    
   8      0.1333310E-08 0.1746E-09  0.1399506E-08 0.6466E-10  1.642    
   9      0.1227615E-08 0.1761E-09  0.1381712E-08 0.6074E-10  1.553    
  10      0.1068173E-08 0.1768E-09  0.1359083E-08 0.5750E-10  1.651    
  11      0.1210314E-08 0.1780E-09  0.1346623E-08 0.5472E-10  1.559    
  12      0.1524491E-08 0.1795E-09  0.1367173E-08 0.5233E-10  1.479    
  13      0.1165778E-08 0.1818E-09  0.1354732E-08 0.5028E-10  1.455    
  14      0.9726594E-09 0.1788E-09  0.1338468E-08 0.4843E-10  1.581    
  15      0.1217433E-08 0.1819E-09  0.1331137E-08 0.4680E-10  1.504    



 INPUT PARAMETERS FOR VEGAS:  NDIM=  4  NCALL= 1919025152.
                              IT=    0  ITMX=   30
                              MDS= -1   ND=  44
   1      0.1208843E-08 0.5619E-10  0.1208843E-08 0.5619E-10  0.000    
   2      0.1309761E-08 0.5618E-10  0.1263351E-08 0.3973E-10  1.603    
   3      0.1168363E-08 0.5619E-10  0.1234807E-08 0.3244E-10  1.742    
   4      0.1276334E-08 0.5614E-10  0.1245784E-08 0.2809E-10  1.281    
   5      0.1148290E-08 0.5611E-10  0.1228588E-08 0.2512E-10  1.537    
   6      0.1324488E-08 0.5621E-10  0.1246766E-08 0.2293E-10  1.733    
   7      0.1360495E-08 0.5622E-10  0.1265715E-08 0.2123E-10  2.067    
   8      0.1261741E-08 0.5624E-10  0.1265217E-08 0.1987E-10  1.772    
   9      0.1301910E-08 0.5622E-10  0.1269538E-08 0.1873E-10  1.588    
  10      0.1287547E-08 0.5622E-10  0.1271397E-08 0.1777E-10  1.417    
  11      0.1255790E-08 0.5617E-10  0.1269999E-08 0.1694E-10  1.284    
  12      0.1213826E-08 0.5612E-10  0.1265653E-08 0.1622E-10  1.253    
  13      0.1147946E-08 0.5612E-10  0.1258035E-08 0.1558E-10  1.452    
  14      0.1202353E-08 0.5618E-10  0.1254351E-08 0.1501E-10  1.413    
  15      0.1312372E-08 0.5615E-10  0.1258594E-08 0.1451E-10  1.381    
  16      0.1330552E-08 0.5622E-10  0.1263613E-08 0.1405E-10  1.392    
  17      0.1155556E-08 0.5605E-10  0.1258182E-08 0.1362E-10  1.505    
  18      0.1187063E-08 0.5605E-10  0.1254599E-08 0.1324E-10  1.506    
  19      0.1299169E-08 0.5619E-10  0.1257124E-08 0.1289E-10  1.452    
  20      0.1351946E-08 0.5632E-10  0.1262580E-08 0.1256E-10  1.526    
  21      0.1278545E-08 0.5620E-10  0.1263365E-08 0.1226E-10  1.452    
  22      0.1244229E-08 0.5615E-10  0.1262513E-08 0.1198E-10  1.389    
  23      0.1353989E-08 0.5616E-10  0.1267095E-08 0.1171E-10  1.449    
  24      0.1218704E-08 0.5619E-10  0.1265209E-08 0.1147E-10  1.419    
  25      0.1226044E-08 0.5613E-10  0.1263721E-08 0.1124E-10  1.381    
  26      0.1244866E-08 0.5611E-10  0.1263009E-08 0.1102E-10  1.331    
  27      0.1144550E-08 0.5621E-10  0.1259360E-08 0.1081E-10  1.426    
  28      0.1221434E-08 0.5616E-10  0.1258073E-08 0.1062E-10  1.391    
  29      0.1274658E-08 0.5614E-10  0.1258664E-08 0.1043E-10  1.343    
  30      0.1203500E-08 0.5611E-10  0.1256962E-08 0.1026E-10  1.330    
   
   
 [1;32mIntegral Plus:   1.2569620331849592E-009 [0m+-   1.0255427508385790E-011
 with chisq    =   1.3299828885985949     
  
  
  
 [1;32mFor xq =         3700 [0m
  
 RM48 INITIALIZED:        40           0         0



 INPUT PARAMETERS FOR VEGAS:  NDIM=  4  NCALL=  192119202.
                              IT=    0  ITMX=   15
                              MDS= -1   ND=  33
   1      0.5128530E-09 0.1863E-09  0.5128530E-09 0.1863E-09  0.000    
   2      0.6264632E-09 0.8751E-10  0.6118261E-09 0.7464E-10 0.2601    
   3      0.6324781E-09 0.8263E-10  0.6221310E-09 0.5474E-10 0.1389    
   4      0.6484672E-09 0.8159E-10  0.6313427E-09 0.4520E-10 0.1140    
   5      0.6773665E-09 0.8095E-10  0.6442004E-09 0.3930E-10 0.1506    
   6      0.6628792E-09 0.8111E-10  0.6481313E-09 0.3531E-10 0.1271    
   7      0.5791117E-09 0.8162E-10  0.6386837E-09 0.3244E-10 0.1974    
   8      0.5939534E-09 0.8206E-10  0.6331053E-09 0.3019E-10 0.2053    
   9      0.7700255E-09 0.8236E-10  0.6566878E-09 0.2829E-10 0.5869    
  10      0.5778614E-09 0.8286E-10  0.6497952E-09 0.2678E-10 0.6079    
  11      0.6114873E-09 0.8484E-10  0.6465230E-09 0.2554E-10 0.5678    
  12      0.6830781E-09 0.8467E-10  0.6500570E-09 0.2445E-10 0.5265    
  13      0.6665267E-09 0.8485E-10  0.6514400E-09 0.2350E-10 0.4819    
  14      0.6776145E-09 0.8509E-10  0.6535192E-09 0.2265E-10 0.4482    
  15      0.6497191E-09 0.8599E-10  0.6532656E-09 0.2190E-10 0.4155    



 INPUT PARAMETERS FOR VEGAS:  NDIM=  4  NCALL= 1919025152.
                              IT=    0  ITMX=   30
                              MDS= -1   ND=  44
   1      0.6540746E-09 0.2686E-10  0.6540746E-09 0.2686E-10  0.000    
   2      0.6383966E-09 0.2690E-10  0.6464364E-09 0.1901E-10 0.1700    
   3      0.6453654E-09 0.2685E-10  0.6460797E-09 0.1551E-10 0.8562E-01
   4      0.6477639E-09 0.2690E-10  0.6465018E-09 0.1344E-10 0.5798E-01
   5      0.6105287E-09 0.2687E-10  0.6399414E-09 0.1202E-10 0.3783    
   6      0.6399026E-09 0.2687E-10  0.6399349E-09 0.1097E-10 0.3026    
   7      0.6732642E-09 0.2686E-10  0.6451368E-09 0.1016E-10 0.4847    
   8      0.5947360E-09 0.2688E-10  0.6396703E-09 0.9501E-11 0.8120    
   9      0.6427075E-09 0.2687E-10  0.6400119E-09 0.8958E-11 0.7109    
  10      0.6605781E-09 0.2691E-10  0.6421893E-09 0.8499E-11 0.6891    
  11      0.6093501E-09 0.2690E-10  0.6394731E-09 0.8104E-11 0.7503    
  12      0.6658022E-09 0.2693E-10  0.6418347E-09 0.7761E-11 0.7626    
  13      0.5728306E-09 0.2684E-10  0.6375095E-09 0.7455E-11  1.129    
  14      0.6667252E-09 0.2681E-10  0.6397999E-09 0.7183E-11  1.127    
  15      0.6255636E-09 0.2686E-10  0.6388841E-09 0.6939E-11  1.067    
  16      0.5948212E-09 0.2688E-10  0.6364654E-09 0.6719E-11  1.153    
  17      0.6038976E-09 0.2685E-10  0.6347172E-09 0.6518E-11  1.166    
  18      0.5920414E-09 0.2683E-10  0.6326202E-09 0.6334E-11  1.230    
  19      0.6370391E-09 0.2686E-10  0.6328575E-09 0.6165E-11  1.162    
  20      0.6180106E-09 0.2685E-10  0.6321430E-09 0.6008E-11  1.118    
  21      0.6339968E-09 0.2686E-10  0.6322323E-09 0.5863E-11  1.061    
  22      0.6382536E-09 0.2689E-10  0.6325120E-09 0.5729E-11  1.012    
  23      0.6241448E-09 0.2687E-10  0.6321556E-09 0.5603E-11 0.9711    
  24      0.5889037E-09 0.2684E-10  0.6305717E-09 0.5485E-11  1.029    
  25      0.6378911E-09 0.2686E-10  0.6308728E-09 0.5374E-11 0.9883    
  26      0.6306031E-09 0.2686E-10  0.6308624E-09 0.5269E-11 0.9486    
  27      0.6322112E-09 0.2686E-10  0.6309128E-09 0.5171E-11 0.9119    
  28      0.6468094E-09 0.2687E-10  0.6315113E-09 0.5078E-11 0.8895    
  29      0.6526976E-09 0.2684E-10  0.6322953E-09 0.4989E-11 0.8785    
  30      0.6521018E-09 0.2680E-10  0.6330024E-09 0.4905E-11 0.8656    
   
   
 [1;32mIntegral Plus:   6.3300236258724668E-010 [0m+-   4.9048218155912571E-012
 with chisq    =  0.86564723035691449     
  
  
  
 [1;32mFor xq =         4000 [0m
  
 RM48 INITIALIZED:        40           0         0



 INPUT PARAMETERS FOR VEGAS:  NDIM=  4  NCALL=  192119202.
                              IT=    0  ITMX=   15
                              MDS= -1   ND=  33
   1      0.3414954E-09 0.8703E-10  0.3414954E-09 0.8703E-10  0.000    
   2      0.2978269E-09 0.4113E-10  0.3077379E-09 0.3890E-10 0.2211    
   3      0.3105874E-09 0.3899E-10  0.3091151E-09 0.2768E-10 0.1141    
   4      0.3840619E-09 0.3860E-10  0.3413295E-09 0.2209E-10  1.009    
   5      0.4000038E-09 0.3871E-10  0.3599181E-09 0.1901E-10  1.213    
   6      0.2754502E-09 0.3860E-10  0.3488336E-09 0.1716E-10  1.588    
   7      0.3409496E-09 0.3905E-10  0.3475390E-09 0.1571E-10  1.326    
   8      0.3633517E-09 0.3913E-10  0.3500159E-09 0.1456E-10  1.137    
   9      0.2932128E-09 0.3949E-10  0.3448434E-09 0.1368E-10  1.203    
  10      0.3121420E-09 0.3980E-10  0.3418273E-09 0.1294E-10  1.144    
  11      0.3068819E-09 0.3987E-10  0.3389768E-09 0.1231E-10  1.105    
  12      0.2449337E-09 0.4042E-10  0.3344515E-09 0.1178E-10  1.310    
  13      0.3227824E-09 0.4075E-10  0.3335649E-09 0.1132E-10  1.208    
  14      0.3715207E-09 0.4038E-10  0.3370949E-09 0.1090E-10  1.170    
  15      0.4470291E-09 0.4052E-10  0.3500570E-09 0.1052E-10  1.840    



 INPUT PARAMETERS FOR VEGAS:  NDIM=  4  NCALL= 1919025152.
                              IT=    0  ITMX=   30
                              MDS= -1   ND=  44
   1      0.3199377E-09 0.1275E-10  0.3199377E-09 0.1275E-10  0.000    
   2      0.3327338E-09 0.1272E-10  0.3266026E-09 0.9005E-11 0.5039    
   3      0.3176489E-09 0.1273E-10  0.3237232E-09 0.7352E-11 0.4183    
   4      0.3506145E-09 0.1272E-10  0.3312984E-09 0.6365E-11  1.471    
   5      0.3098323E-09 0.1271E-10  0.3274224E-09 0.5692E-11  1.657    
   6      0.3162139E-09 0.1273E-10  0.3256514E-09 0.5196E-11  1.463    
   7      0.3273268E-09 0.1275E-10  0.3258933E-09 0.4811E-11  1.219    
   8      0.2951487E-09 0.1271E-10  0.3226483E-09 0.4500E-11  1.698    
   9      0.3397266E-09 0.1273E-10  0.3247398E-09 0.4243E-11  1.684    
  10      0.3405569E-09 0.1273E-10  0.3264718E-09 0.4025E-11  1.649    
  11      0.3212153E-09 0.1274E-10  0.3260058E-09 0.3838E-11  1.502    
  12      0.3275951E-09 0.1273E-10  0.3261403E-09 0.3675E-11  1.365    
  13      0.3302203E-09 0.1273E-10  0.3264633E-09 0.3530E-11  1.257    
  14      0.3160295E-09 0.1273E-10  0.3257579E-09 0.3402E-11  1.210    
  15      0.3202130E-09 0.1271E-10  0.3253972E-09 0.3286E-11  1.138    
  16      0.3488153E-09 0.1272E-10  0.3270724E-09 0.3182E-11  1.292    
  17      0.3181444E-09 0.1271E-10  0.3265702E-09 0.3087E-11  1.243    
  18      0.3070043E-09 0.1272E-10  0.3255975E-09 0.3000E-11  1.295    
  19      0.3364997E-09 0.1275E-10  0.3262093E-09 0.2920E-11  1.259    
  20      0.3283578E-09 0.1274E-10  0.3263184E-09 0.2846E-11  1.193    
  21      0.3455446E-09 0.1274E-10  0.3273430E-09 0.2778E-11  1.248    
  22      0.3452572E-09 0.1274E-10  0.3282477E-09 0.2714E-11  1.281    
  23      0.3265251E-09 0.1275E-10  0.3281734E-09 0.2654E-11  1.224    
  24      0.3406885E-09 0.1273E-10  0.3287366E-09 0.2599E-11  1.210    
  25      0.3190462E-09 0.1270E-10  0.3283668E-09 0.2546E-11  1.185    
  26      0.3332037E-09 0.1274E-10  0.3285588E-09 0.2496E-11  1.141    
  27      0.2978306E-09 0.1276E-10  0.3276168E-09 0.2450E-11  1.284    
  28      0.3213689E-09 0.1272E-10  0.3274003E-09 0.2406E-11  1.247    
  29      0.3287601E-09 0.1270E-10  0.3274480E-09 0.2364E-11  1.202    
  30      0.3414978E-09 0.1272E-10  0.3279588E-09 0.2324E-11  1.201    
   
   
 [1;32mIntegral Plus:   3.2795880231745335E-010 [0m+-   2.3239338695518601E-012
 with chisq    =   1.2009923762278045     
  
  
  
 [1;32mFor xq =         4300 [0m
  
 RM48 INITIALIZED:        40           0         0



 INPUT PARAMETERS FOR VEGAS:  NDIM=  4  NCALL=  192119202.
                              IT=    0  ITMX=   15
                              MDS= -1   ND=  33
   1      0.1638163E-09 0.4122E-10  0.1638163E-09 0.4122E-10  0.000    
   2      0.1773577E-09 0.1943E-10  0.1752008E-09 0.1715E-10 0.8353E-01
   3      0.1469374E-09 0.1864E-10  0.1643100E-09 0.1285E-10 0.6188    
   4      0.1801186E-09 0.1834E-10  0.1702246E-09 0.1044E-10 0.5702    
   5      0.1519354E-09 0.1822E-10  0.1663392E-09 0.9097E-11 0.6125    
   6      0.1587684E-09 0.1830E-10  0.1649240E-09 0.8155E-11 0.5219    
   7      0.1482991E-09 0.1840E-10  0.1626144E-09 0.7471E-11 0.5450    
   8      0.1830926E-09 0.1862E-10  0.1661244E-09 0.6920E-11 0.6287    
   9      0.1537669E-09 0.1877E-10  0.1648111E-09 0.6497E-11 0.6008    
  10      0.1504226E-09 0.1897E-10  0.1635072E-09 0.6149E-11 0.5924    
  11      0.1583723E-09 0.1900E-10  0.1630401E-09 0.5851E-11 0.5417    
  12      0.1510093E-09 0.1923E-10  0.1621408E-09 0.5598E-11 0.5268    
  13      0.1595477E-09 0.1925E-10  0.1619415E-09 0.5375E-11 0.4848    
  14      0.1876428E-09 0.1984E-10  0.1642787E-09 0.5191E-11 0.5921    
  15      0.1696801E-09 0.1900E-10  0.1646840E-09 0.5007E-11 0.5524    



 INPUT PARAMETERS FOR VEGAS:  NDIM=  4  NCALL= 1919025152.
                              IT=    0  ITMX=   30
                              MDS= -1   ND=  44
   1      0.1687706E-09 0.5939E-11  0.1687706E-09 0.5939E-11  0.000    
   2      0.1697921E-09 0.5934E-11  0.1692849E-09 0.4198E-11 0.1481E-01
   3      0.1744056E-09 0.5933E-11  0.1710618E-09 0.3427E-11 0.2603    
   4      0.1581023E-09 0.5934E-11  0.1681875E-09 0.2967E-11  1.277    
   5      0.1606720E-09 0.5931E-11  0.1667856E-09 0.2654E-11  1.279    
   6      0.1656604E-09 0.5932E-11  0.1665994E-09 0.2422E-11  1.030    
   7      0.1528522E-09 0.5928E-11  0.1649001E-09 0.2243E-11  1.557    
   8      0.1565911E-09 0.5928E-11  0.1639461E-09 0.2097E-11  1.578    
   9      0.1676572E-09 0.5918E-11  0.1643791E-09 0.1977E-11  1.418    
  10      0.1639919E-09 0.5927E-11  0.1643403E-09 0.1875E-11  1.261    
  11      0.1665161E-09 0.5932E-11  0.1645436E-09 0.1788E-11  1.144    
  12      0.1672125E-09 0.5922E-11  0.1647742E-09 0.1712E-11  1.055    
  13      0.1699242E-09 0.5924E-11  0.1651957E-09 0.1645E-11  1.023    
  14      0.1713171E-09 0.5939E-11  0.1656637E-09 0.1585E-11  1.020    
  15      0.1713348E-09 0.5939E-11  0.1660665E-09 0.1531E-11  1.007    
  16      0.1621432E-09 0.5932E-11  0.1658313E-09 0.1483E-11 0.9689    
  17      0.1786692E-09 0.5928E-11  0.1667034E-09 0.1438E-11  1.215    
  18      0.1629663E-09 0.5926E-11  0.1665034E-09 0.1398E-11  1.167    
  19      0.1601517E-09 0.5943E-11  0.1661929E-09 0.1361E-11  1.163    
  20      0.1591075E-09 0.5936E-11  0.1658660E-09 0.1326E-11  1.172    
  21      0.1602092E-09 0.5943E-11  0.1656138E-09 0.1294E-11  1.158    
  22      0.1554651E-09 0.5927E-11  0.1652027E-09 0.1265E-11  1.227    
  23      0.1696457E-09 0.5917E-11  0.1654078E-09 0.1237E-11  1.194    
  24      0.1660044E-09 0.5931E-11  0.1654329E-09 0.1211E-11  1.142    
  25      0.1582345E-09 0.5931E-11  0.1651676E-09 0.1186E-11  1.153    
  26      0.1645122E-09 0.5935E-11  0.1651425E-09 0.1163E-11  1.107    
  27      0.1672483E-09 0.5934E-11  0.1652226E-09 0.1141E-11  1.068    
  28      0.1699130E-09 0.5933E-11  0.1654000E-09 0.1121E-11  1.050    
  29      0.1697085E-09 0.5929E-11  0.1655568E-09 0.1101E-11  1.030    
  30      0.1690160E-09 0.5924E-11  0.1656775E-09 0.1083E-11  1.005    
   
   
 [1;32mIntegral Plus:   1.6567754306365731E-010 [0m+-   1.0828193296742678E-012
 with chisq    =   1.0046126226211198     
  
  
  
 [1;32mFor xq =         4600 [0m
  
 RM48 INITIALIZED:        40           0         0



 INPUT PARAMETERS FOR VEGAS:  NDIM=  4  NCALL=  192119202.
                              IT=    0  ITMX=   15
                              MDS= -1   ND=  33
   1      0.4095306E-10 0.1922E-10  0.4095306E-10 0.1922E-10  0.000    
   2      0.7389273E-10 0.9114E-11  0.7176398E-10 0.7126E-11  1.292    
   3      0.8595737E-10 0.8761E-11  0.7996749E-10 0.5392E-11  1.321    
   4      0.7146683E-10 0.8630E-11  0.7748810E-10 0.4569E-11  1.107    
   5      0.9039774E-10 0.8591E-11  0.8162114E-10 0.4010E-11  1.297    
   6      0.8635190E-10 0.8640E-11  0.8268136E-10 0.3631E-11  1.041    
   7      0.7792106E-10 0.8677E-11  0.8195196E-10 0.3349E-11 0.9069    
   8      0.7661573E-10 0.8725E-11  0.8127008E-10 0.3127E-11 0.8243    
   9      0.9998655E-10 0.8859E-11  0.8453203E-10 0.2949E-11  1.394    
  10      0.8161917E-10 0.8941E-11  0.8423392E-10 0.2801E-11  1.244    
  11      0.8183522E-10 0.8984E-11  0.8401206E-10 0.2674E-11  1.122    
  12      0.8513309E-10 0.9014E-11  0.8411343E-10 0.2564E-11  1.010    
  13      0.1004944E-09 0.9057E-11  0.8593119E-10 0.2469E-11  1.250    
  14      0.9187928E-10 0.9159E-11  0.8642581E-10 0.2385E-11  1.170    
  15      0.9200076E-10 0.9115E-11  0.8685875E-10 0.2308E-11  1.100    



 INPUT PARAMETERS FOR VEGAS:  NDIM=  4  NCALL= 1919025152.
                              IT=    0  ITMX=   30
                              MDS= -1   ND=  44
   1      0.8191253E-10 0.2865E-11  0.8191253E-10 0.2865E-11  0.000    
   2      0.8465349E-10 0.2859E-11  0.8333123E-10 0.2024E-11 0.4581    
   3      0.8003443E-10 0.2859E-11  0.8228878E-10 0.1652E-11 0.6657    
   4      0.8567315E-10 0.2862E-11  0.8318770E-10 0.1431E-11 0.7983    
   5      0.8299452E-10 0.2854E-11  0.8314899E-10 0.1279E-11 0.6000    
   6      0.8759271E-10 0.2863E-11  0.8395600E-10 0.1168E-11 0.9017    
   7      0.8271020E-10 0.2862E-11  0.8378231E-10 0.1081E-11 0.7808    
   8      0.8645821E-10 0.2857E-11  0.8413719E-10 0.1011E-11 0.7788    
   9      0.8671557E-10 0.2867E-11  0.8443883E-10 0.9536E-12 0.7710    
  10      0.8424554E-10 0.2860E-11  0.8441953E-10 0.9047E-12 0.6859    
  11      0.8526495E-10 0.2863E-11  0.8449783E-10 0.8626E-12 0.6241    
  12      0.8546423E-10 0.2859E-11  0.8458031E-10 0.8259E-12 0.5759    
  13      0.8192979E-10 0.2858E-11  0.8438741E-10 0.7934E-12 0.5931    
  14      0.8544145E-10 0.2859E-11  0.8446469E-10 0.7645E-12 0.5564    

