   100.00000000000000        1.0012672547213979E-002   2.1725071425794020E-004
   400.00000000000000        4.7503970927448991E-005   1.6006407792488028E-006
   700.00000000000000        4.5138822460412220E-006   1.6579245724606421E-007
   1000.0000000000000        1.0523352061607542E-006   3.4098394872854077E-008
   1300.0000000000000        3.1890741261657516E-007   9.6651876478058458E-009
   1600.0000000000000        1.1570462351680135E-007   3.2604980867626165E-009
   1900.0000000000000        5.1707993392200928E-008   1.2311581018501124E-009
   2200.0000000000000        2.2300799397547483E-008   5.0398784540914426E-010
   2500.0000000000000        1.0325435957131421E-008   2.1829348747143102E-010
   2800.0000000000000        4.8849029504409949E-009   9.7990870717674075E-011
   3100.0000000000000        2.5423753356287876E-009   4.4945151459486748E-011
   3400.0000000000000        1.2764026002425114E-009   2.1080560967627321E-011
   3700.0000000000000        6.3662954860643679E-010   1.0034550865153942E-011
   4000.0000000000000        3.2631738099922516E-010   4.7929306172141486E-012
   4300.0000000000000        1.6515943641696320E-010   2.2779384065423885E-012
   4600.0000000000000        8.7238359288638797E-011   1.0871904567966892E-012
   4900.0000000000000        4.3086745282725931E-011   5.1263067079668838E-013
 Directory not found ../summary/run_06                                                                                   
 Making new directory..
/home/niraj/OneDrive/WorkSpaceIITG/Generalfiles/integrators/DY1/DrellYan/summary/run_06
 Directory constructed successfully🤩
  
 Writing your data in ../summary/run_06/PK_Plus.dat
LHAPDF 6.5.4 loading /home/niraj/1TB-Disc/Workspace-IITG/Packages/Install/LHAPDF-6.5.4/install/share/LHAPDF/MMHT2014nlo68cl/MMHT2014nlo68cl_0000.dat
MMHT2014nlo68cl PDF set, member #0, version 3; LHAPDF ID = 25100
   
   
 ~~~~~~~~~~~~~~~~~~~~~~~~~~~~~~~~~~~~~~~~~~~~
     Calculating [+] distribution with delta 1d-7 && ALP=Al/2/pi
 ~~~~~~~~~~~~~~~~~~~~~~~~~~~~~~~~~~~~~~~~~~~~
   
 ~~~~~~~~~~~~~~~~~~~~~~~~~~~~~~~~~~~~~~~~
Using Vegas points:                   5.E+08
         Iteration:                   15
 ~~~~~~~~~~~~~~~~~~~~~~~~~~~~~~~~~~~~~~~~
  
 For xq =          100 
  
 RM48 INITIALIZED:        40           0         0



 INPUT PARAMETERS FOR VEGAS:  NDIM=  4  NCALL=  457773282.
                              IT=    0  ITMX=   15
                              MDS= -1   ND=  41
   1      0.5807838E-01 0.3028E-01  0.5807838E-01 0.3028E-01  0.000    
   2      0.3506185E-02 0.5499E-02  0.5264771E-01 0.2035E-01 0.6441    
   3      0.8413172E-02 0.2920E-02  0.2300190E-01 0.9644E-02  2.798    
   4      0.9364781E-02 0.2073E-02  0.1451621E-01 0.5198E-02  2.965    
   5      0.1038402E-01 0.1683E-02  0.1229645E-01 0.3211E-02  2.801    
   6      0.9807757E-02 0.1535E-02  0.1138635E-01 0.2365E-02  2.671    
   7      0.9361083E-02 0.1491E-02  0.1085801E-01 0.1904E-02  2.574    
   8      0.5030383E-02 0.1468E-02  0.1043783E-01 0.1721E-02  2.614    
   9      0.7933378E-02 0.1442E-02  0.1004532E-01 0.1502E-02  2.578    
  10      0.1129084E-01 0.1425E-02  0.1035096E-01 0.1258E-02  2.486    
  11      0.1049735E-01 0.1438E-02  0.1037618E-01 0.1106E-02  2.397    
  12      0.9463864E-02 0.1447E-02  0.1026530E-01 0.1003E-02  2.335    
  13      0.9815922E-02 0.1445E-02  0.1021324E-01 0.9165E-03  2.269    
  14      0.7914952E-02 0.1442E-02  0.1005155E-01 0.8576E-03  2.260    
  15      0.8532993E-02 0.1442E-02  0.9936730E-02 0.8031E-03  2.230    



 INPUT PARAMETERS FOR VEGAS:  NDIM=  4  NCALL=  664301250.
                              IT=    0  ITMX=   30
                              MDS= -1   ND=  45
   1      0.9789934E-02 0.1196E-02  0.9789934E-02 0.1196E-02  0.000    
   2      0.1104148E-01 0.1185E-02  0.1049634E-01 0.8413E-03 0.5441    
   3      0.1021645E-01 0.1199E-02  0.1040657E-01 0.6886E-03 0.2939    
   4      0.1124207E-01 0.1185E-02  0.1064418E-01 0.5952E-03 0.3213    
   5      0.1014299E-01 0.1183E-02  0.1054968E-01 0.5317E-03 0.2790    
   6      0.8630827E-02 0.1188E-02  0.1032082E-01 0.4853E-03 0.5643    
   7      0.9542203E-02 0.1195E-02  0.1022276E-01 0.4496E-03 0.5340    
   8      0.8867718E-02 0.1186E-02  0.1008800E-01 0.4204E-03 0.6043    
   9      0.1053120E-01 0.1188E-02  0.1014229E-01 0.3964E-03 0.5389    
  10      0.1240576E-01 0.1200E-02  0.1046592E-01 0.3765E-03 0.9471    
  11      0.6620103E-02 0.1189E-02  0.1031292E-01 0.3590E-03  1.339    
  12      0.9275002E-02 0.1188E-02  0.1023766E-01 0.3436E-03  1.288    
  13      0.9392563E-02 0.1189E-02  0.1017926E-01 0.3301E-03  1.226    
  14      0.9374923E-02 0.1193E-02  0.1012775E-01 0.3182E-03  1.169    
  15      0.9524027E-02 0.1181E-02  0.1008963E-01 0.3072E-03  1.107    
  16      0.8870085E-02 0.1177E-02  0.1002587E-01 0.2973E-03  1.102    
  17      0.8309831E-02 0.1199E-02  0.9953135E-02 0.2885E-03  1.140    
  18      0.7785220E-02 0.1207E-02  0.9876384E-02 0.2805E-03  1.214    
  19      0.1047657E-01 0.1186E-02  0.9913723E-02 0.2730E-03  1.151    
  20      0.8145185E-02 0.1190E-02  0.9850041E-02 0.2661E-03  1.188    
  21      0.1110802E-01 0.1180E-02  0.9930353E-02 0.2595E-03  1.180    
  22      0.9409462E-02 0.1197E-02  0.9908159E-02 0.2536E-03  1.135    
  23      0.1089955E-01 0.1188E-02  0.9962550E-02 0.2480E-03  1.109    
  24      0.9510135E-02 0.1187E-02  0.9944390E-02 0.2428E-03  1.068    
  25      0.1063723E-01 0.1199E-02  0.9976868E-02 0.2380E-03  1.031    
  26      0.9200078E-02 0.1193E-02  0.9950280E-02 0.2334E-03  1.009    
  27      0.1084153E-01 0.1196E-02  0.9990518E-02 0.2291E-03 0.9864    
  28      0.1135152E-01 0.1185E-02  0.1005589E-01 0.2249E-03  1.000    
  29      0.9279247E-02 0.1185E-02  0.1003174E-01 0.2210E-03 0.9814    
  30      0.9410206E-02 0.1191E-02  0.1001267E-01 0.2173E-03 0.9585    
   
   
 Integral Plus:   1.0012672547213979E-002 +-   2.1725071425794020E-004
 with chisq    =  0.95852707879940602     
  
  
  
 For xq =          400 
  
 RM48 INITIALIZED:        40           0         0



 INPUT PARAMETERS FOR VEGAS:  NDIM=  4  NCALL=  457773282.
                              IT=    0  ITMX=   15
                              MDS= -1   ND=  41
   1      0.6761904E-04 0.7818E-04  0.6761904E-04 0.7818E-04  0.000    
   2      0.6408212E-04 0.1835E-04  0.6428659E-04 0.1831E-04 0.2032E-02
   3      0.4182293E-04 0.1283E-04  0.5415906E-04 0.1214E-04 0.4248    
   4      0.3724897E-04 0.1136E-04  0.4886005E-04 0.9277E-05 0.5715    
   5      0.3135352E-04 0.1086E-04  0.4543677E-04 0.7746E-05 0.6955    
   6      0.4811448E-04 0.1076E-04  0.4629126E-04 0.6340E-05 0.5732    
   7      0.3832905E-04 0.1057E-04  0.4491089E-04 0.5590E-05 0.5564    
   8      0.3213741E-04 0.1046E-04  0.4349580E-04 0.5082E-05 0.6019    
   9      0.5079765E-04 0.1038E-04  0.4509710E-04 0.4533E-05 0.5723    
  10      0.3255825E-04 0.1041E-04  0.4406629E-04 0.4227E-05 0.6109    
  11      0.2525878E-04 0.1050E-04  0.4319404E-04 0.3994E-05 0.6852    
  12      0.5616957E-04 0.1055E-04  0.4559710E-04 0.3692E-05 0.7634    
  13      0.3363003E-04 0.1061E-04  0.4485981E-04 0.3513E-05 0.7812    
  14      0.4825737E-04 0.1061E-04  0.4524205E-04 0.3328E-05 0.7211    
  15      0.4419348E-04 0.1067E-04  0.4515262E-04 0.3179E-05 0.6721    



 INPUT PARAMETERS FOR VEGAS:  NDIM=  4  NCALL=  664301250.
                              IT=    0  ITMX=   30
                              MDS= -1   ND=  45
   1      0.5659069E-04 0.8739E-05  0.5659069E-04 0.8739E-05  0.000    
   2      0.3413587E-04 0.8749E-05  0.5060978E-04 0.6182E-05  2.579    
   3      0.5512063E-04 0.8743E-05  0.5246001E-04 0.5048E-05  1.237    
   4      0.4236055E-04 0.8759E-05  0.5049638E-04 0.4373E-05  1.164    
   5      0.3443876E-04 0.8824E-05  0.4869133E-04 0.3915E-05  1.386    
   6      0.4538191E-04 0.8738E-05  0.4814193E-04 0.3573E-05  1.134    
   7      0.4133855E-04 0.8918E-05  0.4734740E-04 0.3315E-05  1.042    
   8      0.4640494E-04 0.8735E-05  0.4722204E-04 0.3099E-05 0.8874    
   9      0.4502488E-04 0.8763E-05  0.4697896E-04 0.2922E-05 0.7839    
  10      0.4785323E-04 0.8756E-05  0.4707623E-04 0.2772E-05 0.6893    
  11      0.4830252E-04 0.8757E-05  0.4720106E-04 0.2643E-05 0.6151    
  12      0.4782745E-04 0.8708E-05  0.4725848E-04 0.2529E-05 0.5552    
  13      0.4503048E-04 0.8848E-05  0.4709591E-04 0.2431E-05 0.5151    
  14      0.3150395E-04 0.8774E-05  0.4654943E-04 0.2343E-05 0.6093    
  15      0.3919354E-04 0.8693E-05  0.4616425E-04 0.2262E-05 0.6124    
  16      0.6111717E-04 0.8763E-05  0.4782945E-04 0.2191E-05 0.8492    
  17      0.3382513E-04 0.8794E-05  0.4737065E-04 0.2125E-05 0.9039    
  18      0.4407820E-04 0.8737E-05  0.4719500E-04 0.2065E-05 0.8606    
  19      0.5121165E-04 0.8782E-05  0.4746228E-04 0.2010E-05 0.8144    
  20      0.5911378E-04 0.8738E-05  0.4841993E-04 0.1959E-05 0.8862    
  21      0.3139627E-04 0.8850E-05  0.4804365E-04 0.1912E-05 0.9497    
  22      0.5002554E-04 0.8741E-05  0.4815144E-04 0.1868E-05 0.8990    
  23      0.3668030E-04 0.8717E-05  0.4782377E-04 0.1827E-05 0.9215    
  24      0.5020171E-04 0.8731E-05  0.4794417E-04 0.1788E-05 0.8772    
  25      0.5100549E-04 0.8780E-05  0.4809463E-04 0.1752E-05 0.8384    
  26      0.4093367E-04 0.8718E-05  0.4787186E-04 0.1718E-05 0.8322    
  27      0.4728386E-04 0.8773E-05  0.4784871E-04 0.1686E-05 0.7983    
  28      0.4965909E-04 0.8874E-05  0.4792242E-04 0.1656E-05 0.7657    
  29      0.3980855E-04 0.8771E-05  0.4771075E-04 0.1627E-05 0.7673    
  30      0.3905633E-04 0.8883E-05  0.4750397E-04 0.1601E-05 0.7711    
   
   
 Integral Plus:   4.7503970927448991E-005 +-   1.6006407792488028E-006
 with chisq    =  0.77106636625894875     
  
  
  
 For xq =          700 
  
 RM48 INITIALIZED:        40           0         0



 INPUT PARAMETERS FOR VEGAS:  NDIM=  4  NCALL=  457773282.
                              IT=    0  ITMX=   15
                              MDS= -1   ND=  41
   1      0.3685690E-06 0.5656E-05  0.3685690E-06 0.5656E-05  0.000    
   2      0.4133898E-05 0.1555E-05  0.4131636E-05 0.1104E-05 0.6987E-02
   3      0.6637800E-05 0.1228E-05  0.6149292E-05 0.7504E-06 0.8766    
   4      0.1770016E-05 0.1148E-05  0.5879928E-05 0.6455E-06  1.627    
   5      0.4652472E-05 0.1116E-05  0.5499283E-05 0.5543E-06  1.404    
   6      0.3245951E-05 0.1094E-05  0.5193215E-05 0.4983E-06  1.681    
   7      0.4856399E-05 0.1095E-05  0.5114776E-05 0.4507E-06  1.330    
   8      0.4436414E-05 0.1086E-05  0.5002924E-05 0.4156E-06  1.172    
   9      0.4591798E-05 0.1072E-05  0.4939840E-05 0.3868E-06  1.021    
  10      0.3273613E-05 0.1091E-05  0.4823063E-05 0.3654E-06  1.096    
  11      0.3138323E-05 0.1078E-05  0.4718836E-05 0.3470E-06  1.163    
  12      0.6516096E-05 0.1086E-05  0.5092895E-05 0.3284E-06  1.383    
  13      0.3055133E-05 0.1092E-05  0.5004710E-05 0.3150E-06  1.463    
  14      0.4778191E-05 0.1104E-05  0.4983442E-05 0.3027E-06  1.329    
  15      0.4035821E-05 0.1106E-05  0.4924152E-05 0.2920E-06  1.287    



 INPUT PARAMETERS FOR VEGAS:  NDIM=  4  NCALL=  664301250.
                              IT=    0  ITMX=   30
                              MDS= -1   ND=  45
   1      0.4937721E-05 0.9076E-06  0.4937721E-05 0.9076E-06  0.000    
   2      0.4532043E-05 0.9070E-06  0.4752093E-05 0.6415E-06 0.9924E-01
   3      0.4027072E-05 0.9077E-06  0.4559901E-05 0.5239E-06 0.2413    
   4      0.4563820E-05 0.9075E-06  0.4560897E-05 0.4537E-06 0.1600    
   5      0.3795191E-05 0.9120E-06  0.4447439E-05 0.4061E-06 0.2397    
   6      0.3847135E-05 0.9073E-06  0.4367394E-05 0.3707E-06 0.2601    
   7      0.3699847E-05 0.9091E-06  0.4294372E-05 0.3432E-06 0.2866    
   8      0.2998555E-05 0.9080E-06  0.4207312E-05 0.3211E-06 0.4077    
   9      0.5051172E-05 0.9082E-06  0.4342401E-05 0.3027E-06 0.4677    
  10      0.4332804E-05 0.9054E-06  0.4341384E-05 0.2871E-06 0.4133    
  11      0.4062537E-05 0.9059E-06  0.4317649E-05 0.2737E-06 0.3825    
  12      0.5126414E-05 0.9082E-06  0.4413754E-05 0.2620E-06 0.4249    
  13      0.4741794E-05 0.9146E-06  0.4443642E-05 0.2519E-06 0.3947    
  14      0.4511508E-05 0.9095E-06  0.4448867E-05 0.2428E-06 0.3625    
  15      0.4262419E-05 0.9084E-06  0.4436850E-05 0.2346E-06 0.3401    
  16      0.3218082E-05 0.9250E-06  0.4395143E-05 0.2273E-06 0.3900    
  17      0.5031212E-05 0.9021E-06  0.4446558E-05 0.2203E-06 0.3962    
  18      0.3925715E-05 0.9061E-06  0.4422334E-05 0.2141E-06 0.3920    
  19      0.4510875E-05 0.9026E-06  0.4427494E-05 0.2083E-06 0.3688    
  20      0.3474495E-05 0.9058E-06  0.4395860E-05 0.2030E-06 0.3929    
  21      0.5847569E-05 0.9095E-06  0.4519678E-05 0.1982E-06 0.5677    
  22      0.3908519E-05 0.9115E-06  0.4497338E-05 0.1936E-06 0.5623    
  23      0.4708552E-05 0.9068E-06  0.4508083E-05 0.1894E-06 0.5354    
  24      0.3800759E-05 0.9030E-06  0.4485205E-05 0.1853E-06 0.5371    
  25      0.3425378E-05 0.9146E-06  0.4458738E-05 0.1816E-06 0.5571    
  26      0.4092611E-05 0.9047E-06  0.4445868E-05 0.1781E-06 0.5426    
  27      0.5581601E-05 0.9088E-06  0.4514970E-05 0.1748E-06 0.6016    
  28      0.4356767E-05 0.9010E-06  0.4509220E-05 0.1716E-06 0.5803    
  29      0.4079670E-05 0.9165E-06  0.4496385E-05 0.1686E-06 0.5687    
  30      0.4910994E-05 0.9086E-06  0.4513882E-05 0.1658E-06 0.5527    
   
   
 Integral Plus:   4.5138822460412220E-006 +-   1.6579245724606421E-007
 with chisq    =  0.55272586235242360     
  
  
  
 For xq =         1000 
  
 RM48 INITIALIZED:        40           0         0



 INPUT PARAMETERS FOR VEGAS:  NDIM=  4  NCALL=  457773282.
                              IT=    0  ITMX=   15
                              MDS= -1   ND=  41
   1     -0.2023224E-05 0.9592E-06 -0.2023224E-05 0.9592E-06  0.000    
   2      0.1547403E-05 0.2991E-06  0.1038550E-05 0.3223E-06  15.00    
   3      0.1192989E-05 0.2411E-06  0.1106428E-05 0.2176E-06  9.285    
   4      0.1284759E-05 0.2259E-06  0.1171925E-05 0.1648E-06  6.920    
   5      0.1160561E-05 0.2255E-06  0.1169298E-05 0.1380E-06  5.686    
   6      0.1269908E-05 0.2206E-06  0.1191885E-05 0.1189E-06  4.781    
   7      0.1130391E-05 0.2254E-06  0.1182934E-05 0.1068E-06  4.224    
   8      0.9483462E-06 0.2223E-06  0.1160577E-05 0.9807E-07  3.956    
   9      0.1025165E-05 0.2215E-06  0.1146928E-05 0.9076E-07  3.659    
  10      0.5634132E-06 0.2281E-06  0.1130636E-05 0.8574E-07  3.682    
  11      0.8046239E-06 0.2275E-06  0.1112986E-05 0.8109E-07  3.587    
  12      0.8699307E-06 0.2229E-06  0.1097949E-05 0.7688E-07  3.456    
  13      0.9910735E-06 0.2251E-06  0.1090150E-05 0.7309E-07  3.261    
  14      0.1112762E-05 0.2238E-06  0.1092074E-05 0.6960E-07  3.039    
  15      0.8502990E-06 0.2253E-06  0.1080771E-05 0.6684E-07  2.958    



 INPUT PARAMETERS FOR VEGAS:  NDIM=  4  NCALL=  664301250.
                              IT=    0  ITMX=   30
                              MDS= -1   ND=  45
   1      0.8820180E-06 0.1876E-06  0.8820180E-06 0.1876E-06  0.000    
   2      0.8083670E-06 0.1851E-06  0.8479070E-06 0.1318E-06 0.7760E-01
   3      0.7738495E-06 0.1893E-06  0.8265344E-06 0.1081E-06 0.8919E-01
   4      0.1252233E-05 0.1896E-06  0.1009517E-05 0.9413E-07  1.715    
   5      0.9440466E-06 0.1868E-06  0.9963609E-06 0.8407E-07  1.313    
   6      0.8113519E-06 0.1861E-06  0.9722918E-06 0.7664E-07  1.231    
   7      0.1219609E-05 0.1848E-06  0.1029080E-05 0.7071E-07  1.290    
   8      0.1077260E-05 0.1864E-06  0.1036297E-05 0.6611E-07  1.085    
   9      0.8514595E-06 0.1855E-06  0.1020337E-05 0.6228E-07  1.064    
  10      0.8054348E-06 0.1859E-06  0.1004991E-05 0.5906E-07  1.074    
  11      0.7256791E-06 0.1871E-06  0.9898661E-06 0.5632E-07  1.131    
  12      0.1067590E-05 0.1859E-06  0.9981107E-06 0.5390E-07  1.022    
  13      0.1115295E-05 0.1860E-06  0.1010261E-05 0.5176E-07 0.9501    
  14      0.1164842E-05 0.1862E-06  0.1025934E-05 0.4987E-07 0.9164    
  15      0.1047452E-05 0.1876E-06  0.1027543E-05 0.4820E-07 0.8439    
  16      0.1045539E-05 0.1875E-06  0.1028792E-05 0.4668E-07 0.7820    
  17      0.1278147E-05 0.1860E-06  0.1052564E-05 0.4527E-07 0.8688    
  18      0.9048924E-06 0.1864E-06  0.1045856E-05 0.4399E-07 0.8553    
  19      0.1044723E-05 0.1874E-06  0.1045792E-05 0.4283E-07 0.8042    
  20      0.7910771E-06 0.1848E-06  0.1037581E-05 0.4173E-07 0.8378    
  21      0.1129663E-05 0.1860E-06  0.1043190E-05 0.4071E-07 0.7997    
  22      0.9076138E-06 0.1871E-06  0.1038117E-05 0.3978E-07 0.7878    
  23      0.1143805E-05 0.1862E-06  0.1044101E-05 0.3890E-07 0.7597    
  24      0.1071499E-05 0.1863E-06  0.1045396E-05 0.3808E-07 0.7236    
  25      0.9241423E-06 0.1883E-06  0.1041362E-05 0.3732E-07 0.7120    
  26      0.1060036E-05 0.1864E-06  0.1042161E-05 0.3660E-07 0.6809    
  27      0.1240180E-05 0.1866E-06  0.1053088E-05 0.3591E-07 0.7034    
  28      0.7657465E-06 0.1855E-06  0.1047096E-05 0.3526E-07 0.7381    
  29      0.8958184E-06 0.1868E-06  0.1042957E-05 0.3465E-07 0.7351    
  30      0.1238059E-05 0.1901E-06  0.1052335E-05 0.3410E-07 0.7493    
   
   
 Integral Plus:   1.0523352061607542E-006 +-   3.4098394872854077E-008
 with chisq    =  0.74932518644938317     
  
  
  
 For xq =         1300 
  
 RM48 INITIALIZED:        40           0         0



 INPUT PARAMETERS FOR VEGAS:  NDIM=  4  NCALL=  457773282.
                              IT=    0  ITMX=   15
                              MDS= -1   ND=  41
   1      0.5029853E-06 0.2344E-06  0.5029853E-06 0.2344E-06  0.000    
   2      0.2646511E-06 0.8081E-07  0.3362389E-06 0.1026E-06  1.133    
   3      0.1603359E-06 0.6703E-07  0.2884284E-06 0.7431E-07  1.342    
   4      0.3462307E-06 0.6427E-07  0.3219261E-06 0.4837E-07  1.004    
   5      0.2045207E-06 0.6308E-07  0.3015559E-06 0.4105E-07  1.157    
   6      0.3185478E-06 0.6317E-07  0.3065797E-06 0.3443E-07 0.9367    
   7      0.3675187E-06 0.6345E-07  0.3236778E-06 0.2988E-07 0.8859    
   8      0.3247268E-06 0.6287E-07  0.3238692E-06 0.2699E-07 0.7605    
   9      0.2569033E-06 0.6191E-07  0.3168156E-06 0.2499E-07 0.7795    
  10      0.3467179E-06 0.6278E-07  0.3215184E-06 0.2314E-07 0.7053    
  11      0.1625493E-06 0.6321E-07  0.3162775E-06 0.2197E-07 0.8479    
  12      0.2519453E-06 0.6283E-07  0.3115032E-06 0.2083E-07 0.8531    
  13      0.2684794E-06 0.6391E-07  0.3082628E-06 0.1985E-07 0.8236    
  14      0.3620263E-06 0.6463E-07  0.3146129E-06 0.1892E-07 0.8028    
  15      0.1948488E-06 0.6543E-07  0.3107440E-06 0.1824E-07 0.8729    



 INPUT PARAMETERS FOR VEGAS:  NDIM=  4  NCALL=  664301250.
                              IT=    0  ITMX=   30
                              MDS= -1   ND=  45
   1      0.2444041E-06 0.5298E-07  0.2444041E-06 0.5298E-07  0.000    
   2      0.2246707E-06 0.5276E-07  0.2353257E-06 0.3739E-07 0.6918E-01
   3      0.2901647E-06 0.5416E-07  0.2584373E-06 0.3084E-07 0.4148    
   4      0.3322576E-06 0.5301E-07  0.2854394E-06 0.2664E-07 0.8291    
   5      0.3048124E-06 0.5251E-07  0.2900653E-06 0.2374E-07 0.6260    
   6      0.2467097E-06 0.5307E-07  0.2843077E-06 0.2167E-07 0.6134    
   7      0.3110141E-06 0.5290E-07  0.2889870E-06 0.2005E-07 0.5352    
   8      0.3077510E-06 0.5317E-07  0.2917108E-06 0.1876E-07 0.4656    
   9      0.3085100E-06 0.5332E-07  0.2938393E-06 0.1770E-07 0.4122    
  10      0.3683325E-06 0.5257E-07  0.3055088E-06 0.1677E-07 0.6342    
  11      0.2526766E-06 0.5300E-07  0.3019358E-06 0.1599E-07 0.6543    
  12      0.2525753E-06 0.5386E-07  0.2989041E-06 0.1532E-07 0.6622    
  13      0.2435945E-06 0.5261E-07  0.2957800E-06 0.1471E-07 0.6839    
  14      0.3347886E-06 0.5297E-07  0.2994955E-06 0.1418E-07 0.6654    
  15      0.3596575E-06 0.5304E-07  0.3054386E-06 0.1369E-07 0.7194    
  16      0.3142542E-06 0.5276E-07  0.3060630E-06 0.1325E-07 0.6679    
  17      0.2953914E-06 0.5265E-07  0.3054320E-06 0.1285E-07 0.6288    
  18      0.2836188E-06 0.5262E-07  0.3043033E-06 0.1249E-07 0.6035    
  19      0.3220044E-06 0.5324E-07  0.3053859E-06 0.1216E-07 0.5712    
  20      0.3906120E-06 0.5247E-07  0.3126149E-06 0.1184E-07 0.7339    
  21      0.2089705E-06 0.5268E-07  0.3101779E-06 0.1155E-07 0.8074    
  22      0.3665906E-06 0.5324E-07  0.3139102E-06 0.1129E-07 0.8251    
  23      0.3921084E-06 0.5249E-07  0.3195608E-06 0.1104E-07 0.9179    
  24      0.2736294E-06 0.5265E-07  0.3180087E-06 0.1080E-07 0.9112    
  25      0.3057661E-06 0.5265E-07  0.3175132E-06 0.1058E-07 0.8753    
  26      0.2659923E-06 0.5250E-07  0.3159731E-06 0.1037E-07 0.8768    
  27      0.3017976E-06 0.5265E-07  0.3154507E-06 0.1018E-07 0.8462    
  28      0.3199520E-06 0.5312E-07  0.3156267E-06 0.9997E-08 0.8120    
  29      0.1576940E-06 0.5297E-07  0.3141326E-06 0.9823E-08 0.8898    
  30      0.3994995E-06 0.5363E-07  0.3189074E-06 0.9665E-08 0.9797    
   
   
 Integral Plus:   3.1890741261657516E-007 +-   9.6651876478058458E-009
 with chisq    =  0.97974376075121972     
  
  
  
 For xq =         1600 
  
 RM48 INITIALIZED:        40           0         0



 INPUT PARAMETERS FOR VEGAS:  NDIM=  4  NCALL=  457773282.
                              IT=    0  ITMX=   15
                              MDS= -1   ND=  41
   1      0.7284254E-07 0.7182E-07  0.7284254E-07 0.7182E-07  0.000    
   2      0.1583530E-06 0.2626E-07  0.1560012E-06 0.2015E-07 0.4815    
   3      0.9764901E-07 0.2248E-07  0.1364281E-06 0.1538E-07  1.880    
   4      0.9380334E-07 0.2168E-07  0.1257875E-06 0.1274E-07  2.068    
   5      0.1146809E-06 0.2149E-07  0.1227303E-06 0.1094E-07  1.578    
   6      0.1044802E-06 0.2174E-07  0.1193989E-06 0.9789E-08  1.391    
   7      0.1102760E-06 0.2149E-07  0.1178276E-06 0.8908E-08  1.184    
   8      0.9608965E-07 0.2112E-07  0.1152365E-06 0.8234E-08  1.151    
   9      0.1013863E-06 0.2148E-07  0.1136616E-06 0.7697E-08  1.062    
  10      0.1219893E-06 0.2177E-07  0.1148124E-06 0.7246E-08 0.9355    
  11      0.1091184E-06 0.2162E-07  0.1142387E-06 0.6870E-08 0.8484    
  12      0.1495617E-06 0.2168E-07  0.1198348E-06 0.6528E-08  1.074    
  13      0.9489595E-07 0.2182E-07  0.1183572E-06 0.6259E-08  1.081    
  14      0.1553389E-06 0.2151E-07  0.1235504E-06 0.5993E-08  1.289    
  15      0.8262528E-07 0.2195E-07  0.1220460E-06 0.5785E-08  1.364    



 INPUT PARAMETERS FOR VEGAS:  NDIM=  4  NCALL=  664301250.
                              IT=    0  ITMX=   30
                              MDS= -1   ND=  45
   1      0.1179431E-06 0.1770E-07  0.1179431E-06 0.1770E-07  0.000    
   2      0.1086940E-06 0.1797E-07  0.1137650E-06 0.1260E-07 0.1333    
   3      0.9878817E-07 0.1792E-07  0.1096760E-06 0.1031E-07 0.2821    
   4      0.9541884E-07 0.1774E-07  0.1067358E-06 0.8914E-08 0.3391    
   5      0.1014560E-06 0.1776E-07  0.1057396E-06 0.7967E-08 0.2751    
   6      0.8831284E-07 0.1784E-07  0.1035760E-06 0.7274E-08 0.3561    
   7      0.9279132E-07 0.1795E-07  0.1022905E-06 0.6741E-08 0.3491    
   8      0.1003402E-06 0.1786E-07  0.1020499E-06 0.6307E-08 0.3012    
   9      0.1291333E-06 0.1780E-07  0.1066746E-06 0.5944E-08 0.6135    
  10      0.1070368E-06 0.1772E-07  0.1067129E-06 0.5635E-08 0.5426    
  11      0.9386408E-07 0.1791E-07  0.1057650E-06 0.5375E-08 0.5362    
  12      0.1355616E-06 0.1796E-07  0.1097196E-06 0.5151E-08 0.8104    
  13      0.1060586E-06 0.1779E-07  0.1094396E-06 0.4948E-08 0.7468    
  14      0.1434808E-06 0.1805E-07  0.1135126E-06 0.4775E-08  1.064    
  15      0.9752149E-07 0.1795E-07  0.1126656E-06 0.4614E-08  1.045    
  16      0.1003614E-06 0.1790E-07  0.1120092E-06 0.4468E-08  1.010    
  17      0.1322126E-06 0.1792E-07  0.1137192E-06 0.4335E-08  1.026    
  18      0.1326294E-06 0.1778E-07  0.1152248E-06 0.4211E-08  1.028    
  19      0.1091814E-06 0.1772E-07  0.1149136E-06 0.4097E-08 0.9791    
  20      0.8527021E-07 0.1765E-07  0.1140037E-06 0.3992E-08  1.033    
  21      0.1304902E-06 0.1782E-07  0.1150902E-06 0.3895E-08  1.018    
  22      0.1267904E-06 0.1768E-07  0.1157852E-06 0.3804E-08 0.9819    
  23      0.1022395E-06 0.1779E-07  0.1152873E-06 0.3720E-08 0.9653    
  24      0.8874027E-07 0.1812E-07  0.1145970E-06 0.3643E-08 0.9962    
  25      0.1018613E-06 0.1783E-07  0.1141615E-06 0.3569E-08 0.9780    
  26      0.1293847E-06 0.1778E-07  0.1149615E-06 0.3499E-08 0.9632    
  27      0.1068566E-06 0.1809E-07  0.1146904E-06 0.3435E-08 0.9357    
  28      0.1046693E-06 0.1798E-07  0.1143749E-06 0.3374E-08 0.9145    
  29      0.1408901E-06 0.1778E-07  0.1158356E-06 0.3315E-08 0.9824    
  30      0.1117993E-06 0.1808E-07  0.1157046E-06 0.3260E-08 0.9502    
   
   
 Integral Plus:   1.1570462351680135E-007 +-   3.2604980867626165E-009
 with chisq    =  0.95022586523412733     
  
  
  
 For xq =         1900 
  
 RM48 INITIALIZED:        40           0         0



 INPUT PARAMETERS FOR VEGAS:  NDIM=  4  NCALL=  457773282.
                              IT=    0  ITMX=   15
                              MDS= -1   ND=  41
   1      0.4418977E-07 0.2530E-07  0.4418977E-07 0.2530E-07  0.000    
   2      0.3291121E-07 0.9688E-08  0.3526940E-07 0.1020E-07 0.2022    
   3      0.5566200E-07 0.8358E-08  0.5061387E-07 0.5890E-08  1.191    
   4      0.5921420E-07 0.8160E-08  0.5467225E-07 0.4647E-08 0.9584    
   5      0.5700951E-07 0.8007E-08  0.5540224E-07 0.3986E-08 0.6904    
   6      0.4705065E-07 0.7946E-08  0.5391837E-07 0.3571E-08 0.7255    
   7      0.6092497E-07 0.8005E-08  0.5550807E-07 0.3245E-08 0.7025    
   8      0.6357393E-07 0.7971E-08  0.5711704E-07 0.2993E-08 0.7321    
   9      0.5213290E-07 0.8026E-08  0.5653462E-07 0.2805E-08 0.6848    
  10      0.4721664E-07 0.8057E-08  0.5572534E-07 0.2652E-08 0.7309    
  11      0.5698969E-07 0.8104E-08  0.5586588E-07 0.2519E-08 0.6504    
  12      0.4881804E-07 0.8132E-08  0.5533768E-07 0.2407E-08 0.6531    
  13      0.4284805E-07 0.8186E-08  0.5466452E-07 0.2310E-08 0.7390    
  14      0.5478997E-07 0.8144E-08  0.5467477E-07 0.2222E-08 0.6770    
  15      0.5214330E-07 0.8199E-08  0.5450243E-07 0.2145E-08 0.6352    



 INPUT PARAMETERS FOR VEGAS:  NDIM=  4  NCALL=  664301250.
                              IT=    0  ITMX=   30
                              MDS= -1   ND=  45
   1      0.3844632E-07 0.6701E-08  0.3844632E-07 0.6701E-08  0.000    
   2      0.5561428E-07 0.6773E-08  0.4998209E-07 0.4772E-08  2.853    
   3      0.5592959E-07 0.6790E-08  0.5238100E-07 0.3906E-08  1.549    
   4      0.5925016E-07 0.6785E-08  0.5452378E-07 0.3386E-08  1.240    
   5      0.5021771E-07 0.6751E-08  0.5372890E-07 0.3027E-08  1.025    
   6      0.5284686E-07 0.6702E-08  0.5357737E-07 0.2758E-08 0.8209    
   7      0.4771343E-07 0.6750E-08  0.5286616E-07 0.2553E-08 0.7951    
   8      0.4785754E-07 0.6729E-08  0.5231840E-07 0.2388E-08 0.7556    
   9      0.5246421E-07 0.6881E-08  0.5233468E-07 0.2256E-08 0.6580    
  10      0.6090423E-07 0.6701E-08  0.5350803E-07 0.2137E-08 0.7735    
  11      0.5185606E-07 0.6737E-08  0.5336029E-07 0.2037E-08 0.7030    
  12      0.4792667E-07 0.6779E-08  0.5297913E-07 0.1951E-08 0.6940    
  13      0.5269948E-07 0.6670E-08  0.5295660E-07 0.1872E-08 0.6351    
  14      0.4494948E-07 0.6800E-08  0.5252916E-07 0.1805E-08 0.6737    
  15      0.4995538E-07 0.6737E-08  0.5236717E-07 0.1744E-08 0.6374    
  16      0.4798862E-07 0.6710E-08  0.5212495E-07 0.1688E-08 0.6234    
  17      0.3694103E-07 0.6824E-08  0.5165849E-07 0.1638E-08 0.7614    
  18      0.5765247E-07 0.6707E-08  0.5208930E-07 0.1591E-08 0.7606    
  19      0.6107100E-07 0.6721E-08  0.5275704E-07 0.1548E-08 0.8311    
  20      0.6343393E-07 0.6732E-08  0.5354743E-07 0.1508E-08 0.9484    
  21      0.4825028E-07 0.6696E-08  0.5332757E-07 0.1472E-08 0.9331    
  22      0.4986227E-07 0.6754E-08  0.5318292E-07 0.1438E-08 0.9031    
  23      0.5270833E-07 0.6767E-08  0.5316185E-07 0.1407E-08 0.8611    
  24      0.4334878E-07 0.6798E-08  0.5287822E-07 0.1377E-08 0.8963    
  25      0.3677899E-07 0.6749E-08  0.5254549E-07 0.1349E-08 0.9962    
  26      0.5264950E-07 0.6706E-08  0.5254977E-07 0.1323E-08 0.9542    
  27      0.4427068E-07 0.6742E-08  0.5231820E-07 0.1298E-08 0.9687    
  28      0.3493279E-07 0.6776E-08  0.5202350E-07 0.1275E-08  1.066    
  29      0.4440329E-07 0.6691E-08  0.5181531E-07 0.1252E-08  1.071    
  30      0.4837329E-07 0.6716E-08  0.5170799E-07 0.1231E-08  1.045    
   
   
 Integral Plus:   5.1707993392200928E-008 +-   1.2311581018501124E-009
 with chisq    =   1.0445780696299312     
  
  
  
 For xq =         2200 
  
 RM48 INITIALIZED:        40           0         0



 INPUT PARAMETERS FOR VEGAS:  NDIM=  4  NCALL=  457773282.
                              IT=    0  ITMX=   15
                              MDS= -1   ND=  41
   1      0.1826428E-07 0.9801E-08  0.1826428E-07 0.9801E-08  0.000    
   2      0.1861886E-07 0.3847E-08  0.1857306E-07 0.3556E-08 0.1118E-02
   3      0.1867864E-07 0.3414E-08  0.1862868E-07 0.2457E-08 0.7843E-03
   4      0.2510212E-07 0.3296E-08  0.2189889E-07 0.1901E-08 0.9671    
   5      0.1781494E-07 0.3296E-08  0.2107070E-07 0.1657E-08  1.007    
   6      0.2477798E-07 0.3257E-08  0.2213317E-07 0.1462E-08  1.000    
   7      0.2526604E-07 0.3293E-08  0.2284034E-07 0.1330E-08 0.9418    
   8      0.2615299E-07 0.3312E-08  0.2347956E-07 0.1230E-08 0.9226    
   9      0.2348246E-07 0.3359E-08  0.2347994E-07 0.1155E-08 0.7960    
  10      0.1647362E-07 0.3318E-08  0.2304443E-07 0.1093E-08  1.007    
  11      0.1993684E-07 0.3334E-08  0.2278746E-07 0.1039E-08 0.9880    
  12      0.1995103E-07 0.3374E-08  0.2257522E-07 0.9931E-09 0.9607    
  13      0.1789981E-07 0.3366E-08  0.2230846E-07 0.9530E-09  1.010    
  14      0.1873289E-07 0.3397E-08  0.2210178E-07 0.9177E-09  1.011    
  15      0.2295366E-07 0.3356E-08  0.2217135E-07 0.8850E-09 0.9316    



 INPUT PARAMETERS FOR VEGAS:  NDIM=  4  NCALL=  664301250.
                              IT=    0  ITMX=   30
                              MDS= -1   ND=  45
   1      0.2469943E-07 0.2756E-08  0.2469943E-07 0.2756E-08  0.000    
   2      0.2155519E-07 0.2771E-08  0.2334862E-07 0.1953E-08 0.6351    
   3      0.2691976E-07 0.2773E-08  0.2478031E-07 0.1597E-08 0.8849    
   4      0.2286400E-07 0.2758E-08  0.2434690E-07 0.1382E-08 0.7216    
   5      0.1740371E-07 0.2727E-08  0.2352646E-07 0.1234E-08  1.423    
   6      0.1906843E-07 0.2774E-08  0.2298877E-07 0.1127E-08  1.531    
   7      0.2353588E-07 0.2749E-08  0.2307500E-07 0.1043E-08  1.262    
   8      0.2406921E-07 0.2749E-08  0.2321564E-07 0.9752E-09  1.081    
   9      0.2108675E-07 0.2754E-08  0.2300769E-07 0.9193E-09  1.019    
  10      0.2388273E-07 0.2766E-08  0.2310434E-07 0.8724E-09 0.9058    
  11      0.2554251E-07 0.2759E-08  0.2337912E-07 0.8318E-09 0.8816    
  12      0.2082365E-07 0.2739E-08  0.2319871E-07 0.7960E-09 0.8749    
  13      0.1844556E-07 0.2769E-08  0.2295432E-07 0.7649E-09 0.9807    
  14      0.2530496E-07 0.2746E-08  0.2316500E-07 0.7368E-09 0.9521    
  15      0.2157540E-07 0.2749E-08  0.2306801E-07 0.7117E-09 0.9102    
  16      0.2134936E-07 0.2766E-08  0.2297224E-07 0.6892E-09 0.8771    
  17      0.2065948E-07 0.2774E-08  0.2285818E-07 0.6689E-09 0.8651    
  18      0.2268884E-07 0.2801E-08  0.2284884E-07 0.6506E-09 0.8134    
  19      0.2123123E-07 0.2789E-08  0.2277374E-07 0.6335E-09 0.7885    
  20      0.2122247E-07 0.2731E-08  0.2270214E-07 0.6172E-09 0.7654    
  21      0.2278801E-07 0.2771E-08  0.2270636E-07 0.6024E-09 0.7257    
  22      0.1884014E-07 0.2738E-08  0.2257772E-07 0.5884E-09 0.7665    
  23      0.1881165E-07 0.2762E-08  0.2245887E-07 0.5755E-09 0.8002    
  24      0.2174312E-07 0.2795E-08  0.2243057E-07 0.5637E-09 0.7690    
  25      0.2171146E-07 0.2761E-08  0.2240263E-07 0.5523E-09 0.7405    
  26      0.1903483E-07 0.2770E-08  0.2230560E-07 0.5416E-09 0.7612    
  27      0.2363486E-07 0.2756E-08  0.2236268E-07 0.5314E-09 0.7374    
  28      0.1911805E-07 0.2758E-08  0.2227415E-07 0.5218E-09 0.7544    
  29      0.1950743E-07 0.2744E-08  0.2219697E-07 0.5127E-09 0.7609    
  30      0.2464657E-07 0.2752E-08  0.2230080E-07 0.5040E-09 0.7610    
   
   
 Integral Plus:   2.2300799397547483E-008 +-   5.0398784540914426E-010
 with chisq    =  0.76099950808835015     
  
  
  
 For xq =         2500 
  
 RM48 INITIALIZED:        40           0         0



 INPUT PARAMETERS FOR VEGAS:  NDIM=  4  NCALL=  457773282.
                              IT=    0  ITMX=   15
                              MDS= -1   ND=  41
   1      0.1259024E-07 0.4012E-08  0.1259024E-07 0.4012E-08  0.000    
   2      0.9825151E-08 0.1630E-08  0.1041471E-07 0.1662E-08 0.4644    
   3      0.1276303E-07 0.1436E-08  0.1189703E-07 0.1055E-08 0.7895    
   4      0.7652615E-08 0.1425E-08  0.1110269E-07 0.8794E-09  1.797    
   5      0.1205866E-07 0.1404E-08  0.1141230E-07 0.7389E-09  1.382    
   6      0.8937722E-08 0.1426E-08  0.1104818E-07 0.6617E-09  1.527    
   7      0.9360915E-08 0.1405E-08  0.1080765E-07 0.6016E-09  1.480    
   8      0.1079394E-07 0.1417E-08  0.1080549E-07 0.5535E-09  1.263    
   9      0.9739583E-08 0.1428E-08  0.1068635E-07 0.5169E-09  1.179    
  10      0.8571174E-08 0.1426E-08  0.1051733E-07 0.4874E-09  1.238    
  11      0.1150390E-07 0.1460E-08  0.1063644E-07 0.4618E-09  1.140    
  12      0.8799246E-08 0.1443E-08  0.1051252E-07 0.4404E-09  1.162    
  13      0.1246798E-07 0.1439E-08  0.1074668E-07 0.4204E-09  1.219    
  14      0.6864194E-08 0.1486E-08  0.1061876E-07 0.4048E-09  1.399    
  15      0.7951481E-08 0.1467E-08  0.1050302E-07 0.3906E-09  1.473    



 INPUT PARAMETERS FOR VEGAS:  NDIM=  4  NCALL=  664301250.
                              IT=    0  ITMX=   30
                              MDS= -1   ND=  45
   1      0.1010453E-07 0.1202E-08  0.1010453E-07 0.1202E-08  0.000    
   2      0.7511463E-08 0.1202E-08  0.9181486E-08 0.8497E-09  2.135    
   3      0.1088571E-07 0.1189E-08  0.9919196E-08 0.6907E-09  1.664    
   4      0.1306323E-07 0.1183E-08  0.1113438E-07 0.5956E-09  3.118    
   5      0.1003319E-07 0.1194E-08  0.1093314E-07 0.5330E-09  2.546    
   6      0.1025476E-07 0.1206E-08  0.1082615E-07 0.4875E-09  2.102    
   7      0.9135386E-08 0.1194E-08  0.1063465E-07 0.4513E-09  2.047    
   8      0.9507224E-08 0.1196E-08  0.1051175E-07 0.4222E-09  1.885    
   9      0.9979864E-08 0.1203E-08  0.1045538E-07 0.3984E-09  1.678    
  10      0.8853723E-08 0.1202E-08  0.1033172E-07 0.3781E-09  1.670    
  11      0.1010061E-07 0.1191E-08  0.1031026E-07 0.3604E-09  1.504    
  12      0.1014891E-07 0.1200E-08  0.1029662E-07 0.3451E-09  1.366    
  13      0.7658634E-08 0.1192E-08  0.1017395E-07 0.3315E-09  1.528    
  14      0.1054429E-07 0.1210E-08  0.1020314E-07 0.3198E-09  1.404    
  15      0.1091660E-07 0.1211E-08  0.1025857E-07 0.3092E-09  1.313    
  16      0.1121841E-07 0.1194E-08  0.1033332E-07 0.2993E-09  1.255    
  17      0.1090550E-07 0.1182E-08  0.1037328E-07 0.2902E-09  1.181    
  18      0.1165920E-07 0.1190E-08  0.1046722E-07 0.2819E-09  1.175    
  19      0.1007990E-07 0.1198E-08  0.1044743E-07 0.2744E-09  1.116    
  20      0.8698134E-08 0.1201E-08  0.1038366E-07 0.2675E-09  1.151    
  21      0.1192815E-07 0.1183E-08  0.1048567E-07 0.2608E-09  1.182    
  22      0.9823877E-08 0.1200E-08  0.1045804E-07 0.2549E-09  1.143    
  23      0.9615671E-08 0.1188E-08  0.1042504E-07 0.2492E-09  1.116    
  24      0.1085599E-07 0.1192E-08  0.1044542E-07 0.2439E-09  1.068    
  25      0.9888831E-08 0.1208E-08  0.1042496E-07 0.2391E-09  1.034    
  26      0.9629454E-08 0.1188E-08  0.1039728E-07 0.2344E-09  1.012    
  27      0.9700667E-08 0.1198E-08  0.1037390E-07 0.2300E-09 0.9880    
  28      0.8523880E-08 0.1196E-08  0.1032700E-07 0.2259E-09  1.023    
  29      0.9955514E-08 0.1196E-08  0.1031460E-07 0.2220E-09 0.9907    
  30      0.1061383E-07 0.1202E-08  0.1032544E-07 0.2183E-09 0.9555    
   
   
 Integral Plus:   1.0325435957131421E-008 +-   2.1829348747143102E-010
 with chisq    =  0.95552875173054852     
  
  
  
 For xq =         2800 
  
 RM48 INITIALIZED:        40           0         0



 INPUT PARAMETERS FOR VEGAS:  NDIM=  4  NCALL=  457773282.
                              IT=    0  ITMX=   15
                              MDS= -1   ND=  41
   1      0.4213796E-08 0.1758E-08  0.4213796E-08 0.1758E-08  0.000    
   2      0.3416761E-08 0.7267E-09  0.3581177E-08 0.7269E-09 0.1969    
   3      0.4983043E-08 0.6565E-09  0.4526249E-08 0.4600E-09  1.100    
   4      0.5098426E-08 0.6367E-09  0.4771531E-08 0.3662E-09 0.8604    
   5      0.4557285E-08 0.6331E-09  0.4716418E-08 0.3167E-09 0.6627    
   6      0.5122398E-08 0.6336E-09  0.4815886E-08 0.2820E-09 0.5817    
   7      0.4622429E-08 0.6408E-09  0.4784308E-08 0.2581E-09 0.4970    
   8      0.5352617E-08 0.6330E-09  0.4888421E-08 0.2383E-09 0.5298    
   9      0.3592831E-08 0.6387E-09  0.4791276E-08 0.2238E-09 0.7767    
  10      0.4216131E-08 0.6354E-09  0.4736939E-08 0.2113E-09 0.7720    
  11      0.5668319E-08 0.6394E-09  0.4871338E-08 0.2002E-09 0.9292    
  12      0.5963957E-08 0.6505E-09  0.5017427E-08 0.1912E-09  1.147    
  13      0.4962277E-08 0.6491E-09  0.5012736E-08 0.1834E-09  1.046    
  14      0.4547654E-08 0.6604E-09  0.4982704E-08 0.1767E-09  1.005    
  15      0.4089676E-08 0.6487E-09  0.4936857E-08 0.1705E-09  1.046    



 INPUT PARAMETERS FOR VEGAS:  NDIM=  4  NCALL=  664301250.
                              IT=    0  ITMX=   30
                              MDS= -1   ND=  45
   1      0.4299772E-08 0.5401E-09  0.4299772E-08 0.5401E-09  0.000    
   2      0.4535151E-08 0.5367E-09  0.4424466E-08 0.3806E-09 0.9527E-01
   3      0.5306502E-08 0.5375E-09  0.4794569E-08 0.3106E-09  1.024    
   4      0.5137518E-08 0.5451E-09  0.4889442E-08 0.2700E-09 0.7609    
   5      0.4237480E-08 0.5387E-09  0.4784095E-08 0.2414E-09 0.8456    
   6      0.4512999E-08 0.5399E-09  0.4742269E-08 0.2204E-09 0.7260    
   7      0.5219408E-08 0.5299E-09  0.4826464E-08 0.2034E-09 0.7183    
   8      0.4084165E-08 0.5369E-09  0.4755784E-08 0.1902E-09 0.8244    
   9      0.4108749E-08 0.5319E-09  0.4697941E-08 0.1791E-09 0.8732    
  10      0.4976778E-08 0.5347E-09  0.4729981E-08 0.1698E-09 0.7947    
  11      0.4572158E-08 0.5343E-09  0.4716011E-08 0.1619E-09 0.7254    
  12      0.5573932E-08 0.5384E-09  0.4814413E-08 0.1550E-09 0.9192    
  13      0.4143342E-08 0.5347E-09  0.4773896E-08 0.1489E-09 0.9542    
  14      0.4487113E-08 0.5388E-09  0.4755197E-08 0.1435E-09 0.9050    
  15      0.4256939E-08 0.5376E-09  0.4727462E-08 0.1387E-09 0.8986    
  16      0.5548292E-08 0.5334E-09  0.4799395E-08 0.1342E-09  1.017    
  17      0.5330465E-08 0.5384E-09  0.4838449E-08 0.1302E-09  1.009    
  18      0.3813700E-08 0.5336E-09  0.4800621E-08 0.1265E-09  1.106    
  19      0.4856933E-08 0.5425E-09  0.4803704E-08 0.1232E-09  1.041    
  20      0.4041265E-08 0.5391E-09  0.4775524E-08 0.1201E-09  1.075    
  21      0.5505101E-08 0.5391E-09  0.4822358E-08 0.1172E-09  1.120    
  22      0.5281020E-08 0.5295E-09  0.4848827E-08 0.1144E-09  1.096    
  23      0.4554284E-08 0.5442E-09  0.4837327E-08 0.1120E-09  1.062    
  24      0.5472776E-08 0.5346E-09  0.4872400E-08 0.1096E-09  1.078    
  25      0.4027661E-08 0.5358E-09  0.4847985E-08 0.1074E-09  1.117    
  26      0.4776561E-08 0.5328E-09  0.4845165E-08 0.1053E-09  1.073    
  27      0.5474265E-08 0.5410E-09  0.4875292E-08 0.1033E-09  1.084    
  28      0.4903593E-08 0.5361E-09  0.4876358E-08 0.1015E-09  1.042    
  29      0.5111534E-08 0.5308E-09  0.4885782E-08 0.9966E-10  1.008    
  30      0.4859984E-08 0.5379E-09  0.4884903E-08 0.9799E-10 0.9721    
   
   
 Integral Plus:   4.8849029504409949E-009 +-   9.7990870717674075E-011
 with chisq    =  0.97214154939108899     
  
  
  
 For xq =         3100 
  
 RM48 INITIALIZED:        40           0         0



 INPUT PARAMETERS FOR VEGAS:  NDIM=  4  NCALL=  457773282.
                              IT=    0  ITMX=   15
                              MDS= -1   ND=  41
   1      0.1784557E-08 0.7817E-09  0.1784557E-08 0.7817E-09  0.000    
   2      0.2477386E-08 0.3279E-09  0.2419410E-08 0.2736E-09 0.4918    
   3      0.2257637E-08 0.3021E-09  0.2342932E-08 0.2017E-09 0.3187    
   4      0.2258052E-08 0.2948E-09  0.2314764E-08 0.1661E-09 0.2285    
   5      0.2547861E-08 0.2961E-09  0.2383571E-08 0.1440E-09 0.2971    
   6      0.2578163E-08 0.2934E-09  0.2429368E-08 0.1288E-09 0.3093    
   7      0.2343460E-08 0.2927E-09  0.2415323E-08 0.1179E-09 0.2695    
   8      0.2169600E-08 0.2942E-09  0.2385395E-08 0.1095E-09 0.3119    
   9      0.2504415E-08 0.2970E-09  0.2401747E-08 0.1027E-09 0.2878    
  10      0.2685840E-08 0.2968E-09  0.2440554E-08 0.9694E-10 0.3604    
  11      0.2621827E-08 0.3003E-09  0.2460995E-08 0.9222E-10 0.3566    
  12      0.2801465E-08 0.3005E-09  0.2499800E-08 0.8811E-10 0.4517    
  13      0.2594615E-08 0.3067E-09  0.2507934E-08 0.8469E-10 0.4179    
  14      0.2772708E-08 0.2983E-09  0.2532784E-08 0.8143E-10 0.4473    
  15      0.1981734E-08 0.2986E-09  0.2507632E-08 0.7860E-10 0.5783    



 INPUT PARAMETERS FOR VEGAS:  NDIM=  4  NCALL=  664301250.
                              IT=    0  ITMX=   30
                              MDS= -1   ND=  45
   1      0.2013012E-08 0.2463E-09  0.2013012E-08 0.2463E-09  0.000    
   2      0.2234034E-08 0.2473E-09  0.2134566E-08 0.1746E-09 0.3968    
   3      0.2323223E-08 0.2474E-09  0.2204875E-08 0.1427E-09 0.3908    
   4      0.2998821E-08 0.2461E-09  0.2511119E-08 0.1233E-09  3.486    
   5      0.2174596E-08 0.2461E-09  0.2454389E-08 0.1103E-09  3.046    
   6      0.2633482E-08 0.2451E-09  0.2490121E-08 0.1006E-09  2.448    
   7      0.2374719E-08 0.2454E-09  0.2474039E-08 0.9304E-10  2.081    
   8      0.2783967E-08 0.2465E-09  0.2523462E-08 0.8705E-10  1.955    
   9      0.2565338E-08 0.2447E-09  0.2528523E-08 0.8201E-10  1.698    
  10      0.2151650E-08 0.2435E-09  0.2498733E-08 0.7774E-10  1.737    
  11      0.2319475E-08 0.2448E-09  0.2483802E-08 0.7410E-10  1.622    
  12      0.2386951E-08 0.2460E-09  0.2476018E-08 0.7095E-10  1.492    
  13      0.2815001E-08 0.2461E-09  0.2510059E-08 0.6817E-10  1.519    
  14      0.1984313E-08 0.2483E-09  0.2485479E-08 0.6573E-10  1.657    
  15      0.2389444E-08 0.2489E-09  0.2479411E-08 0.6355E-10  1.552    
  16      0.2849879E-08 0.2470E-09  0.2510390E-08 0.6155E-10  1.600    
  17      0.2838196E-08 0.2457E-09  0.2535749E-08 0.5970E-10  1.605    
  18      0.2383616E-08 0.2464E-09  0.2527922E-08 0.5802E-10  1.537    
  19      0.2494599E-08 0.2457E-09  0.2526134E-08 0.5647E-10  1.451    
  20      0.2104539E-08 0.2453E-09  0.2510582E-08 0.5503E-10  1.504    
  21      0.2946250E-08 0.2470E-09  0.2539583E-08 0.5372E-10  1.604    
  22      0.2620389E-08 0.2473E-09  0.2543616E-08 0.5249E-10  1.525    
  23      0.2580464E-08 0.2479E-09  0.2545309E-08 0.5136E-10  1.452    
  24      0.2854824E-08 0.2468E-09  0.2561927E-08 0.5028E-10  1.455    
  25      0.2465653E-08 0.2458E-09  0.2558190E-08 0.4926E-10  1.402    
  26      0.2638438E-08 0.2461E-09  0.2561595E-08 0.4830E-10  1.345    
  27      0.2635266E-08 0.2452E-09  0.2564610E-08 0.4739E-10  1.292    
  28      0.2397476E-08 0.2437E-09  0.2559070E-08 0.4652E-10  1.264    
  29      0.2225011E-08 0.2463E-09  0.2549989E-08 0.4571E-10  1.278    
  30      0.2274697E-08 0.2462E-09  0.2542375E-08 0.4495E-10  1.276    
   
   
 Integral Plus:   2.5423753356287876E-009 +-   4.4945151459486748E-011
 with chisq    =   1.2764374052404726     
  
  
  
 For xq =         3400 
  
 RM48 INITIALIZED:        40           0         0



 INPUT PARAMETERS FOR VEGAS:  NDIM=  4  NCALL=  457773282.
                              IT=    0  ITMX=   15
                              MDS= -1   ND=  41
   1      0.1261175E-08 0.3566E-09  0.1261175E-08 0.3566E-09  0.000    
   2      0.1504327E-08 0.1526E-09  0.1476600E-08 0.1326E-09 0.3400    
   3      0.1397873E-08 0.1397E-09  0.1439041E-08 0.9608E-10 0.2529    
   4      0.1307123E-08 0.1385E-09  0.1399700E-08 0.7930E-10 0.3668    
   5      0.1212228E-08 0.1375E-09  0.1361025E-08 0.6909E-10 0.5891    
   6      0.1180207E-08 0.1379E-09  0.1331576E-08 0.6202E-10 0.7214    
   7      0.1360613E-08 0.1374E-09  0.1336774E-08 0.5647E-10 0.6017    
   8      0.1403335E-08 0.1392E-09  0.1347189E-08 0.5228E-10 0.5382    
   9      0.1063728E-08 0.1395E-09  0.1323900E-08 0.4906E-10 0.8053    
  10      0.1252247E-08 0.1403E-09  0.1316649E-08 0.4633E-10 0.7458    
  11      0.1063531E-08 0.1423E-09  0.1299884E-08 0.4409E-10 0.8958    
  12      0.1327781E-08 0.1407E-09  0.1302550E-08 0.4206E-10 0.8127    
  13      0.1442207E-08 0.1386E-09  0.1317076E-08 0.4021E-10 0.8240    
  14      0.1191333E-08 0.1410E-09  0.1309005E-08 0.3868E-10 0.8180    
  15      0.1594880E-08 0.1393E-09  0.1339168E-08 0.3723E-10  1.131    



 INPUT PARAMETERS FOR VEGAS:  NDIM=  4  NCALL=  664301250.
                              IT=    0  ITMX=   30
                              MDS= -1   ND=  45
   1      0.1346233E-08 0.1143E-09  0.1346233E-08 0.1143E-09  0.000    
   2      0.1313111E-08 0.1145E-09  0.1330115E-08 0.8091E-10 0.4187E-01
   3      0.1252872E-08 0.1159E-09  0.1306789E-08 0.6632E-10 0.1647    
   4      0.1235266E-08 0.1154E-09  0.1290459E-08 0.5750E-10 0.2036    
   5      0.1159321E-08 0.1149E-09  0.1268329E-08 0.5142E-10 0.3868    
   6      0.1339054E-08 0.1152E-09  0.1281275E-08 0.4696E-10 0.3710    
   7      0.1306329E-08 0.1157E-09  0.1284962E-08 0.4351E-10 0.3140    
   8      0.1072519E-08 0.1154E-09  0.1265693E-08 0.4071E-10 0.6004    
   9      0.1360486E-08 0.1161E-09  0.1277638E-08 0.3842E-10 0.5993    
  10      0.1274662E-08 0.1158E-09  0.1277341E-08 0.3647E-10 0.5322    
  11      0.1204178E-08 0.1164E-09  0.1271401E-08 0.3480E-10 0.5163    
  12      0.1216925E-08 0.1153E-09  0.1267153E-08 0.3331E-10 0.4897    
  13      0.1193486E-08 0.1161E-09  0.1262080E-08 0.3202E-10 0.4807    
  14      0.1297708E-08 0.1152E-09  0.1264799E-08 0.3085E-10 0.4488    
  15      0.1373416E-08 0.1154E-09  0.1273334E-08 0.2980E-10 0.4801    
  16      0.1168857E-08 0.1154E-09  0.1267709E-08 0.2886E-10 0.4968    
  17      0.1037510E-08 0.1156E-09  0.1258373E-08 0.2800E-10 0.6391    
  18      0.1478296E-08 0.1147E-09  0.1275350E-08 0.2719E-10 0.8624    
  19      0.1313375E-08 0.1151E-09  0.1277518E-08 0.2646E-10 0.8171    
  20      0.1288898E-08 0.1153E-09  0.1278109E-08 0.2579E-10 0.7731    
  21      0.1145260E-08 0.1153E-09  0.1272884E-08 0.2517E-10 0.7935    
  22      0.1453368E-08 0.1153E-09  0.1283649E-08 0.2459E-10 0.8884    
  23      0.1103278E-08 0.1168E-09  0.1277807E-08 0.2406E-10 0.9371    
  24      0.1175812E-08 0.1163E-09  0.1274156E-08 0.2356E-10 0.9295    
  25      0.1214347E-08 0.1160E-09  0.1271945E-08 0.2309E-10 0.9033    
  26      0.1209568E-08 0.1165E-09  0.1269760E-08 0.2265E-10 0.8799    
  27      0.1338084E-08 0.1151E-09  0.1272636E-08 0.2222E-10 0.8565    
  28      0.1045749E-08 0.1162E-09  0.1267050E-08 0.2183E-10 0.9301    
  29      0.1328933E-08 0.1159E-09  0.1269428E-08 0.2145E-10 0.9040    
  30      0.1429655E-08 0.1146E-09  0.1276403E-08 0.2108E-10 0.9472    
   
   
 Integral Plus:   1.2764026002425114E-009 +-   2.1080560967627321E-011
 with chisq    =  0.94715754497418236     
  
  
  
 For xq =         3700 
  
 RM48 INITIALIZED:        40           0         0



 INPUT PARAMETERS FOR VEGAS:  NDIM=  4  NCALL=  457773282.
                              IT=    0  ITMX=   15
                              MDS= -1   ND=  41
   1      0.8232175E-09 0.1670E-09  0.8232175E-09 0.1670E-09  0.000    
   2      0.6324883E-09 0.7111E-10  0.6772934E-09 0.7219E-10  1.255    
   3      0.5756552E-09 0.6615E-10  0.6343282E-09 0.5121E-10  1.200    
   4      0.7481462E-09 0.6609E-10  0.6817964E-09 0.4002E-10  1.419    
   5      0.6301457E-09 0.6543E-10  0.6698192E-09 0.3439E-10  1.208    
   6      0.5089273E-09 0.6604E-10  0.6490214E-09 0.3086E-10  1.657    
   7      0.7490262E-09 0.6579E-10  0.6710250E-09 0.2780E-10  1.697    
   8      0.6998263E-09 0.6617E-10  0.6756213E-09 0.2560E-10  1.465    
   9      0.7194123E-09 0.6550E-10  0.6820523E-09 0.2381E-10  1.317    
  10      0.6126760E-09 0.6578E-10  0.6754268E-09 0.2243E-10  1.286    
  11      0.6248484E-09 0.6701E-10  0.6710083E-09 0.2128E-10  1.218    
  12      0.5985547E-09 0.6720E-10  0.6656588E-09 0.2031E-10  1.206    
  13      0.6224414E-09 0.6662E-10  0.6624120E-09 0.1943E-10  1.145    
  14      0.5978100E-09 0.6696E-10  0.6582650E-09 0.1868E-10  1.126    
  15      0.6881260E-09 0.6677E-10  0.6606184E-09 0.1798E-10  1.053    



 INPUT PARAMETERS FOR VEGAS:  NDIM=  4  NCALL=  664301250.
                              IT=    0  ITMX=   30
                              MDS= -1   ND=  45
   1      0.6624808E-09 0.5473E-10  0.6624808E-09 0.5473E-10  0.000    
   2      0.5468054E-09 0.5494E-10  0.6158204E-09 0.3876E-10  2.144    
   3      0.6892196E-09 0.5487E-10  0.6445323E-09 0.3166E-10  1.618    
   4      0.6180258E-09 0.5469E-10  0.6381593E-09 0.2740E-10  1.151    
   5      0.6837064E-09 0.5553E-10  0.6482746E-09 0.2458E-10 0.9827    
   6      0.6131774E-09 0.5515E-10  0.6428929E-09 0.2245E-10 0.8613    
   7      0.5907402E-09 0.5470E-10  0.6363015E-09 0.2077E-10 0.8486    
   8      0.5444068E-09 0.5476E-10  0.6274132E-09 0.1942E-10  1.031    
   9      0.6413695E-09 0.5459E-10  0.6290739E-09 0.1830E-10 0.9029    
  10      0.6477081E-09 0.5505E-10  0.6310608E-09 0.1736E-10 0.8083    
  11      0.5944237E-09 0.5467E-10  0.6280028E-09 0.1655E-10 0.7715    
  12      0.6451418E-09 0.5532E-10  0.6295041E-09 0.1586E-10 0.7056    
  13      0.6994504E-09 0.5544E-10  0.6360086E-09 0.1525E-10 0.7824    
  14      0.5761025E-09 0.5462E-10  0.6323530E-09 0.1469E-10 0.8042    
  15      0.6133189E-09 0.5488E-10  0.6311326E-09 0.1419E-10 0.7566    
  16      0.6562852E-09 0.5536E-10  0.6328255E-09 0.1374E-10 0.7159    
  17      0.6120856E-09 0.5463E-10  0.6316495E-09 0.1333E-10 0.6812    
  18      0.6329066E-09 0.5527E-10  0.6317198E-09 0.1296E-10 0.6405    
  19      0.6737971E-09 0.5501E-10  0.6342502E-09 0.1261E-10 0.6350    
  20      0.7032694E-09 0.5514E-10  0.6384743E-09 0.1230E-10 0.6896    
  21      0.5907730E-09 0.5466E-10  0.6364660E-09 0.1200E-10 0.6911    
  22      0.6177989E-09 0.5532E-10  0.6356630E-09 0.1172E-10 0.6645    
  23      0.6375777E-09 0.5453E-10  0.6357492E-09 0.1146E-10 0.6338    
  24      0.6431074E-09 0.5505E-10  0.6360658E-09 0.1122E-10 0.6061    
  25      0.5859697E-09 0.5475E-10  0.6343198E-09 0.1099E-10 0.6132    
  26      0.6385875E-09 0.5477E-10  0.6344893E-09 0.1078E-10 0.5883    
  27      0.6757408E-09 0.5475E-10  0.6362473E-09 0.1057E-10 0.5865    
  28      0.5707426E-09 0.5473E-10  0.6343138E-09 0.1038E-10 0.6107    
  29      0.7256513E-09 0.5512E-10  0.6384179E-09 0.1020E-10 0.7052    
  30      0.5718694E-09 0.5541E-10  0.6366295E-09 0.1003E-10 0.7248    
   
   
 Integral Plus:   6.3662954860643679E-010 +-   1.0034550865153942E-011
 with chisq    =  0.72477802874797770     
  
  
  
 For xq =         4000 
  
 RM48 INITIALIZED:        40           0         0



 INPUT PARAMETERS FOR VEGAS:  NDIM=  4  NCALL=  457773282.
                              IT=    0  ITMX=   15
                              MDS= -1   ND=  41
   1      0.2992849E-09 0.7816E-10  0.2992849E-09 0.7816E-10  0.000    
   2      0.3249754E-09 0.3406E-10  0.3214122E-09 0.3038E-10 0.8541E-01
   3      0.3013433E-09 0.3196E-10  0.3122434E-09 0.2213E-10 0.1457    
   4      0.3854849E-09 0.3125E-10  0.3443805E-09 0.1770E-10  1.491    
   5      0.3514066E-09 0.3099E-10  0.3462807E-09 0.1532E-10  1.099    
   6      0.3515798E-09 0.3108E-10  0.3474049E-09 0.1372E-10 0.8686    
   7      0.3019772E-09 0.3182E-10  0.3415066E-09 0.1262E-10 0.9889    
   8      0.3184791E-09 0.3135E-10  0.3385240E-09 0.1171E-10 0.9186    
   9      0.3230763E-09 0.3201E-10  0.3367728E-09 0.1100E-10 0.8325    
  10      0.2913531E-09 0.3149E-10  0.3328223E-09 0.1040E-10 0.9251    
  11      0.3211953E-09 0.3173E-10  0.3317258E-09 0.9880E-11 0.8467    
  12      0.3138028E-09 0.3140E-10  0.3302168E-09 0.9427E-11 0.7996    
  13      0.3872009E-09 0.3173E-10  0.3365715E-09 0.9029E-11  1.039    
  14      0.3198674E-09 0.3195E-10  0.3354050E-09 0.8689E-11 0.9815    
  15      0.2800699E-09 0.3220E-10  0.3326348E-09 0.8390E-11  1.076    



 INPUT PARAMETERS FOR VEGAS:  NDIM=  4  NCALL=  664301250.
                              IT=    0  ITMX=   30
                              MDS= -1   ND=  45
   1      0.2816354E-09 0.2617E-10  0.2816354E-09 0.2617E-10  0.000    
   2      0.3490184E-09 0.2623E-10  0.3223739E-09 0.1853E-10  3.162    
   3      0.3154707E-09 0.2624E-10  0.3200933E-09 0.1514E-10  1.609    
   4      0.3046696E-09 0.2632E-10  0.3164767E-09 0.1312E-10  1.176    
   5      0.3344791E-09 0.2618E-10  0.3204761E-09 0.1173E-10 0.9600    
   6      0.3006404E-09 0.2622E-10  0.3174661E-09 0.1071E-10 0.8701    
   7      0.3361431E-09 0.2603E-10  0.3204827E-09 0.9901E-11 0.7914    
   8      0.3220891E-09 0.2605E-10  0.3206898E-09 0.9255E-11 0.6768    
   9      0.3328907E-09 0.2609E-10  0.3221628E-09 0.8722E-11 0.6122    
  10      0.3298027E-09 0.2675E-10  0.3229368E-09 0.8293E-11 0.5495    
  11      0.3229137E-09 0.2634E-10  0.3229347E-09 0.7910E-11 0.4941    
  12      0.3154600E-09 0.2621E-10  0.3223319E-09 0.7573E-11 0.4571    
  13      0.3184621E-09 0.2607E-10  0.3220350E-09 0.7272E-11 0.4212    
  14      0.2944774E-09 0.2653E-10  0.3203935E-09 0.7013E-11 0.4597    
  15      0.3375091E-09 0.2635E-10  0.3216519E-09 0.6777E-11 0.4545    
  16      0.3276688E-09 0.2629E-10  0.3220434E-09 0.6563E-11 0.4264    
  17      0.3232420E-09 0.2611E-10  0.3221157E-09 0.6364E-11 0.3995    
  18      0.2904513E-09 0.2618E-10  0.3206528E-09 0.6185E-11 0.4478    
  19      0.3321058E-09 0.2619E-10  0.3213049E-09 0.6019E-11 0.4319    
  20      0.3093216E-09 0.2605E-10  0.3207354E-09 0.5865E-11 0.4204    
  21      0.2942549E-09 0.2616E-10  0.3196521E-09 0.5723E-11 0.4443    
  22      0.3825975E-09 0.2646E-10  0.3236376E-09 0.5594E-11 0.7723    
  23      0.3258259E-09 0.2622E-10  0.3237354E-09 0.5471E-11 0.7366    
  24      0.2905917E-09 0.2645E-10  0.3226168E-09 0.5357E-11 0.7643    
  25      0.3477304E-09 0.2605E-10  0.3238087E-09 0.5247E-11 0.7704    
  26      0.3526198E-09 0.2620E-10  0.3251344E-09 0.5145E-11 0.7889    
  27      0.3519063E-09 0.2651E-10  0.3262815E-09 0.5051E-11 0.7976    
  28      0.3294404E-09 0.2614E-10  0.3263989E-09 0.4959E-11 0.7677    
  29      0.3280286E-09 0.2630E-10  0.3264562E-09 0.4874E-11 0.7398    
  30      0.3221729E-09 0.2646E-10  0.3263174E-09 0.4793E-11 0.7154    
   
   
 Integral Plus:   3.2631738099922516E-010 +-   4.7929306172141486E-012
 with chisq    =  0.71544144088028239     
  
  
  
 For xq =         4300 
  
 RM48 INITIALIZED:        40           0         0



 INPUT PARAMETERS FOR VEGAS:  NDIM=  4  NCALL=  457773282.
                              IT=    0  ITMX=   15
                              MDS= -1   ND=  41
   1      0.1655456E-09 0.3726E-10  0.1655456E-09 0.3726E-10  0.000    
   2      0.1643614E-09 0.1601E-10  0.1645481E-09 0.1475E-10 0.8568E-03
   3      0.1535013E-09 0.1515E-10  0.1595693E-09 0.1068E-10 0.1328    
   4      0.1785147E-09 0.1521E-10  0.1667073E-09 0.8667E-11 0.4578    
   5      0.1766286E-09 0.1510E-10  0.1694089E-09 0.7494E-11 0.4211    
   6      0.1364824E-09 0.1496E-10  0.1647287E-09 0.6741E-11 0.9389    
   7      0.1479945E-09 0.1500E-10  0.1623423E-09 0.6163E-11 0.9529    
   8      0.1875457E-09 0.1532E-10  0.1668789E-09 0.5703E-11  1.194    
   9      0.1745690E-09 0.1520E-10  0.1679297E-09 0.5336E-11  1.061    
  10      0.1673507E-09 0.1507E-10  0.1678641E-09 0.5029E-11 0.9413    
  11      0.1777269E-09 0.1516E-10  0.1689699E-09 0.4771E-11 0.8785    
  12      0.1811064E-09 0.1506E-10  0.1702502E-09 0.4545E-11 0.8483    
  13      0.2085537E-09 0.1516E-10  0.1749016E-09 0.4347E-11  1.437    
  14      0.1644112E-09 0.1526E-10  0.1741747E-09 0.4182E-11  1.366    
  15      0.1623878E-09 0.1515E-10  0.1734183E-09 0.4032E-11  1.313    



 INPUT PARAMETERS FOR VEGAS:  NDIM=  4  NCALL=  664301250.
                              IT=    0  ITMX=   30
                              MDS= -1   ND=  45
   1      0.1452669E-09 0.1244E-10  0.1452669E-09 0.1244E-10  0.000    
   2      0.1753639E-09 0.1241E-10  0.1631429E-09 0.8784E-11  2.831    
   3      0.1725625E-09 0.1251E-10  0.1665477E-09 0.7191E-11  1.547    
   4      0.1754283E-09 0.1242E-10  0.1689901E-09 0.6222E-11  1.134    
   5      0.1615232E-09 0.1247E-10  0.1675887E-09 0.5568E-11 0.9313    
   6      0.1635715E-09 0.1237E-10  0.1669314E-09 0.5077E-11 0.7665    
   7      0.1554273E-09 0.1241E-10  0.1654592E-09 0.4700E-11 0.7616    
   8      0.1729586E-09 0.1241E-10  0.1664851E-09 0.4395E-11 0.6934    
   9      0.1723808E-09 0.1246E-10  0.1671857E-09 0.4145E-11 0.6276    
  10      0.1776373E-09 0.1253E-10  0.1683452E-09 0.3935E-11 0.6274    
  11      0.1700358E-09 0.1249E-10  0.1685020E-09 0.3754E-11 0.5649    
  12      0.1820405E-09 0.1245E-10  0.1698123E-09 0.3594E-11 0.6188    
  13      0.1681494E-09 0.1247E-10  0.1696859E-09 0.3453E-11 0.5690    
  14      0.1651857E-09 0.1274E-10  0.1693905E-09 0.3333E-11 0.5355    
  15      0.1647483E-09 0.1248E-10  0.1690946E-09 0.3220E-11 0.5076    
  16      0.1709345E-09 0.1253E-10  0.1692118E-09 0.3119E-11 0.4743    
  17      0.1689099E-09 0.1244E-10  0.1691939E-09 0.3025E-11 0.4445    
  18      0.1570145E-09 0.1250E-10  0.1686053E-09 0.2940E-11 0.4679    
  19      0.1556058E-09 0.1244E-10  0.1680109E-09 0.2861E-11 0.4953    
  20      0.1444493E-09 0.1237E-10  0.1671074E-09 0.2788E-11 0.6139    
  21      0.1360654E-09 0.1272E-10  0.1661391E-09 0.2722E-11 0.7889    
  22      0.1473829E-09 0.1234E-10  0.1654369E-09 0.2659E-11 0.8437    
  23      0.1760680E-09 0.1255E-10  0.1659584E-09 0.2601E-11 0.8356    
  24      0.1468929E-09 0.1242E-10  0.1653161E-09 0.2546E-11 0.8855    
  25      0.1730221E-09 0.1248E-10  0.1656573E-09 0.2495E-11 0.8616    
  26      0.1657403E-09 0.1247E-10  0.1656605E-09 0.2446E-11 0.8266    
  27      0.1605734E-09 0.1263E-10  0.1654848E-09 0.2402E-11 0.8020    
  28      0.1475304E-09 0.1242E-10  0.1649595E-09 0.2358E-11 0.8386    
  29      0.1701739E-09 0.1249E-10  0.1651527E-09 0.2317E-11 0.8129    
  30      0.1653498E-09 0.1246E-10  0.1651594E-09 0.2278E-11 0.7844    
   
   
 Integral Plus:   1.6515943641696320E-010 +-   2.2779384065423885E-012
 with chisq    =  0.78442691992340197     
  
  
  
 For xq =         4600 
  
 RM48 INITIALIZED:        40           0         0



 INPUT PARAMETERS FOR VEGAS:  NDIM=  4  NCALL=  457773282.
                              IT=    0  ITMX=   15
                              MDS= -1   ND=  41
   1      0.7571077E-10 0.1750E-10  0.7571077E-10 0.1750E-10  0.000    
   2      0.8477140E-10 0.7669E-11  0.8356800E-10 0.6771E-11 0.2063    
   3      0.7664435E-10 0.7212E-11  0.8048743E-10 0.4968E-11 0.3462    
   4      0.8106601E-10 0.7144E-11  0.8068214E-10 0.4071E-11 0.2295    
   5      0.8750763E-10 0.7088E-11  0.8262672E-10 0.3513E-11 0.3575    
   6      0.8647012E-10 0.7105E-11  0.8345997E-10 0.3143E-11 0.3306    
   7      0.9897320E-10 0.7138E-11  0.8686675E-10 0.2865E-11  1.096    
   8      0.7574422E-10 0.7096E-11  0.8558575E-10 0.2661E-11  1.218    
   9      0.7870715E-10 0.7197E-11  0.8484392E-10 0.2497E-11  1.171    
  10      0.1005006E-09 0.7215E-11  0.8717531E-10 0.2356E-11  1.617    
  11      0.8282085E-10 0.7209E-11  0.8677478E-10 0.2240E-11  1.494    
  12      0.8020447E-10 0.7534E-11  0.8629383E-10 0.2147E-11  1.428    
  13      0.8761168E-10 0.7389E-11  0.8640353E-10 0.2061E-11  1.304    
  14      0.9610933E-10 0.7292E-11  0.8730866E-10 0.1983E-11  1.335    
  15      0.9557150E-10 0.7185E-11  0.8802544E-10 0.1911E-11  1.326    



 INPUT PARAMETERS FOR VEGAS:  NDIM=  4  NCALL=  664301250.
                              IT=    0  ITMX=   30
                              MDS= -1   ND=  45
   1      0.8303801E-10 0.5961E-11  0.8303801E-10 0.5961E-11  0.000    
   2      0.7297452E-10 0.5956E-11  0.7864889E-10 0.4214E-11  1.403    
   3      0.8007644E-10 0.5912E-11  0.7914531E-10 0.3431E-11 0.7097    
   4      0.9381830E-10 0.5926E-11  0.8387060E-10 0.2969E-11  2.206    
   5      0.7835388E-10 0.5980E-11  0.8287350E-10 0.2659E-11  1.850    
   6      0.7822912E-10 0.5976E-11  0.8216383E-10 0.2429E-11  1.597    
   7      0.9239729E-10 0.6026E-11  0.8393751E-10 0.2254E-11  1.770    
   8      0.9469342E-10 0.5923E-11  0.8564292E-10 0.2106E-11  1.959    
   9      0.7988714E-10 0.5919E-11  0.8505858E-10 0.1984E-11  1.831    
  10      0.8953906E-10 0.6006E-11  0.8555249E-10 0.1884E-11  1.667    
  11      0.6960120E-10 0.6086E-11  0.8458082E-10 0.1799E-11  1.996    
  12      0.8339211E-10 0.5962E-11  0.8448154E-10 0.1722E-11  1.818    
  13      0.9652562E-10 0.5946E-11  0.8569922E-10 0.1654E-11  2.025    
  14      0.7799390E-10 0.5910E-11  0.8521660E-10 0.1593E-11  1.995    
  15      0.8666205E-10 0.5935E-11  0.8531953E-10 0.1539E-11  1.849    
  16      0.9537438E-10 0.5956E-11  0.8611289E-10 0.1490E-11  1.916    
  17      0.9549740E-10 0.5944E-11  0.8680334E-10 0.1445E-11  1.948    
  18      0.8910262E-10 0.5954E-11  0.8694129E-10 0.1404E-11  1.834    
  19      0.9421542E-10 0.5908E-11  0.8740535E-10 0.1366E-11  1.808    
  20      0.8599725E-10 0.5994E-11  0.8733621E-10 0.1332E-11  1.716    
  21      0.8752932E-10 0.5970E-11  0.8734563E-10 0.1300E-11  1.628    
  22      0.9414022E-10 0.5961E-11  0.8770955E-10 0.1270E-11  1.606    
  23      0.8744718E-10 0.5977E-11  0.8769801E-10 0.1242E-11  1.532    
  24      0.7771964E-10 0.5928E-11  0.8735793E-10 0.1216E-11  1.574    
  25      0.8502935E-10 0.5923E-11  0.8726650E-10 0.1191E-11  1.516    
  26      0.7726217E-10 0.5959E-11  0.8695606E-10 0.1168E-11  1.555    
  27      0.9068168E-10 0.5944E-11  0.8710952E-10 0.1146E-11  1.505    
  28      0.8570136E-10 0.5991E-11  0.8706030E-10 0.1126E-11  1.452    
  29      0.9059189E-10 0.5905E-11  0.8719678E-10 0.1106E-11  1.408    
  30      0.8838969E-10 0.5961E-11  0.8723836E-10 0.1087E-11  1.359    
   
   
 Integral Plus:   8.7238359288638797E-011 +-   1.0871904567966892E-012
 with chisq    =   1.3588756667440871     
  
  
  
 For xq =         4900 
  
 RM48 INITIALIZED:        40           0         0



 INPUT PARAMETERS FOR VEGAS:  NDIM=  4  NCALL=  457773282.
                              IT=    0  ITMX=   15
                              MDS= -1   ND=  41
   1      0.4049547E-10 0.8151E-11  0.4049547E-10 0.8151E-11  0.000    
   2      0.3710781E-10 0.3555E-11  0.3773342E-10 0.3359E-11 0.1531    
   3      0.3979959E-10 0.3412E-11  0.3877577E-10 0.2384E-11 0.1691    
   4      0.3831605E-10 0.3364E-11  0.3862648E-10 0.1949E-11 0.1180    
   5      0.4567717E-10 0.3326E-11  0.4088802E-10 0.1665E-11  1.059    
   6      0.3996347E-10 0.3319E-11  0.4070512E-10 0.1489E-11 0.8621    
   7      0.4730570E-10 0.3345E-11  0.4211966E-10 0.1355E-11  1.348    
   8      0.3888275E-10 0.3364E-11  0.4171434E-10 0.1258E-11  1.276    
   9      0.4673901E-10 0.3364E-11  0.4248416E-10 0.1176E-11  1.377    
  10      0.4464868E-10 0.3395E-11  0.4274554E-10 0.1111E-11  1.251    
  11      0.4588420E-10 0.3416E-11  0.4309661E-10 0.1056E-11  1.195    
  12      0.4498235E-10 0.3425E-11  0.4327874E-10 0.1009E-11  1.103    
  13      0.3800346E-10 0.3459E-11  0.4294463E-10 0.9687E-12  1.174    
  14      0.3888828E-10 0.3427E-11  0.4268792E-10 0.9323E-12  1.182    
  15      0.4271554E-10 0.3409E-11  0.4268989E-10 0.8993E-12  1.095    



 INPUT PARAMETERS FOR VEGAS:  NDIM=  4  NCALL=  664301250.
                              IT=    0  ITMX=   30
                              MDS= -1   ND=  45
   1      0.4642846E-10 0.2810E-11  0.4642846E-10 0.2810E-11  0.000    
   2      0.4780102E-10 0.2822E-11  0.4713160E-10 0.1991E-11 0.1187    
   3      0.4058258E-10 0.2819E-11  0.4536222E-10 0.1626E-11  1.664    
   4      0.3753170E-10 0.2797E-11  0.4387404E-10 0.1407E-11  2.791    
   5      0.4459036E-10 0.2814E-11  0.4402418E-10 0.1258E-11  2.082    
   6      0.4144952E-10 0.2794E-11  0.4362474E-10 0.1147E-11  1.824    
   7      0.3988369E-10 0.2793E-11  0.4315456E-10 0.1061E-11  1.780    
   8      0.4515456E-10 0.2809E-11  0.4342929E-10 0.9929E-12  1.573    
   9      0.4579681E-10 0.2789E-11  0.4372609E-10 0.9353E-12  1.444    
  10      0.4720628E-10 0.2818E-11  0.4412778E-10 0.8878E-12  1.435    
  11      0.4065484E-10 0.2828E-11  0.4385567E-10 0.8469E-12  1.429    
  12      0.4339560E-10 0.2802E-11  0.4381731E-10 0.8107E-12  1.302    
  13      0.4092023E-10 0.2800E-11  0.4361716E-10 0.7787E-12  1.278    
  14      0.4064064E-10 0.2807E-11  0.4342807E-10 0.7504E-12  1.262    
  15      0.4102811E-10 0.2809E-11  0.4328237E-10 0.7250E-12  1.224    
  16      0.4048578E-10 0.2791E-11  0.4312439E-10 0.7017E-12  1.207    
  17      0.4154694E-10 0.2833E-11  0.4303826E-10 0.6811E-12  1.153    
  18      0.4503560E-10 0.2821E-11  0.4315965E-10 0.6621E-12  1.109    
  19      0.4475701E-10 0.2820E-11  0.4325012E-10 0.6446E-12  1.061    
  20      0.4875087E-10 0.2797E-11  0.4360184E-10 0.6281E-12  1.232    
  21      0.3896935E-10 0.2805E-11  0.4342096E-10 0.6129E-12  1.288    
  22      0.3974202E-10 0.2805E-11  0.4327735E-10 0.5988E-12  1.303    
  23      0.4461876E-10 0.2808E-11  0.4334013E-10 0.5856E-12  1.250    
  24      0.3730532E-10 0.2802E-11  0.4314817E-10 0.5732E-12  1.357    
  25      0.4342777E-10 0.2789E-11  0.4315983E-10 0.5615E-12  1.299    
  26      0.4158953E-10 0.2790E-11  0.4310205E-10 0.5505E-12  1.261    
  27      0.3976629E-10 0.2799E-11  0.4299413E-10 0.5401E-12  1.265    
  28      0.4342916E-10 0.2794E-11  0.4301035E-10 0.5303E-12  1.217    
  29      0.4450458E-10 0.2828E-11  0.4306533E-10 0.5212E-12  1.181    
  30      0.4369175E-10 0.2831E-11  0.4308675E-10 0.5126E-12  1.140    
   
   
 Integral Plus:   4.3086745282725931E-011 +-   5.1263067079668838E-013
 with chisq    =   1.1399782593737753     
  
  
  
    xq         Integral Plus                 error
    100      0.100126725472140E-01      0.217250714257940E-03
    400      0.475039709274490E-04      0.160064077924880E-05
    700      0.451388224604122E-05      0.165792457246064E-06
   1000      0.105233520616075E-05      0.340983948728541E-07
   1300      0.318907412616575E-06      0.966518764780585E-08
   1600      0.115704623516801E-06      0.326049808676262E-08
   1900      0.517079933922009E-07      0.123115810185011E-08
   2200      0.223007993975475E-07      0.503987845409144E-09
   2500      0.103254359571314E-07      0.218293487471431E-09
   2800      0.488490295044099E-08      0.979908707176741E-10
   3100      0.254237533562879E-08      0.449451514594867E-10
   3400      0.127640260024251E-08      0.210805609676273E-10
   3700      0.636629548606437E-09      0.100345508651539E-10
   4000      0.326317380999225E-09      0.479293061721415E-11
   4300      0.165159436416963E-09      0.227793840654239E-11
   4600      0.872383592886388E-10      0.108719045679669E-11
   4900      0.430867452827259E-10      0.512630670796688E-12
Thanks for using LHAPDF 6.5.4. Please make sure to cite the paper:
  Eur.Phys.J. C75 (2015) 3, 132  (http://arxiv.org/abs/1412.7420)
