   100.00000000000000        3.5302373565910115        1.5284050326726925E-002
   200.00000000000000       0.23043831823120614        1.5842936292494558E-003
   300.00000000000000        4.3816200570067812E-002   3.7756049616500685E-004
   400.00000000000000        1.4373596526974373E-002   1.2905428856198721E-004
   500.00000000000000        5.4519446181291410E-003   5.6941859945411500E-005
   600.00000000000000        2.4996330230854869E-003   2.7242558475499672E-005
   700.00000000000000        1.2457387989450229E-003   1.4544577624647259E-005
   800.00000000000000        6.9003819944029612E-004   8.2100965995722025E-006
   900.00000000000000        4.0445823319608116E-004   4.9949148673717433E-006
   1000.0000000000000        2.4095564963218041E-004   3.1001540818440702E-006
 Directory not found ../summary/run_01                                                                                   
 Making new directory..
/home/niraj/OneDrive/WorkSpaceIITG/Generalfiles/integrators/DY1/summary/run_01
 Directory constructed successfully🤩
  
LHAPDF 6.5.4 loading /home/niraj/1TB-Disc/Workspace-IITG/Packages/Install/LHAPDF-6.5.4/install/share/LHAPDF/MMHT2014nlo68cl/MMHT2014nlo68cl_0000.dat
MMHT2014nlo68cl PDF set, member #0, version 3; LHAPDF ID = 25100
   
   
 ~~~~~~~~~~~~~~~~~~~~~~~~~~~~~~~~~~~~~~~~~~~~
     Calculating P and K terms
 ~~~~~~~~~~~~~~~~~~~~~~~~~~~~~~~~~~~~~~~~~~~~
   
   
   
 ~~~~~~~~~~~~~~~~~~~~~~~~~~~~~~~~~~~~~~~~~~~~
     Calculating [+] distribution
 ~~~~~~~~~~~~~~~~~~~~~~~~~~~~~~~~~~~~~~~~~~~~
   
 ~~~~~~~~~~~~~~~~~~~~~~~~~~~~~~~~~~~~~~~~
Using Vegas points:                   5.E+08
         Iteration:                   10
 ~~~~~~~~~~~~~~~~~~~~~~~~~~~~~~~~~~~~~~~~
  
 For xq =          100 
  
 RM48 INITIALIZED:        40           0         0



 INPUT PARAMETERS FOR VEGAS:  NDIM=  4  NCALL=  457773282.
                              IT=    0  ITMX=   10
                              MDS= -1   ND=  41
   1       1.692283      3.829       1.692283      3.829      0.000    
   2      0.3153752     0.4451      0.7010001      1.458     0.1799    
   3     -0.4649839     0.2174     -0.3107949     0.4483     0.5139    
   4     -0.2296278     0.1138     -0.2754215     0.2940     0.4556    
   5     -0.4028543     0.8725E-01 -0.3640118     0.1488     0.4455    
   6     -0.2896711     0.1429     -0.3552286     0.1291     0.4243    
   7     -0.3955324     0.1031     -0.3672194     0.1024     0.4002    
   8     -0.4113011     0.7961E-01 -0.3826616     0.7900E-01 0.3847    
   9     -0.4116463     0.7653E-01 -0.3906389     0.6481E-01 0.3675    
  10     -0.3320486     0.7644E-01 -0.3817233     0.5739E-01 0.3681    



 INPUT PARAMETERS FOR VEGAS:  NDIM=  4  NCALL=  664301250.
                              IT=    0  ITMX=   20
                              MDS= -1   ND=  45
   1     -0.3728597     0.6330E-01 -0.3728597     0.6330E-01  0.000    
   2     -0.3479343     0.6239E-01 -0.3610773     0.4446E-01 0.7835E-01
   3     -0.3836815     0.6208E-01 -0.3693800     0.3613E-01 0.8300E-01
   4     -0.3918883     0.6247E-01 -0.3755594     0.3128E-01 0.8796E-01
   5     -0.4884090     0.8517E-01 -0.3966154     0.3012E-01 0.5905    
   6     -0.3670378     0.6210E-01 -0.3917226     0.2715E-01 0.5179    
   7     -0.3368831     0.6360E-01 -0.3852902     0.2501E-01 0.5319    
   8     -0.3624426     0.6465E-01 -0.3826373     0.2333E-01 0.4770    
   9     -0.2943411     0.6305E-01 -0.3760569     0.2193E-01 0.5772    
  10     -0.4649675     0.6256E-01 -0.3901841     0.2064E-01 0.7624    
  11     -0.3107967     0.1450     -0.3891483     0.2018E-01 0.7285    
  12     -0.3520341     0.6257E-01 -0.3860884     0.1922E-01 0.6955    
  13     -0.4782551     0.6218E-01 -0.3983951     0.1831E-01 0.8532    
  14     -0.3999301     0.6379E-01 -0.3985202     0.1760E-01 0.7833    
  15     -0.3736560     0.6168E-01 -0.3967627     0.1693E-01 0.7407    
  16     -0.3575532     0.6248E-01 -0.3944357     0.1634E-01 0.7188    
  17     -0.4461698     0.6276E-01 -0.3987758     0.1580E-01 0.7118    
  18     -0.4170379     0.6204E-01 -0.4000502     0.1531E-01 0.6696    
  19     -0.2843046     0.6500E-01 -0.3967289     0.1490E-01 0.7418    
  20     -0.3697906     0.6265E-01 -0.3953912     0.1450E-01 0.7140    
   
   
 Integral Plus: -0.39539115403078973      +-   1.4497492503631937E-002
 with chisq    =  0.71397237181341233     
  
  
  
 For xq =          200 
  
 RM48 INITIALIZED:        40           0         0



 INPUT PARAMETERS FOR VEGAS:  NDIM=  4  NCALL=  457773282.
                              IT=    0  ITMX=   10
                              MDS= -1   ND=  41
   1     -0.5457895E-01 0.2552     -0.5457895E-01 0.2552      0.000    
   2      0.2748315E-01 0.4018E-01  0.2017267E-01 0.6029E-01 0.1503    
   3     -0.9869626E-01 0.1056     -0.5470324E-01 0.5689E-01 0.5401    
   4     -0.7180270E-03 0.2258E-01 -0.5466393E-01 0.4925E-01 0.4804    
   5     -0.1573855E-01 0.9438E-02 -0.2870321E-01 0.2566E-01 0.5700    
   6     -0.1807079E-01 0.8777E-02 -0.2334298E-01 0.1669E-01 0.5548    
   7     -0.1347372E-01 0.8207E-02 -0.2094729E-01 0.1353E-01 0.5488    
   8     -0.1620413E-01 0.8019E-02 -0.1967214E-01 0.1092E-01 0.5332    
   9     -0.2444296E-01 0.7866E-02 -0.2152630E-01 0.8216E-02 0.5141    
  10      0.4280595E-02 0.8313E-02 -0.2125375E-01 0.7758E-02 0.5200    



 INPUT PARAMETERS FOR VEGAS:  NDIM=  4  NCALL=  664301250.
                              IT=    0  ITMX=   20
                              MDS= -1   ND=  45
   1     -0.2014797E-01 0.6646E-02 -0.2014797E-01 0.6646E-02  0.000    
   2     -0.1191871E-01 0.6665E-02 -0.1802386E-01 0.4703E-02 0.5864    
   3     -0.2677185E-01 0.6620E-02 -0.2300124E-01 0.3830E-02 0.8303    
   4     -0.1888104E-01 0.6662E-02 -0.2210128E-01 0.3320E-02 0.6634    
   5     -0.1721218E-01 0.1035E-01 -0.2175938E-01 0.3114E-02 0.5660    
   6     -0.2407852E-02 0.6573E-02 -0.2169392E-01 0.2842E-02 0.5729    
   7     -0.1312471E-01 0.6926E-02 -0.2098273E-01 0.2630E-02 0.6458    
   8     -0.7107449E-02 0.6597E-02 -0.2062026E-01 0.2457E-02 0.7337    
   9     -0.2324656E-01 0.6562E-02 -0.2119869E-01 0.2289E-02 0.6052    
  10     -0.2323166E-01 0.7180E-02 -0.2151425E-01 0.2187E-02 0.5103    
  11     -0.7458645E-02 0.7354E-02 -0.2130312E-01 0.2087E-02 0.5637    
  12     -0.1429254E-01 0.6602E-02 -0.2085399E-01 0.1993E-02 0.5938    
  13     -0.3373999E-01 0.6582E-02 -0.2425900E-01 0.1891E-02  1.196    
  14     -0.2256414E-01 0.6570E-02 -0.2407926E-01 0.1816E-02  1.078    
  15     -0.2762671E-02 0.6683E-02 -0.2404655E-01 0.1754E-02  1.087    
  16     -0.1286628E-01 0.6683E-02 -0.2368656E-01 0.1697E-02  1.138    
  17     -0.9920536E-02 0.6715E-02 -0.2343042E-01 0.1646E-02  1.193    
  18     -0.2150932E-01 0.6665E-02 -0.2327373E-01 0.1598E-02  1.102    
  19     -0.1145825E-01 0.6696E-02 -0.2300887E-01 0.1555E-02  1.144    
  20     -0.1246312E-01 0.6681E-02 -0.2273524E-01 0.1515E-02  1.177    
   
   
 Integral Plus:  -2.2735237386593467E-002 +-   1.5147546101661822E-003
 with chisq    =   1.1769761173554856     
  
  
  
 For xq =          300 
  
 RM48 INITIALIZED:        40           0         0



 INPUT PARAMETERS FOR VEGAS:  NDIM=  4  NCALL=  457773282.
                              IT=    0  ITMX=   10
                              MDS= -1   ND=  41
   1     -0.3126995E-01 0.8027E-01 -0.3126995E-01 0.8027E-01  0.000    
   2      0.5759562E-02 0.9538E-02 -0.5123396E-02 0.3129E-01 0.2907    
   3     -0.2850945E-02 0.3664E-02 -0.3896838E-02 0.1740E-01 0.2184    
   4      0.1083025E-02 0.2836E-02 -0.3323905E-02 0.1418E-01 0.1981    
   5      0.1375022E-02 0.2130E-02 -0.2161774E-02 0.1102E-01 0.1938    
   6     -0.2476796E-02 0.2002E-02 -0.2311767E-02 0.7301E-02 0.1851    
   7     -0.3536675E-02 0.1981E-02 -0.2921434E-02 0.4820E-02 0.1804    
   8     -0.1023940E-02 0.1931E-02 -0.2841606E-02 0.4415E-02 0.1776    
   9     -0.5937392E-02 0.2562E-02 -0.4221116E-02 0.3151E-02 0.1990    
  10     -0.1559829E-02 0.2227E-02 -0.4117016E-02 0.2934E-02 0.1995    



 INPUT PARAMETERS FOR VEGAS:  NDIM=  4  NCALL=  664301250.
                              IT=    0  ITMX=   20
                              MDS= -1   ND=  45
   1     -0.2602786E-02 0.1624E-02 -0.2602786E-02 0.1624E-02  0.000    
   2     -0.2456003E-02 0.1614E-02 -0.2533169E-02 0.1145E-02 0.4097E-02
   3     -0.4245388E-02 0.1601E-02 -0.3543487E-02 0.9288E-03 0.4123    
   4     -0.1010069E-02 0.1614E-02 -0.3462817E-02 0.8044E-03 0.4567    
   5     -0.2184835E-02 0.1610E-02 -0.3296523E-02 0.7196E-03 0.4616    
   6     -0.1791724E-02 0.1686E-02 -0.3185284E-02 0.6593E-03 0.4788    
   7     -0.4904615E-02 0.1641E-02 -0.3819708E-02 0.6140E-03 0.5945    
   8     -0.9827672E-03 0.1619E-02 -0.3777196E-02 0.5743E-03 0.6251    
   9      0.7581478E-03 0.1656E-02 -0.3738827E-02 0.5416E-03 0.6835    
  10     -0.3278676E-02 0.1607E-02 -0.3672651E-02 0.5130E-03 0.5908    
  11     -0.9257422E-03 0.1600E-02 -0.3641242E-02 0.4890E-03 0.6140    
  12     -0.1479379E-04 0.1605E-02 -0.3641231E-02 0.4682E-03 0.6090    
  13     -0.2380030E-03 0.1606E-02 -0.3638681E-02 0.4498E-03 0.6079    
  14     -0.1325953E-02 0.1614E-02 -0.3586623E-02 0.4334E-03 0.6390    
  15      0.1291628E-02 0.1611E-02 -0.3484239E-02 0.4187E-03 0.8218    
  16     -0.1007210E-02 0.1652E-02 -0.3454530E-02 0.4055E-03 0.8374    
  17     -0.1036025E-02 0.1614E-02 -0.3422819E-02 0.3933E-03 0.8539    
  18      0.7021296E-04 0.1599E-02 -0.3422605E-02 0.3823E-03 0.8512    
  19      0.8204518E-03 0.1597E-02 -0.3387261E-02 0.3720E-03 0.9014    
  20     -0.3936449E-02 0.1613E-02 -0.3474191E-02 0.3623E-03 0.7740    
   
   
 Integral Plus:  -3.4741905673990785E-003 +-   3.6229759653278755E-004
 with chisq    =  0.77402082938620109     
  
  
  
 For xq =          400 
  
 RM48 INITIALIZED:        40           0         0



 INPUT PARAMETERS FOR VEGAS:  NDIM=  4  NCALL=  457773282.
                              IT=    0  ITMX=   10
                              MDS= -1   ND=  41
   1     -0.6166631E-01 0.3587E-01 -0.6166631E-01 0.3587E-01  0.000    
   2     -0.1064425E-02 0.3422E-02 -0.5974506E-01 0.2496E-01 0.1809    
   3      0.5528044E-03 0.1112E-02 -0.5522596E-01 0.1960E-01 0.4636    
   4      0.9845410E-03 0.9548E-03 -0.4152622E-01 0.1477E-01  1.302    
   5     -0.4147784E-03 0.7420E-03 -0.3877816E-01 0.1276E-01  1.383    
   6     -0.1854636E-03 0.6998E-03 -0.3820692E-01 0.1156E-01  1.360    
   7     -0.1246281E-02 0.7011E-03 -0.2343312E-01 0.8294E-02  2.116    
   8     -0.4613577E-03 0.6758E-03 -0.2215433E-01 0.7540E-02  2.142    
   9      0.2803714E-03 0.6643E-03 -0.2168687E-01 0.7034E-02  2.135    
  10      0.4658401E-03 0.6633E-03 -0.2047863E-01 0.6489E-02  2.175    



 INPUT PARAMETERS FOR VEGAS:  NDIM=  4  NCALL=  664301250.
                              IT=    0  ITMX=   20
                              MDS= -1   ND=  45
   1     -0.4678291E-04 0.5602E-03 -0.4678291E-04 0.5602E-03  0.000    
   2     -0.9554717E-04 0.5444E-03 -0.8654447E-04 0.3870E-03 0.2390E-02
   3      0.4991873E-03 0.5636E-03  0.4722719E-03 0.3250E-03 0.7128E-01
   4     -0.3086336E-03 0.5479E-03  0.2547921E-03 0.2794E-03 0.5697    
   5      0.4505945E-03 0.5531E-03  0.3268682E-03 0.2489E-03 0.3760    
   6     -0.1482321E-04 0.5659E-03  0.3267382E-03 0.2273E-03 0.3610    
   7      0.9581463E-03 0.5451E-03  0.7253973E-03 0.2076E-03 0.4915    
   8      0.4243871E-03 0.5863E-03  0.6962831E-03 0.1955E-03 0.4587    
   9      0.7634101E-04 0.5639E-03  0.6941929E-03 0.1844E-03 0.4547    
  10     -0.3691286E-03 0.5493E-03  0.6126478E-03 0.1748E-03 0.7062    
  11      0.1113719E-02 0.5612E-03  0.8134674E-03 0.1677E-03 0.6282    
  12      0.1981406E-03 0.5442E-03  0.8052753E-03 0.1605E-03 0.6326    
  13      0.7016018E-03 0.5482E-03  0.7906296E-03 0.1539E-03 0.5462    
  14      0.7191979E-03 0.5560E-03  0.7816219E-03 0.1483E-03 0.4763    
  15     -0.8903195E-04 0.5488E-03  0.7798984E-03 0.1433E-03 0.4781    
  16      0.2899533E-04 0.5504E-03  0.7797417E-03 0.1388E-03 0.4763    
  17     -0.4458502E-03 0.5796E-03  0.7275253E-03 0.1349E-03 0.6630    
  18      0.3337882E-03 0.5702E-03  0.7180471E-03 0.1312E-03 0.6565    
  19     -0.6754159E-03 0.5453E-03  0.5824429E-03 0.1274E-03  1.177    
  20      0.4334643E-03 0.5457E-03  0.5767111E-03 0.1241E-03  1.133    
   
   
 Integral Plus:   5.7671112080630858E-004 +-   1.2410441710102981E-004
 with chisq    =   1.1326610073880616     
  
  
  
 For xq =          500 
  
 RM48 INITIALIZED:        40           0         0



 INPUT PARAMETERS FOR VEGAS:  NDIM=  4  NCALL=  457773282.
                              IT=    0  ITMX=   10
                              MDS= -1   ND=  41
   1     -0.5915247E-02 0.7589E-02 -0.5915247E-02 0.7589E-02  0.000    
   2     -0.5986017E-03 0.9821E-03 -0.3897826E-02 0.4249E-02 0.3687    
   3     -0.5128878E-04 0.4337E-03 -0.3843657E-02 0.3445E-02 0.2852    
   4     -0.3035621E-03 0.3123E-03 -0.2117715E-02 0.2138E-02 0.4811    
   5      0.3771689E-03 0.6198E-03 -0.1717410E-02 0.1756E-02 0.5172    
   6      0.5561133E-03 0.4103E-03 -0.7099844E-03 0.1201E-02 0.6690    
   7      0.4509372E-03 0.2984E-03 -0.2975198E-03 0.8956E-03 0.7109    
   8      0.4036264E-03 0.2880E-03 -0.1334756E-03 0.7349E-03 0.7166    
   9      0.2315998E-03 0.2819E-03 -0.1062959E-03 0.6671E-03 0.7069    
  10      0.4247880E-03 0.2843E-03 -0.1356433E-05 0.5683E-03 0.7101    



 INPUT PARAMETERS FOR VEGAS:  NDIM=  4  NCALL=  664301250.
                              IT=    0  ITMX=   20
                              MDS= -1   ND=  45
   1      0.3395912E-03 0.2340E-03  0.3395912E-03 0.2340E-03  0.000    
   2      0.2891161E-03 0.2387E-03  0.3188695E-03 0.1668E-03 0.2215E-01
   3     -0.1061903E-03 0.2378E-03  0.2964012E-03 0.1363E-03 0.2593    
   4      0.1305058E-03 0.2348E-03  0.2838495E-03 0.1180E-03 0.2593    
   5     -0.1876783E-03 0.2462E-03  0.2250881E-03 0.1061E-03 0.7491    
   6     -0.1923538E-03 0.2410E-03  0.1749223E-03 0.9704E-04  1.022    
   7      0.3094554E-03 0.2376E-03  0.2075526E-03 0.8983E-04 0.8212    
   8      0.2160687E-03 0.2347E-03  0.2084729E-03 0.8392E-04 0.7196    
   9      0.2161818E-03 0.2440E-03  0.2091739E-03 0.7932E-04 0.6407    
  10      0.6059191E-04 0.2469E-03  0.2081441E-03 0.7527E-04 0.6310    
  11      0.3117171E-03 0.2482E-03  0.2240530E-03 0.7225E-04 0.5485    
  12     -0.3026347E-05 0.2409E-03  0.2240495E-03 0.6917E-04 0.5439    
  13      0.5207107E-03 0.2376E-03  0.3186007E-03 0.6628E-04 0.7325    
  14     -0.3167807E-03 0.2490E-03  0.2569546E-03 0.6413E-04  1.314    
  15      0.6624952E-04 0.2369E-03  0.2560653E-03 0.6196E-04  1.304    
  16      0.4498790E-04 0.2487E-03  0.2556540E-03 0.5999E-04  1.297    
  17      0.4620590E-03 0.2597E-03  0.2883791E-03 0.5899E-04  1.161    
  18      0.2842820E-03 0.2609E-03  0.2881491E-03 0.5757E-04  1.082    
  19      0.1264613E-03 0.2380E-03  0.2860190E-03 0.5601E-04  1.072    
  20      0.3902500E-03 0.2600E-03  0.2959319E-03 0.5494E-04 0.9712    
   
   
 Integral Plus:   2.9593194399440400E-004 +-   5.4942053196999245E-005
 with chisq    =  0.97115507001052270     
  
  
  
 For xq =          600 
  
 RM48 INITIALIZED:        40           0         0



 INPUT PARAMETERS FOR VEGAS:  NDIM=  4  NCALL=  457773282.
                              IT=    0  ITMX=   10
                              MDS= -1   ND=  41
   1      0.9518906E-03 0.4063E-02  0.9518906E-03 0.4063E-02  0.000    
   2      0.4949715E-03 0.4921E-03  0.5184836E-03 0.7346E-03 0.1889E-01
   3     -0.1056931E-03 0.3257E-03  0.4624107E-03 0.5750E-03 0.6221E-01
   4      0.5940505E-04 0.1800E-03  0.4281363E-03 0.4770E-03 0.7364E-01
   5      0.1421992E-03 0.1520E-03  0.3120978E-03 0.3317E-03 0.1127    
   6      0.1116171E-04 0.1450E-03  0.3112724E-03 0.3024E-03 0.1087    
   7      0.2362125E-03 0.1424E-03  0.2692330E-03 0.1900E-03 0.1073    
   8      0.3174517E-03 0.1395E-03  0.2939737E-03 0.1290E-03 0.1022    
   9      0.7272730E-04 0.1411E-03  0.2882989E-03 0.1203E-03 0.1108    
  10      0.1211735E-03 0.1394E-03  0.2769423E-03 0.1107E-03 0.1243    



 INPUT PARAMETERS FOR VEGAS:  NDIM=  4  NCALL=  664301250.
                              IT=    0  ITMX=   20
                              MDS= -1   ND=  45
   1      0.2849249E-03 0.1149E-03  0.2849249E-03 0.1149E-03  0.000    
   2      0.1361735E-03 0.1155E-03  0.2575047E-03 0.8129E-04 0.5034    
   3      0.1159827E-03 0.1147E-03  0.2406244E-03 0.6636E-04 0.5716    
   4      0.1501735E-03 0.1147E-03  0.2255356E-03 0.5745E-04 0.5385    
   5      0.2417168E-03 0.1147E-03  0.2304170E-03 0.5135E-04 0.3582    
   6      0.2056042E-03 0.1151E-03  0.2259967E-03 0.4690E-04 0.2906    
   7      0.1432985E-03 0.1198E-03  0.2198762E-03 0.4356E-04 0.3011    
   8      0.1305006E-03 0.1167E-03  0.2144496E-03 0.4078E-04 0.3157    
   9      0.1593178E-03 0.1154E-03  0.2097767E-03 0.3844E-04 0.3044    
  10      0.1253940E-03 0.1145E-03  0.2055048E-03 0.3646E-04 0.3143    
  11      0.1291598E-03 0.1149E-03  0.2016422E-03 0.3476E-04 0.3186    
  12      0.1521234E-03 0.1149E-03  0.1983950E-03 0.3327E-04 0.3077    
  13      0.5301638E-04 0.1155E-03  0.1972584E-03 0.3196E-04 0.3166    
  14      0.1789050E-03 0.1160E-03  0.1957699E-03 0.3082E-04 0.2909    
  15      0.3618416E-03 0.1288E-03  0.2309816E-03 0.3055E-04 0.5693    
  16      0.2256879E-03 0.1187E-03  0.2305130E-03 0.2959E-04 0.5165    
  17      0.3292402E-03 0.1151E-03  0.2470089E-03 0.2857E-04 0.5363    
  18      0.1751811E-03 0.1166E-03  0.2438465E-03 0.2776E-04 0.5279    
  19      0.1572983E-03 0.1156E-03  0.2408286E-03 0.2700E-04 0.5278    
  20     -0.2343255E-04 0.1155E-03  0.2406241E-03 0.2631E-04 0.5301    
   
   
 Integral Plus:   2.4062406561907920E-004 +-   2.6314082508118704E-005
 with chisq    =  0.53005760059612939     
  
  
  
 For xq =          700 
  
 RM48 INITIALIZED:        40           0         0



 INPUT PARAMETERS FOR VEGAS:  NDIM=  4  NCALL=  457773282.
                              IT=    0  ITMX=   10
                              MDS= -1   ND=  41
   1      0.1987985E-02 0.1831E-02  0.1987985E-02 0.1831E-02  0.000    
   2      0.7480396E-04 0.4289E-03  0.1939871E-02 0.1279E-02 0.5484E-01
   3      0.1822231E-03 0.1091E-03  0.7139183E-03 0.5769E-03  1.020    
   4      0.4692673E-04 0.9034E-04  0.6717486E-03 0.4837E-03 0.9439    
   5      0.1232027E-03 0.7986E-04  0.4753454E-03 0.3473E-03  1.025    
   6      0.2162513E-04 0.7523E-04  0.4697748E-03 0.3151E-03 0.9888    
   7      0.7324943E-04 0.7467E-04  0.4201706E-03 0.2730E-03 0.9986    
   8      0.1865763E-03 0.7471E-04  0.3155871E-03 0.1906E-03  1.023    
   9      0.2812979E-03 0.7357E-04  0.2980276E-03 0.1268E-03 0.9898    
  10      0.2974719E-05 0.7506E-04  0.2980113E-03 0.1202E-03 0.9776    



 INPUT PARAMETERS FOR VEGAS:  NDIM=  4  NCALL=  664301250.
                              IT=    0  ITMX=   20
                              MDS= -1   ND=  45
   1      0.1449542E-03 0.6161E-04  0.1449542E-03 0.6161E-04  0.000    
   2      0.2005105E-03 0.6095E-04  0.1817116E-03 0.4326E-04 0.3693    
   3      0.9959130E-04 0.6211E-04  0.1705585E-03 0.3539E-04 0.5543    
   4      0.8536040E-04 0.6266E-04  0.1629518E-03 0.3071E-04 0.6555    
   5      0.6291689E-04 0.6208E-04  0.1582412E-03 0.2748E-04 0.7336    
   6      0.1506050E-03 0.6144E-04  0.1565918E-03 0.2509E-04 0.5554    
   7      0.1813231E-03 0.6254E-04  0.1623309E-03 0.2332E-04 0.4446    
   8     -0.5768060E-05 0.6249E-04  0.1622914E-03 0.2182E-04 0.4375    
   9      0.1427058E-03 0.7488E-04  0.1605071E-03 0.2101E-04 0.3842    
  10      0.5152651E-04 0.6118E-04  0.1586021E-03 0.1992E-04 0.4304    
  11      0.8140233E-04 0.6158E-04  0.1554152E-03 0.1897E-04 0.4747    
  12      0.1205484E-03 0.6234E-04  0.1525847E-03 0.1815E-04 0.4583    
  13      0.1110670E-03 0.6126E-04  0.1498197E-03 0.1741E-04 0.4557    
  14      0.7652689E-04 0.6453E-04  0.1477889E-03 0.1679E-04 0.4792    
  15      0.1303883E-03 0.6694E-04  0.1465789E-03 0.1630E-04 0.4447    
  16      0.1566812E-03 0.6257E-04  0.1476202E-03 0.1577E-04 0.4004    
  17      0.9319329E-04 0.6197E-04  0.1456687E-03 0.1529E-04 0.4124    
  18      0.1172354E-03 0.6306E-04  0.1441916E-03 0.1486E-04 0.4002    
  19      0.1361072E-03 0.6153E-04  0.1436378E-03 0.1444E-04 0.3739    
  20      0.2931177E-04 0.6198E-04  0.1432809E-03 0.1407E-04 0.3826    
   
   
 Integral Plus:   1.4328090919988140E-004 +-   1.4069767478258924E-005
 with chisq    =  0.38258736308987329     
  
  
  
 For xq =          800 
  
 RM48 INITIALIZED:        40           0         0



 INPUT PARAMETERS FOR VEGAS:  NDIM=  4  NCALL=  457773282.
                              IT=    0  ITMX=   10
                              MDS= -1   ND=  41
   1     -0.1218909E-02 0.1397E-02 -0.1218909E-02 0.1397E-02  0.000    
   2      0.3176317E-03 0.3543E-03 -0.4298704E-03 0.7119E-03  1.164    
   3     -0.6221695E-04 0.1456E-03 -0.3914537E-03 0.5507E-03 0.8916    
   4      0.8988170E-04 0.6435E-04 -0.1375963E-03 0.3287E-03 0.9667    
   5      0.1256306E-04 0.5493E-04 -0.1355021E-03 0.2920E-03 0.9071    
   6      0.1578525E-03 0.4664E-04  0.8547809E-04 0.1334E-03  1.037    
   7      0.1246829E-03 0.4246E-04  0.9966725E-04 0.9913E-04  1.005    
   8      0.7453164E-04 0.4227E-04  0.9676620E-04 0.8736E-04 0.9822    
   9      0.3168750E-04 0.4300E-04  0.9548017E-04 0.8157E-04 0.9678    
  10      0.7187160E-04 0.4279E-04  0.9328194E-04 0.7381E-04 0.9538    



 INPUT PARAMETERS FOR VEGAS:  NDIM=  4  NCALL=  664301250.
                              IT=    0  ITMX=   20
                              MDS= -1   ND=  45
   1      0.7860247E-04 0.3636E-04  0.7860247E-04 0.3636E-04  0.000    
   2      0.8386267E-04 0.3525E-04  0.8148347E-04 0.2528E-04 0.1072E-01
   3      0.1088702E-03 0.3484E-04  0.9478725E-04 0.2039E-04 0.2296    
   4      0.8267329E-04 0.3505E-04  0.9216120E-04 0.1763E-04 0.1871    
   5      0.7511040E-04 0.3525E-04  0.8959757E-04 0.1577E-04 0.1864    
   6      0.8946068E-04 0.3606E-04  0.8957440E-04 0.1445E-04 0.1475    
   7      0.2111069E-04 0.3610E-04  0.8893620E-04 0.1338E-04 0.1823    
   8      0.4994971E-04 0.3480E-04  0.8686349E-04 0.1251E-04 0.2393    
   9      0.1110064E-03 0.3617E-04  0.9158462E-04 0.1184E-04 0.2695    
  10      0.4641061E-04 0.3512E-04  0.9000466E-04 0.1123E-04 0.3178    
  11      0.7077377E-04 0.3469E-04  0.8852467E-04 0.1069E-04 0.3144    
  12      0.9561241E-04 0.3506E-04  0.8938136E-04 0.1022E-04 0.2795    
  13      0.1585390E-03 0.3512E-04  0.1065927E-03 0.9800E-05 0.9851    
  14      0.1478464E-03 0.3741E-04  0.1132008E-03 0.9534E-05  1.001    
  15      0.4270883E-04 0.3542E-04  0.1121653E-03 0.9210E-05  1.042    
  16      0.6434542E-04 0.3520E-04  0.1106036E-03 0.8914E-05  1.065    
  17      0.8252630E-04 0.3482E-04  0.1091428E-03 0.8637E-05  1.040    
  18      0.9578822E-04 0.3553E-04  0.1083000E-03 0.8392E-05 0.9803    
  19      0.6494888E-04 0.3492E-04  0.1070360E-03 0.8164E-05 0.9942    
  20      0.1076897E-03 0.3502E-04  0.1070842E-03 0.7948E-05 0.9205    
   
   
 Integral Plus:   1.0708421987304042E-004 +-   7.9480735981300123E-006
 with chisq    =  0.92045130758468063     
  
  
  
 For xq =          900 
  
 RM48 INITIALIZED:        40           0         0



 INPUT PARAMETERS FOR VEGAS:  NDIM=  4  NCALL=  457773282.
                              IT=    0  ITMX=   10
                              MDS= -1   ND=  41
   1      0.2788472E-02 0.2107E-02  0.2788472E-02 0.2107E-02  0.000    
   2     -0.2437374E-04 0.2042E-03  0.2765790E-02 0.1484E-02 0.2875E-01
   3     -0.6219428E-04 0.6418E-04  0.1784150E-02 0.9791E-03 0.9668    
   4      0.6365884E-04 0.3378E-04  0.8075823E-03 0.5577E-03  1.637    
   5      0.1098349E-03 0.2648E-04  0.2958613E-03 0.2578E-03  1.891    
   6      0.5254772E-04 0.2654E-04  0.2610244E-03 0.2179E-03  1.845    
   7      0.8461764E-04 0.2587E-04  0.2114807E-03 0.1711E-03  1.828    
   8      0.8474047E-04 0.2550E-04  0.1829846E-03 0.1410E-03  1.809    
   9      0.6010936E-04 0.2548E-04  0.1704774E-03 0.1260E-03  1.791    
  10      0.7114913E-04 0.2556E-04  0.1581478E-03 0.1119E-03  1.777    



 INPUT PARAMETERS FOR VEGAS:  NDIM=  4  NCALL=  664301250.
                              IT=    0  ITMX=   20
                              MDS= -1   ND=  45
   1      0.8917752E-04 0.2190E-04  0.8917752E-04 0.2190E-04  0.000    
   2      0.7627009E-04 0.2099E-04  0.8345616E-04 0.1520E-04 0.1779    
   3      0.6495282E-04 0.2126E-04  0.7904147E-04 0.1238E-04 0.3050    
   4      0.5385559E-04 0.2138E-04  0.7552621E-04 0.1072E-04 0.4546    
   5      0.5735563E-04 0.2155E-04  0.7307753E-04 0.9593E-05 0.4728    
   6      0.5101362E-04 0.2543E-04  0.7150803E-04 0.8882E-05 0.4913    
   7      0.1788743E-04 0.2570E-04  0.7105267E-04 0.8237E-05 0.5315    
   8      0.5085302E-04 0.2825E-04  0.6996749E-04 0.7845E-05 0.5234    
   9      0.4217730E-04 0.2188E-04  0.6835388E-04 0.7390E-05 0.5828    
  10      0.5858177E-04 0.2156E-04  0.6734348E-04 0.6991E-05 0.5391    
  11      0.8999258E-04 0.2089E-04  0.7201508E-04 0.6592E-05 0.6265    
  12      0.5491174E-04 0.2113E-04  0.7082015E-04 0.6297E-05 0.6242    
  13      0.2762884E-04 0.2106E-04  0.7006484E-04 0.6046E-05 0.6828    
  14      0.8312445E-04 0.2144E-04  0.7179534E-04 0.5813E-05 0.6360    
  15      0.4881938E-04 0.2149E-04  0.7079596E-04 0.5613E-05 0.6557    
  16      0.7907554E-04 0.2112E-04  0.7167069E-04 0.5419E-05 0.6020    
  17      0.7216818E-04 0.2107E-04  0.7171112E-04 0.5245E-05 0.5534    
  18      0.9600771E-04 0.2141E-04  0.7468074E-04 0.5091E-05 0.6290    
  19      0.1007547E-03 0.2218E-04  0.7758629E-04 0.4971E-05 0.7051    
  20      0.3806410E-04 0.2117E-04  0.7690774E-04 0.4843E-05 0.7508    
   
   
 Integral Plus:   7.6907738952270428E-005 +-   4.8430152620349991E-006
 with chisq    =  0.75079228506107654     
  
  
  
 For xq =         1000 
  
 RM48 INITIALIZED:        40           0         0



 INPUT PARAMETERS FOR VEGAS:  NDIM=  4  NCALL=  457773282.
                              IT=    0  ITMX=   10
                              MDS= -1   ND=  41
   1      0.1589355E-03 0.2603E-03  0.1589355E-03 0.2603E-03  0.000    
   2     -0.4754345E-04 0.1909E-03  0.1294982E-03 0.1779E-03 0.1647    
   3      0.9176801E-04 0.4653E-04  0.9556164E-04 0.5263E-04 0.1178    
   4      0.4986888E-04 0.2107E-04  0.6977497E-04 0.3111E-04 0.2748    
   5      0.3366948E-04 0.1653E-04  0.5913640E-04 0.2371E-04 0.3707    
   6      0.2880097E-04 0.1866E-04  0.5474490E-04 0.2022E-04 0.4043    
   7      0.3103402E-04 0.1717E-04  0.5081870E-04 0.1731E-04 0.4271    
   8      0.3314849E-04 0.1601E-04  0.4766424E-04 0.1487E-04 0.4372    
   9      0.5057779E-04 0.1612E-04  0.4851137E-04 0.1215E-04 0.4074    
  10      0.2360636E-04 0.1599E-04  0.4700496E-04 0.1125E-04 0.4284    



 INPUT PARAMETERS FOR VEGAS:  NDIM=  4  NCALL=  664301250.
                              IT=    0  ITMX=   20
                              MDS= -1   ND=  45
   1      0.3054887E-04 0.1320E-04  0.3054887E-04 0.1320E-04  0.000    
   2      0.4149086E-04 0.1323E-04  0.3763413E-04 0.9349E-05 0.3127    
   3      0.4217779E-04 0.1325E-04  0.3945165E-04 0.7641E-05 0.1828    
   4      0.4300129E-04 0.1321E-04  0.4049873E-04 0.6614E-05 0.1347    
   5      0.4267056E-04 0.1348E-04  0.4097248E-04 0.5941E-05 0.1036    
   6      0.4622584E-04 0.1323E-04  0.4207550E-04 0.5419E-05 0.1099    
   7      0.5145462E-04 0.1329E-04  0.4399855E-04 0.5018E-05 0.1798    
   8      0.4812218E-04 0.1350E-04  0.4460910E-04 0.4706E-05 0.1631    
   9      0.6470787E-04 0.1326E-04  0.4897396E-04 0.4433E-05 0.5627    
  10      0.3629600E-04 0.1317E-04  0.4815238E-04 0.4203E-05 0.5817    
  11      0.2025684E-04 0.1326E-04  0.4760803E-04 0.4007E-05 0.6574    
  12      0.4854762E-04 0.1373E-04  0.4769694E-04 0.3849E-05 0.5870    
  13      0.3366661E-04 0.1334E-04  0.4705111E-04 0.3698E-05 0.6087    
  14      0.4503177E-04 0.1332E-04  0.4689705E-04 0.3563E-05 0.5608    
  15      0.6169714E-04 0.1346E-04  0.4871670E-04 0.3446E-05 0.6302    
  16      0.5212507E-04 0.1366E-04  0.4898432E-04 0.3343E-05 0.5810    
  17      0.2319115E-04 0.1319E-04  0.4856114E-04 0.3243E-05 0.6333    
  18      0.4308970E-04 0.1303E-04  0.4826129E-04 0.3147E-05 0.6074    
  19      0.4900537E-04 0.1550E-04  0.4829679E-04 0.3088E-05 0.5674    
  20      0.3412139E-04 0.1315E-04  0.4785507E-04 0.3008E-05 0.5842    
  
0.4699205E-04 
   
 Integral Plus:   4.7855071418642445E-005 +-   3.0079728364594823E-006
 with chisq    =  0.58423771404791058     
  
  
  
    xq         Integral Plus                 error
    100     -0.395391154030790E+00      0.144974925036319E-01
    200     -0.227352373865935E-01      0.151475461016618E-02
    300     -0.347419056739908E-02      0.362297596532788E-03
    400      0.576711120806309E-03      0.124104417101030E-03
    500      0.295931943994404E-03      0.549420531969992E-04
    600      0.240624065619079E-03      0.263140825081187E-04
    700      0.143280909199881E-03      0.140697674782589E-04
    800      0.107084219873040E-03      0.794807359813001E-05
    900      0.769077389522704E-04      0.484301526203500E-05
   1000      0.478550714186424E-04      0.300797283645948E-05
   
   
 ~~~~~~~~~~~~~~~~~~~~~~~~~~~~~~~~~~~~~~~~~~~~
     Calculating Regular Terms
 ~~~~~~~~~~~~~~~~~~~~~~~~~~~~~~~~~~~~~~~~~~~~
   
 ~~~~~~~~~~~~~~~~~~~~~~~~~~~~~~~~~~~~~~~~
Using Vegas points:                   5.E+07
         Iteration:                   10
 ~~~~~~~~~~~~~~~~~~~~~~~~~~~~~~~~~~~~~~~~
  
 For xq =          100 
  
 RM48 INITIALIZED:        40           0         0



 INPUT PARAMETERS FOR VEGAS:  NDIM=  4  NCALL=   48020000.
                              IT=    0  ITMX=   10
                              MDS= -1   ND=  35
   1       3.012581     0.2402       3.012581     0.2402      0.000    
   2       2.772833     0.3673E-01   2.779273     0.3783E-01  1.050    
   3       2.813255     0.1892E-01   2.806139     0.1715E-01 0.8599    
   4       2.810897     0.1278E-01   2.809154     0.1033E-01 0.5954    
   5       2.822460     0.1061E-01   2.815554     0.7426E-02 0.6489    
   6       2.817932     0.9761E-02   2.816414     0.5922E-02 0.5284    
   7       2.813410     0.9497E-02   2.815585     0.5032E-02 0.4535    
   8       2.806288     0.9391E-02   2.813548     0.4441E-02 0.4970    
   9       2.803654     0.9310E-02   2.811747     0.4011E-02 0.5491    
  10       2.803336     0.9327E-02   2.810456     0.3687E-02 0.5642    



 INPUT PARAMETERS FOR VEGAS:  NDIM=  4  NCALL=  457773282.
                              IT=    0  ITMX=   20
                              MDS= -1   ND=  41
   1       2.809878     0.2873E-02   2.809878     0.2873E-02  0.000    
   2       2.811069     0.2872E-02   2.810474     0.2031E-02 0.8589E-01
   3       2.814865     0.2873E-02   2.811940     0.1658E-02 0.8224    
   4       2.811155     0.2871E-02   2.811744     0.1436E-02 0.5670    
   5       2.814728     0.2872E-02   2.812342     0.1284E-02 0.6412    
   6       2.808990     0.2873E-02   2.811785     0.1173E-02 0.7395    
   7       2.815117     0.2874E-02   2.812261     0.1086E-02 0.8084    
   8       2.812856     0.2873E-02   2.812335     0.1016E-02 0.6983    
   9       2.811727     0.2873E-02   2.812268     0.9575E-03 0.6160    
  10       2.812904     0.2872E-02   2.812332     0.9084E-03 0.5525    
  11       2.808449     0.2872E-02   2.811979     0.8661E-03 0.6632    
  12       2.814718     0.2873E-02   2.812208     0.8292E-03 0.6786    
  13       2.810007     0.2872E-02   2.812039     0.7967E-03 0.6673    
  14       2.809495     0.2871E-02   2.811857     0.7677E-03 0.6720    
  15       2.808073     0.2870E-02   2.811605     0.7416E-03 0.7397    
  16       2.814380     0.2871E-02   2.811779     0.7180E-03 0.7488    
  17       2.818782     0.2874E-02   2.812192     0.6966E-03  1.053    
  18       2.811921     0.2874E-02   2.812177     0.6770E-03 0.9912    
  19       2.807394     0.2871E-02   2.811926     0.6590E-03  1.082    
  20       2.811889     0.2873E-02   2.811924     0.6423E-03  1.025    
   
   
 Integral Regular:   2.8119243555648343      +-   6.4227488492195274E-004
 with chisq    =   1.0249501347879530     
  
  
  
 For xq =          200 
  
 RM48 INITIALIZED:        40           0         0



 INPUT PARAMETERS FOR VEGAS:  NDIM=  4  NCALL=   48020000.
                              IT=    0  ITMX=   10
                              MDS= -1   ND=  35
   1      0.1838951     0.1128E-01  0.1838951     0.1128E-01  0.000    
   2      0.1808333     0.2012E-02  0.1809309     0.1997E-02 0.7252E-01
   3      0.1796967     0.1095E-02  0.1799883     0.9660E-03 0.1839    
   4      0.1828408     0.8918E-03  0.1815388     0.6539E-03  1.696    
   5      0.1809815     0.8170E-03  0.1813225     0.5109E-03  1.345    
   6      0.1815677     0.7951E-03  0.1813941     0.4299E-03  1.090    
   7      0.1810507     0.7834E-03  0.1813150     0.3770E-03 0.9334    
   8      0.1803977     0.7736E-03  0.1811408     0.3390E-03 0.9622    
   9      0.1828505     0.7812E-03  0.1814154     0.3109E-03  1.350    
  10      0.1805233     0.7746E-03  0.1812929     0.2886E-03  1.327    



 INPUT PARAMETERS FOR VEGAS:  NDIM=  4  NCALL=  457773282.
                              IT=    0  ITMX=   20
                              MDS= -1   ND=  41
   1      0.1810166     0.2441E-03  0.1810166     0.2441E-03  0.000    
   2      0.1809023     0.2440E-03  0.1809595     0.1726E-03 0.1097    
   3      0.1810242     0.2441E-03  0.1809811     0.1409E-03 0.7824E-01
   4      0.1815038     0.2444E-03  0.1811121     0.1221E-03  1.200    
   5      0.1808653     0.2443E-03  0.1810629     0.1092E-03  1.104    
   6      0.1809366     0.2443E-03  0.1810419     0.9969E-04 0.9282    
   7      0.1806634     0.2437E-03  0.1809878     0.9227E-04  1.117    
   8      0.1808086     0.2441E-03  0.1809655     0.8631E-04  1.025    
   9      0.1811514     0.2445E-03  0.1809861     0.8139E-04 0.9611    
  10      0.1809610     0.2441E-03  0.1809836     0.7721E-04 0.8554    
  11      0.1804156     0.2441E-03  0.1809322     0.7362E-04  1.260    
  12      0.1811337     0.2442E-03  0.1809490     0.7048E-04  1.202    
  13      0.1810369     0.2442E-03  0.1809558     0.6772E-04  1.112    
  14      0.1814596     0.2445E-03  0.1809919     0.6526E-04  1.331    
  15      0.1809727     0.2440E-03  0.1809906     0.6305E-04  1.236    
  16      0.1810827     0.2442E-03  0.1809963     0.6104E-04  1.163    
  17      0.1813697     0.2444E-03  0.1810184     0.5922E-04  1.227    
  18      0.1811945     0.2442E-03  0.1810282     0.5756E-04  1.184    
  19      0.1811078     0.2445E-03  0.1810323     0.5602E-04  1.124    
  20      0.1811474     0.2442E-03  0.1810381     0.5461E-04  1.076    
   
   
 Integral Regular:  0.18103810057266589      +-   5.4605963443431754E-005
 with chisq    =   1.0756505471128566     
  
  
  
 For xq =          300 
  
 RM48 INITIALIZED:        40           0         0



 INPUT PARAMETERS FOR VEGAS:  NDIM=  4  NCALL=   48020000.
                              IT=    0  ITMX=   10
                              MDS= -1   ND=  35
   1      0.3428897E-01 0.1962E-02  0.3428897E-01 0.1962E-02  0.000    
   2      0.3350383E-01 0.3330E-03  0.3352683E-01 0.3320E-03 0.1591    
   3      0.3370520E-01 0.2096E-03  0.3365393E-01 0.1776E-03 0.1831    
   4      0.3384741E-01 0.1818E-03  0.3374845E-01 0.1271E-03 0.3152    
   5      0.3333206E-01 0.1713E-03  0.3360355E-01 0.1023E-03  1.178    
   6      0.3380028E-01 0.1683E-03  0.3365675E-01 0.8739E-04  1.142    
   7      0.3385383E-01 0.1664E-03  0.3369959E-01 0.7735E-04  1.135    
   8      0.3363405E-01 0.1653E-03  0.3368789E-01 0.7008E-04 0.9918    
   9      0.3404970E-01 0.1664E-03  0.3374320E-01 0.6456E-04  1.374    
  10      0.3374656E-01 0.1659E-03  0.3374364E-01 0.6017E-04  1.222    



 INPUT PARAMETERS FOR VEGAS:  NDIM=  4  NCALL=  457773282.
                              IT=    0  ITMX=   20
                              MDS= -1   ND=  41
   1      0.3379949E-01 0.5248E-04  0.3379949E-01 0.5248E-04  0.000    
   2      0.3374458E-01 0.5248E-04  0.3377208E-01 0.3711E-04 0.5473    
   3      0.3380990E-01 0.5250E-04  0.3378470E-01 0.3030E-04 0.4466    
   4      0.3373601E-01 0.5249E-04  0.3377256E-01 0.2624E-04 0.5127    
   5      0.3374752E-01 0.5251E-04  0.3376756E-01 0.2348E-04 0.4301    
   6      0.3375473E-01 0.5245E-04  0.3376542E-01 0.2143E-04 0.3541    
   7      0.3372892E-01 0.5251E-04  0.3376022E-01 0.1984E-04 0.3641    
   8      0.3376840E-01 0.5249E-04  0.3376124E-01 0.1856E-04 0.3151    
   9      0.3384588E-01 0.5261E-04  0.3377065E-01 0.1750E-04 0.5644    
  10      0.3379516E-01 0.5262E-04  0.3377309E-01 0.1661E-04 0.5233    
  11      0.3375846E-01 0.5248E-04  0.3377176E-01 0.1583E-04 0.4781    
  12      0.3382890E-01 0.5258E-04  0.3377653E-01 0.1516E-04 0.5332    
  13      0.3371716E-01 0.5253E-04  0.3377198E-01 0.1457E-04 0.5868    
  14      0.3372870E-01 0.5248E-04  0.3376889E-01 0.1404E-04 0.5903    
  15      0.3380150E-01 0.5256E-04  0.3377106E-01 0.1356E-04 0.5738    
  16      0.3384772E-01 0.5255E-04  0.3377587E-01 0.1313E-04 0.6689    
  17      0.3366563E-01 0.5237E-04  0.3376939E-01 0.1274E-04 0.8864    
  18      0.3377306E-01 0.5253E-04  0.3376959E-01 0.1238E-04 0.8345    
  19      0.3379439E-01 0.5248E-04  0.3377090E-01 0.1205E-04 0.7998    
  20      0.3375381E-01 0.5253E-04  0.3377005E-01 0.1174E-04 0.7630    
   
   
 Integral Regular:   3.3770050177461555E-002 +-   1.1741872847935586E-005
 with chisq    =  0.76304894166529735     
  
  
  
 For xq =          400 
  
 RM48 INITIALIZED:        40           0         0



 INPUT PARAMETERS FOR VEGAS:  NDIM=  4  NCALL=   48020000.
                              IT=    0  ITMX=   10
                              MDS= -1   ND=  35
   1      0.1050472E-01 0.5285E-03  0.1050472E-01 0.5285E-03  0.000    
   2      0.9849195E-02 0.9062E-04  0.9870406E-02 0.9215E-04  1.584    
   3      0.9738405E-02 0.6224E-04  0.9782326E-02 0.5240E-04  1.520    
   4      0.9800092E-02 0.5617E-04  0.9790381E-02 0.3851E-04  1.043    
   5      0.9829858E-02 0.5426E-04  0.9803346E-02 0.3147E-04 0.8735    
   6      0.9806172E-02 0.5338E-04  0.9804059E-02 0.2714E-04 0.7025    
   7      0.9778171E-02 0.5301E-04  0.9798806E-02 0.2418E-04 0.6188    
   8      0.9762609E-02 0.5283E-04  0.9792683E-02 0.2200E-04 0.5866    
   9      0.9735065E-02 0.5272E-04  0.9784357E-02 0.2032E-04 0.6393    
  10      0.9762269E-02 0.5266E-04  0.9781550E-02 0.1896E-04 0.5862    



 INPUT PARAMETERS FOR VEGAS:  NDIM=  4  NCALL=  457773282.
                              IT=    0  ITMX=   20
                              MDS= -1   ND=  41
   1      0.9832124E-02 0.1683E-04  0.9832124E-02 0.1683E-04  0.000    
   2      0.9850095E-02 0.1683E-04  0.9841123E-02 0.1190E-04 0.5700    
   3      0.9843786E-02 0.1679E-04  0.9842014E-02 0.9709E-05 0.2933    
   4      0.9823760E-02 0.1679E-04  0.9837453E-02 0.8405E-05 0.4904    
   5      0.9808403E-02 0.1680E-04  0.9831663E-02 0.7517E-05 0.9642    
   6      0.9842950E-02 0.1680E-04  0.9833549E-02 0.6861E-05 0.8464    
   7      0.9839310E-02 0.1683E-04  0.9834371E-02 0.6353E-05 0.7220    
   8      0.9816831E-02 0.1679E-04  0.9832181E-02 0.5942E-05 0.7551    
   9      0.9834552E-02 0.1681E-04  0.9832445E-02 0.5603E-05 0.6629    
  10      0.9858613E-02 0.1682E-04  0.9835070E-02 0.5316E-05 0.8319    
  11      0.9828320E-02 0.1682E-04  0.9834457E-02 0.5068E-05 0.7635    
  12      0.9825950E-02 0.1680E-04  0.9833749E-02 0.4852E-05 0.7155    
  13      0.9854778E-02 0.1684E-04  0.9835367E-02 0.4663E-05 0.7760    
  14      0.9855138E-02 0.1681E-04  0.9836785E-02 0.4493E-05 0.8152    
  15      0.9804244E-02 0.1679E-04  0.9834623E-02 0.4340E-05  1.006    
  16      0.9842617E-02 0.1682E-04  0.9835123E-02 0.4203E-05 0.9533    
  17      0.9821082E-02 0.1680E-04  0.9834299E-02 0.4077E-05 0.9348    
  18      0.9826600E-02 0.1680E-04  0.9833871E-02 0.3962E-05 0.8915    
  19      0.9846130E-02 0.1681E-04  0.9834518E-02 0.3857E-05 0.8699    
  20      0.9810406E-02 0.1680E-04  0.9833316E-02 0.3759E-05 0.9270    
   
   
 Integral Regular:   9.8333157487742635E-003 +-   3.7587094770344032E-006
 with chisq    =  0.92695150918215641     
  
  
  
 For xq =          500 
  
 RM48 INITIALIZED:        40           0         0



 INPUT PARAMETERS FOR VEGAS:  NDIM=  4  NCALL=   48020000.
                              IT=    0  ITMX=   10
                              MDS= -1   ND=  35
   1      0.3452043E-02 0.1580E-03  0.3452043E-02 0.1580E-03  0.000    
   2      0.3640233E-02 0.3394E-04  0.3632734E-02 0.3241E-04  1.290    
   3      0.3641158E-02 0.2406E-04  0.3638265E-02 0.1916E-04 0.6556    
   4      0.3662037E-02 0.2219E-04  0.3648684E-02 0.1444E-04 0.6543    
   5      0.3677938E-02 0.2152E-04  0.3658042E-02 0.1196E-04 0.8117    
   6      0.3696926E-02 0.2133E-04  0.3667664E-02 0.1042E-04  1.163    
   7      0.3654541E-02 0.2114E-04  0.3665070E-02 0.9341E-05  1.020    
   8      0.3688165E-02 0.2118E-04  0.3668926E-02 0.8542E-05  1.016    
   9      0.3663107E-02 0.2114E-04  0.3668100E-02 0.7919E-05 0.8958    
  10      0.3650147E-02 0.2115E-04  0.3665884E-02 0.7415E-05 0.8664    



 INPUT PARAMETERS FOR VEGAS:  NDIM=  4  NCALL=  457773282.
                              IT=    0  ITMX=   20
                              MDS= -1   ND=  41
   1      0.3667322E-02 0.6727E-05  0.3667322E-02 0.6727E-05  0.000    
   2      0.3667393E-02 0.6722E-05  0.3667358E-02 0.4755E-05 0.5469E-04
   3      0.3665283E-02 0.6722E-05  0.3666666E-02 0.3882E-05 0.3175E-01
   4      0.3672206E-02 0.6733E-05  0.3668051E-02 0.3363E-05 0.1908    
   5      0.3660030E-02 0.6721E-05  0.3666451E-02 0.3008E-05 0.4273    
   6      0.3663692E-02 0.6724E-05  0.3665991E-02 0.2745E-05 0.3700    
   7      0.3663236E-02 0.6727E-05  0.3665598E-02 0.2542E-05 0.3323    
   8      0.3670734E-02 0.6729E-05  0.3666241E-02 0.2378E-05 0.3577    
   9      0.3660337E-02 0.6720E-05  0.3665586E-02 0.2242E-05 0.3986    
  10      0.3659790E-02 0.6726E-05  0.3665008E-02 0.2127E-05 0.4285    
  11      0.3673965E-02 0.6735E-05  0.3665824E-02 0.2028E-05 0.5469    
  12      0.3671079E-02 0.6730E-05  0.3666263E-02 0.1942E-05 0.5480    
  13      0.3663208E-02 0.6723E-05  0.3666028E-02 0.1865E-05 0.5183    
  14      0.3673348E-02 0.6731E-05  0.3666552E-02 0.1798E-05 0.5631    
  15      0.3665220E-02 0.6729E-05  0.3666463E-02 0.1737E-05 0.5255    
  16      0.3670736E-02 0.6728E-05  0.3666731E-02 0.1682E-05 0.5156    
  17      0.3677645E-02 0.6739E-05  0.3667374E-02 0.1632E-05 0.6384    
  18      0.3675619E-02 0.6744E-05  0.3667832E-02 0.1586E-05 0.6841    
  19      0.3681090E-02 0.6741E-05  0.3668532E-02 0.1544E-05 0.8508    
  20      0.3665549E-02 0.6730E-05  0.3668383E-02 0.1505E-05 0.8159    
   
   
 Integral Regular:   3.6683832327962162E-003 +-   1.5046609745360675E-006
 with chisq    =  0.81586251098425711     
  
  
  
 For xq =          600 
  
 RM48 INITIALIZED:        40           0         0



 INPUT PARAMETERS FOR VEGAS:  NDIM=  4  NCALL=   48020000.
                              IT=    0  ITMX=   10
                              MDS= -1   ND=  35
   1      0.1669366E-02 0.7234E-04  0.1669366E-02 0.7234E-04  0.000    
   2      0.1603284E-02 0.1461E-04  0.1606081E-02 0.1459E-04 0.8315    
   3      0.1599221E-02 0.1089E-04  0.1601749E-02 0.8791E-05 0.4930    
   4      0.1621972E-02 0.1019E-04  0.1610368E-02 0.6657E-05  1.081    
   5      0.1597047E-02 0.9822E-05  0.1606270E-02 0.5521E-05  1.126    
   6      0.1624205E-02 0.9813E-05  0.1610606E-02 0.4810E-05  1.409    
   7      0.1602610E-02 0.9729E-05  0.1609061E-02 0.4315E-05  1.267    
   8      0.1593426E-02 0.9655E-05  0.1606522E-02 0.3941E-05  1.396    
   9      0.1615782E-02 0.9748E-05  0.1607825E-02 0.3654E-05  1.318    
  10      0.1596472E-02 0.9714E-05  0.1606445E-02 0.3421E-05  1.305    



 INPUT PARAMETERS FOR VEGAS:  NDIM=  4  NCALL=  457773282.
                              IT=    0  ITMX=   20
                              MDS= -1   ND=  41
   1      0.1600072E-02 0.3099E-05  0.1600072E-02 0.3099E-05  0.000    
   2      0.1606493E-02 0.3107E-05  0.1603286E-02 0.2194E-05  2.141    
   3      0.1600951E-02 0.3102E-05  0.1602509E-02 0.1791E-05  1.260    
   4      0.1605934E-02 0.3110E-05  0.1603365E-02 0.1552E-05  1.144    
   5      0.1607261E-02 0.3110E-05  0.1604145E-02 0.1389E-05  1.172    
   6      0.1605727E-02 0.3110E-05  0.1604409E-02 0.1268E-05 0.9803    
   7      0.1605293E-02 0.3105E-05  0.1604535E-02 0.1174E-05 0.8284    
   8      0.1599471E-02 0.3101E-05  0.1603904E-02 0.1098E-05  1.042    
   9      0.1607322E-02 0.3111E-05  0.1604284E-02 0.1035E-05  1.046    
  10      0.1597518E-02 0.3104E-05  0.1603612E-02 0.9822E-06  1.403    
  11      0.1606226E-02 0.3105E-05  0.1603850E-02 0.9364E-06  1.327    
  12      0.1601990E-02 0.3103E-05  0.1603695E-02 0.8965E-06  1.236    
  13      0.1600963E-02 0.3103E-05  0.1603485E-02 0.8613E-06  1.193    
  14      0.1599379E-02 0.3100E-05  0.1603193E-02 0.8298E-06  1.226    
  15      0.1595968E-02 0.3096E-05  0.1602713E-02 0.8016E-06  1.499    
  16      0.1606936E-02 0.3106E-05  0.1602978E-02 0.7761E-06  1.515    
  17      0.1602276E-02 0.3104E-05  0.1602936E-02 0.7529E-06  1.423    
  18      0.1609368E-02 0.3109E-05  0.1603295E-02 0.7318E-06  1.578    
  19      0.1612059E-02 0.3110E-05  0.1603760E-02 0.7123E-06  1.912    
  20      0.1607319E-02 0.3107E-05  0.1603938E-02 0.6943E-06  1.877    
   
   
 Integral Regular:   1.6039382870570087E-003 +-   6.9433222865132808E-007
 with chisq    =   1.8767610276493256     
  
  
  
 For xq =          700 
  
 RM48 INITIALIZED:        40           0         0



 INPUT PARAMETERS FOR VEGAS:  NDIM=  4  NCALL=   48020000.
                              IT=    0  ITMX=   10
                              MDS= -1   ND=  35
   1      0.8215273E-03 0.3583E-04  0.8215273E-03 0.3583E-04  0.000    
   2      0.7842399E-03 0.7028E-05  0.7857503E-03 0.7050E-05  1.087    
   3      0.7822917E-03 0.5431E-05  0.7836226E-03 0.4336E-05 0.6284    
   4      0.7855913E-03 0.5117E-05  0.7844325E-03 0.3316E-05 0.4502    
   5      0.7789231E-03 0.4978E-05  0.7827829E-03 0.2765E-05 0.5483    
   6      0.7883616E-03 0.5008E-05  0.7840802E-03 0.2421E-05 0.6286    
   7      0.7848498E-03 0.4949E-05  0.7842271E-03 0.2176E-05 0.5281    
   8      0.7803470E-03 0.4917E-05  0.7836043E-03 0.1990E-05 0.5271    
   9      0.7783469E-03 0.4924E-05  0.7828820E-03 0.1846E-05 0.5827    
  10      0.7788697E-03 0.4953E-05  0.7824018E-03 0.1730E-05 0.5820    



 INPUT PARAMETERS FOR VEGAS:  NDIM=  4  NCALL=  457773282.
                              IT=    0  ITMX=   20
                              MDS= -1   ND=  41
   1      0.7812077E-03 0.1581E-05  0.7812077E-03 0.1581E-05  0.000    
   2      0.7803236E-03 0.1580E-05  0.7807659E-03 0.1117E-05 0.1565    
   3      0.7799126E-03 0.1579E-05  0.7804816E-03 0.9121E-06 0.1755    
   4      0.7807195E-03 0.1578E-05  0.7805412E-03 0.7897E-06 0.1227    
   5      0.7786007E-03 0.1579E-05  0.7801544E-03 0.7063E-06 0.3933    
   6      0.7803831E-03 0.1579E-05  0.7801926E-03 0.6447E-06 0.3181    
   7      0.7825373E-03 0.1582E-05  0.7805282E-03 0.5971E-06 0.5801    
   8      0.7831242E-03 0.1582E-05  0.7808538E-03 0.5586E-06 0.8352    
   9      0.7810016E-03 0.1580E-05  0.7808702E-03 0.5267E-06 0.7318    
  10      0.7805683E-03 0.1580E-05  0.7808400E-03 0.4997E-06 0.6542    
  11      0.7808327E-03 0.1579E-05  0.7808394E-03 0.4764E-06 0.5887    
  12      0.7813693E-03 0.1583E-05  0.7808834E-03 0.4562E-06 0.5445    
  13      0.7825638E-03 0.1582E-05  0.7810129E-03 0.4383E-06 0.5861    
  14      0.7771274E-03 0.1577E-05  0.7807368E-03 0.4223E-06 0.9712    
  15      0.7793423E-03 0.1579E-05  0.7806440E-03 0.4080E-06 0.9539    
  16      0.7826530E-03 0.1582E-05  0.7807699E-03 0.3950E-06 0.9912    
  17      0.7811528E-03 0.1582E-05  0.7807924E-03 0.3833E-06 0.9327    
  18      0.7833079E-03 0.1584E-05  0.7809324E-03 0.3725E-06  1.018    
  19      0.7837271E-03 0.1583E-05  0.7810800E-03 0.3626E-06  1.127    
  20      0.7817015E-03 0.1582E-05  0.7811111E-03 0.3534E-06  1.075    
   
   
 Integral Regular:   7.8111107940294713E-004 +-   3.5344228685786624E-007
 with chisq    =   1.0749710987757488     
  
  
  
 For xq =          800 
  
 RM48 INITIALIZED:        40           0         0



 INPUT PARAMETERS FOR VEGAS:  NDIM=  4  NCALL=   48020000.
                              IT=    0  ITMX=   10
                              MDS= -1   ND=  35
   1      0.4252265E-03 0.1780E-04  0.4252265E-03 0.1780E-04  0.000    
   2      0.4138174E-03 0.3814E-05  0.4143449E-03 0.3776E-05 0.4025    
   3      0.4164174E-03 0.2960E-05  0.4156213E-03 0.2335E-05 0.2955    
   4      0.4118691E-03 0.2772E-05  0.4140932E-03 0.1790E-05 0.5519    
   5      0.4114654E-03 0.2723E-05  0.4133144E-03 0.1498E-05 0.5765    
   6      0.4105857E-03 0.2700E-05  0.4126844E-03 0.1311E-05 0.6170    
   7      0.4123776E-03 0.2713E-05  0.4126269E-03 0.1181E-05 0.5168    
   8      0.4152747E-03 0.2705E-05  0.4130520E-03 0.1082E-05 0.5580    
   9      0.4164557E-03 0.2715E-05  0.4135220E-03 0.1005E-05 0.6584    
  10      0.4149362E-03 0.2711E-05  0.4136930E-03 0.9424E-06 0.6118    



 INPUT PARAMETERS FOR VEGAS:  NDIM=  4  NCALL=  457773282.
                              IT=    0  ITMX=   20
                              MDS= -1   ND=  41
   1      0.4123460E-03 0.8653E-06  0.4123460E-03 0.8653E-06  0.000    
   2      0.4112269E-03 0.8631E-06  0.4117866E-03 0.6111E-06 0.8384    
   3      0.4116811E-03 0.8645E-06  0.4117514E-03 0.4990E-06 0.4242    
   4      0.4129355E-03 0.8656E-06  0.4120481E-03 0.4323E-06 0.7519    
   5      0.4118637E-03 0.8638E-06  0.4120112E-03 0.3866E-06 0.5731    
   6      0.4141691E-03 0.8672E-06  0.4123720E-03 0.3531E-06  1.498    
   7      0.4132704E-03 0.8645E-06  0.4125010E-03 0.3269E-06  1.402    
   8      0.4112303E-03 0.8638E-06  0.4123426E-03 0.3057E-06  1.472    
   9      0.4120649E-03 0.8647E-06  0.4123118E-03 0.2882E-06  1.300    
  10      0.4104272E-03 0.8638E-06  0.4121245E-03 0.2734E-06  1.629    
  11      0.4113417E-03 0.8638E-06  0.4120535E-03 0.2607E-06  1.541    
  12      0.4116023E-03 0.8648E-06  0.4120160E-03 0.2496E-06  1.424    
  13      0.4123007E-03 0.8648E-06  0.4120379E-03 0.2398E-06  1.313    
  14      0.4120374E-03 0.8640E-06  0.4120379E-03 0.2311E-06  1.212    
  15      0.4120140E-03 0.8656E-06  0.4120363E-03 0.2232E-06  1.126    
  16      0.4112946E-03 0.8655E-06  0.4119902E-03 0.2162E-06  1.097    
  17      0.4123901E-03 0.8651E-06  0.4120137E-03 0.2097E-06  1.041    
  18      0.4104763E-03 0.8627E-06  0.4119285E-03 0.2038E-06  1.155    
  19      0.4136258E-03 0.8674E-06  0.4120180E-03 0.1984E-06  1.293    
  20      0.4108775E-03 0.8635E-06  0.4119611E-03 0.1933E-06  1.312    
   
   
 Integral Regular:   4.1196113486290065E-004 +-   1.9334631919911834E-007
 with chisq    =   1.3124551016584141     
  
  
  
 For xq =          900 
  
 RM48 INITIALIZED:        40           0         0



 INPUT PARAMETERS FOR VEGAS:  NDIM=  4  NCALL=   48020000.
                              IT=    0  ITMX=   10
                              MDS= -1   ND=  35
   1      0.2281015E-03 0.9306E-05  0.2281015E-03 0.9306E-05  0.000    
   2      0.2301111E-03 0.2125E-05  0.2300131E-03 0.2063E-05 0.4397E-01
   3      0.2284186E-03 0.1668E-05  0.2290511E-03 0.1298E-05 0.2025    
   4      0.2309009E-03 0.1592E-05  0.2297975E-03 0.1005E-05 0.4063    
   5      0.2307080E-03 0.1569E-05  0.2300647E-03 0.8457E-06 0.3641    
   6      0.2295207E-03 0.1564E-05  0.2299417E-03 0.7439E-06 0.3100    
   7      0.2305019E-03 0.1563E-05  0.2300458E-03 0.6716E-06 0.2756    
   8      0.2307283E-03 0.1562E-05  0.2301531E-03 0.6169E-06 0.2592    
   9      0.2306034E-03 0.1557E-05  0.2302146E-03 0.5734E-06 0.2357    
  10      0.2300271E-03 0.1558E-05  0.2301922E-03 0.5381E-06 0.2109    



 INPUT PARAMETERS FOR VEGAS:  NDIM=  4  NCALL=  457773282.
                              IT=    0  ITMX=   20
                              MDS= -1   ND=  41
   1      0.2304707E-03 0.4998E-06  0.2304707E-03 0.4998E-06  0.000    
   2      0.2314250E-03 0.5006E-06  0.2309491E-03 0.3537E-06  1.820    
   3      0.2302728E-03 0.4998E-06  0.2307243E-03 0.2887E-06  1.521    
   4      0.2311712E-03 0.5004E-06  0.2308363E-03 0.2501E-06  1.213    
   5      0.2306806E-03 0.4998E-06  0.2308051E-03 0.2236E-06 0.9291    
   6      0.2311332E-03 0.4999E-06  0.2308600E-03 0.2041E-06 0.8148    
   7      0.2308653E-03 0.5002E-06  0.2308607E-03 0.1890E-06 0.6790    
   8      0.2309050E-03 0.5006E-06  0.2308663E-03 0.1768E-06 0.5830    
   9      0.2308837E-03 0.4999E-06  0.2308682E-03 0.1667E-06 0.5102    
  10      0.2299353E-03 0.4989E-06  0.2307752E-03 0.1581E-06 0.8011    
  11      0.2309758E-03 0.5002E-06  0.2307935E-03 0.1508E-06 0.7355    
  12      0.2311751E-03 0.5004E-06  0.2308253E-03 0.1443E-06 0.7171    
  13      0.2298031E-03 0.4993E-06  0.2307471E-03 0.1387E-06 0.9777    
  14      0.2315340E-03 0.5013E-06  0.2308034E-03 0.1337E-06  1.079    
  15      0.2307106E-03 0.5003E-06  0.2307972E-03 0.1291E-06  1.004    
  16      0.2311354E-03 0.5002E-06  0.2308184E-03 0.1250E-06 0.9659    
  17      0.2309393E-03 0.5009E-06  0.2308255E-03 0.1213E-06 0.9089    
  18      0.2309435E-03 0.5000E-06  0.2308321E-03 0.1179E-06 0.8585    
  19      0.2313312E-03 0.5005E-06  0.2308584E-03 0.1147E-06 0.8632    
  20      0.2310414E-03 0.5004E-06  0.2308676E-03 0.1118E-06 0.8244    
   
   
 Integral Regular:   2.3086757142182427E-004 +-   1.1184084889240989E-007
 with chisq    =  0.82436425852557260     
  
  
  
 For xq =         1000 
  
 RM48 INITIALIZED:        40           0         0



 INPUT PARAMETERS FOR VEGAS:  NDIM=  4  NCALL=   48020000.
                              IT=    0  ITMX=   10
                              MDS= -1   ND=  35
   1      0.1362742E-03 0.5424E-05  0.1362742E-03 0.5424E-05  0.000    
   2      0.1364829E-03 0.1281E-05  0.1364719E-03 0.1246E-05 0.1399E-02
   3      0.1361376E-03 0.1005E-05  0.1362696E-03 0.7825E-06 0.2250E-01
   4      0.1366033E-03 0.9624E-06  0.1364028E-03 0.6069E-06 0.3915E-01
   5      0.1361916E-03 0.9473E-06  0.1363414E-03 0.5111E-06 0.3818E-01
   6      0.1366534E-03 0.9476E-06  0.1364120E-03 0.4498E-06 0.4736E-01
   7      0.1344604E-03 0.9337E-06  0.1360529E-03 0.4055E-06 0.6194    
   8      0.1359302E-03 0.9397E-06  0.1360336E-03 0.3723E-06 0.5331    
   9      0.1358342E-03 0.9402E-06  0.1360067E-03 0.3462E-06 0.4715    
  10      0.1360593E-03 0.9458E-06  0.1360129E-03 0.3251E-06 0.4194    



 INPUT PARAMETERS FOR VEGAS:  NDIM=  4  NCALL=  457773282.
                              IT=    0  ITMX=   20
                              MDS= -1   ND=  41
   1      0.1358297E-03 0.3024E-06  0.1358297E-03 0.3024E-06  0.000    
   2      0.1357542E-03 0.3022E-06  0.1357919E-03 0.2138E-06 0.3119E-01
   3      0.1357872E-03 0.3023E-06  0.1357903E-03 0.1745E-06 0.1567E-01
   4      0.1357948E-03 0.3024E-06  0.1357914E-03 0.1512E-06 0.1050E-01
   5      0.1353993E-03 0.3021E-06  0.1357133E-03 0.1352E-06 0.3437    
   6      0.1362295E-03 0.3032E-06  0.1357994E-03 0.1235E-06 0.7606    
   7      0.1355675E-03 0.3026E-06  0.1357664E-03 0.1143E-06 0.7178    
   8      0.1354872E-03 0.3018E-06  0.1357315E-03 0.1069E-06 0.7221    
   9      0.1355399E-03 0.3026E-06  0.1357103E-03 0.1008E-06 0.6765    
  10      0.1361307E-03 0.3031E-06  0.1357524E-03 0.9565E-07 0.7944    
  11      0.1360636E-03 0.3022E-06  0.1357809E-03 0.9119E-07 0.8114    
  12      0.1362105E-03 0.3029E-06  0.1358168E-03 0.8732E-07 0.9058    
  13      0.1355893E-03 0.3022E-06  0.1357993E-03 0.8389E-07 0.8740    
  14      0.1357554E-03 0.3024E-06  0.1357962E-03 0.8084E-07 0.8083    
  15      0.1358227E-03 0.3024E-06  0.1357979E-03 0.7810E-07 0.7510    
  16      0.1354715E-03 0.3021E-06  0.1357776E-03 0.7561E-07 0.7739    
  17      0.1359577E-03 0.3027E-06  0.1357882E-03 0.7336E-07 0.7463    
  18      0.1354221E-03 0.3021E-06  0.1357679E-03 0.7128E-07 0.7837    
  19      0.1362772E-03 0.3031E-06  0.1357948E-03 0.6939E-07 0.8895    
  20      0.1356459E-03 0.3028E-06  0.1357874E-03 0.6764E-07 0.8548    
   
   
 Integral Regular:   1.3578736574140066E-004 +-   6.7638293473766654E-008
 with chisq    =  0.85483673901435386     
  
  
  
    xq         Integral Regular                 error
    100      0.281192435556483E+01      0.642274884921953E-03
    200      0.181038100572666E+00      0.546059634434318E-04
    300      0.337700501774616E-01      0.117418728479356E-04
    400      0.983331574877426E-02      0.375870947703440E-05
    500      0.366838323279622E-02      0.150466097453607E-05
    600      0.160393828705701E-02      0.694332228651328E-06
    700      0.781111079402947E-03      0.353442286857866E-06
    800      0.411961134862901E-03      0.193346319199118E-06
    900      0.230867571421824E-03      0.111840848892410E-06
   1000      0.135787365741401E-03      0.676382934737667E-07
   
   
 ~~~~~~~~~~~~~~~~~~~~~~~~~~~~~~~~~~~~~~~~~~~~
     Calculating Delta Functions
 ~~~~~~~~~~~~~~~~~~~~~~~~~~~~~~~~~~~~~~~~~~~~
   
 ~~~~~~~~~~~~~~~~~~~~~~~~~~~~~~~~~~~~~~~~
Using Vegas points:                   5.E+07
         Iteration:                   10
 ~~~~~~~~~~~~~~~~~~~~~~~~~~~~~~~~~~~~~~~~
  
 For xq =          100 
  
 RM48 INITIALIZED:        40           0         0



 INPUT PARAMETERS FOR VEGAS:  NDIM=  3  NCALL=   47775744.
                              IT=    0  ITMX=   10
                              MDS= -1   ND=  48
   1       1.164700     0.5377E-01   1.164700     0.5377E-01  0.000    
   2       1.117347     0.1296E-01   1.120159     0.1284E-01 0.7599    
   3       1.114824     0.6668E-02   1.116000     0.5981E-02 0.4542    
   4       1.118538     0.4317E-02   1.117654     0.3518E-02 0.3440    
   5       1.110999     0.3394E-02   1.114261     0.2455E-02 0.7187    
   6       1.117805     0.3032E-02   1.115653     0.1911E-02 0.7403    
   7       1.113787     0.2867E-02   1.115086     0.1592E-02 0.6669    
   8       1.115904     0.2784E-02   1.115286     0.1383E-02 0.5817    
   9       1.116661     0.2778E-02   1.115557     0.1239E-02 0.5339    
  10       1.114718     0.2760E-02   1.115418     0.1131E-02 0.4836    



 INPUT PARAMETERS FOR VEGAS:  NDIM=  3  NCALL=  485941248.
                              IT=    0  ITMX=   20
                              MDS= -1   ND=  48
   1       1.112517     0.6451E-03   1.112517     0.6451E-03  0.000    
   2       1.112980     0.6449E-03   1.112749     0.4561E-03 0.2569    
   3       1.114606     0.6459E-03   1.113368     0.3726E-03  2.890    
   4       1.113094     0.6451E-03   1.113299     0.3226E-03  1.972    
   5       1.113885     0.6451E-03   1.113417     0.2886E-03  1.643    
   6       1.114032     0.6456E-03   1.113519     0.2634E-03  1.466    
   7       1.113924     0.6454E-03   1.113577     0.2439E-03  1.278    
   8       1.114099     0.6451E-03   1.113642     0.2281E-03  1.177    
   9       1.113986     0.6455E-03   1.113681     0.2151E-03  1.061    
  10       1.113108     0.6447E-03   1.113623     0.2040E-03  1.022    
  11       1.113311     0.6447E-03   1.113595     0.1945E-03 0.9412    
  12       1.114460     0.6445E-03   1.113667     0.1862E-03  1.006    
  13       1.114068     0.6447E-03   1.113698     0.1789E-03 0.9516    
  14       1.113398     0.6460E-03   1.113677     0.1724E-03 0.8939    
  15       1.113759     0.6451E-03   1.113682     0.1666E-03 0.8311    
  16       1.113157     0.6452E-03   1.113649     0.1613E-03 0.8170    
  17       1.114282     0.6457E-03   1.113687     0.1565E-03 0.8224    
  18       1.114052     0.6460E-03   1.113707     0.1521E-03 0.7918    
  19       1.113451     0.6454E-03   1.113693     0.1480E-03 0.7561    
  20       1.113909     0.6456E-03   1.113704     0.1443E-03 0.7219    
   
   
 Integral Delta:   1.1137041550569668      +-   1.4428293817303410E-004
 with chisq    =  0.72186595995385783     
  
  
  
 For xq =          200 
  
 RM48 INITIALIZED:        40           0         0



 INPUT PARAMETERS FOR VEGAS:  NDIM=  3  NCALL=   47775744.
                              IT=    0  ITMX=   10
                              MDS= -1   ND=  48
   1      0.7184487E-01 0.2633E-02  0.7184487E-01 0.2633E-02  0.000    
   2      0.7223929E-01 0.7055E-03  0.7221314E-01 0.6798E-03 0.2084E-01
   3      0.7202898E-01 0.4027E-03  0.7207683E-01 0.3465E-03 0.3758E-01
   4      0.7183915E-01 0.3129E-03  0.7194623E-01 0.2324E-03 0.1114    
   5      0.7172885E-01 0.2801E-03  0.7185797E-01 0.1790E-03 0.1726    
   6      0.7164743E-01 0.2659E-03  0.7179266E-01 0.1486E-03 0.2242    
   7      0.7228968E-01 0.2608E-03  0.7191550E-01 0.1290E-03 0.6468    
   8      0.7226779E-01 0.2576E-03  0.7198664E-01 0.1153E-03 0.7686    
   9      0.7190585E-01 0.2553E-03  0.7197298E-01 0.1051E-03 0.6831    
  10      0.7202746E-01 0.2551E-03  0.7198090E-01 0.9718E-04 0.6114    



 INPUT PARAMETERS FOR VEGAS:  NDIM=  3  NCALL=  485941248.
                              IT=    0  ITMX=   20
                              MDS= -1   ND=  48
   1      0.7211912E-01 0.6678E-04  0.7211912E-01 0.6678E-04  0.000    
   2      0.7223121E-01 0.6686E-04  0.7217518E-01 0.4725E-04  1.407    
   3      0.7207893E-01 0.6679E-04  0.7214314E-01 0.3857E-04  1.395    
   4      0.7214281E-01 0.6676E-04  0.7214305E-01 0.3340E-04 0.9303    
   5      0.7217245E-01 0.6673E-04  0.7214895E-01 0.2987E-04 0.7365    
   6      0.7224758E-01 0.6694E-04  0.7216536E-01 0.2727E-04 0.9517    
   7      0.7217784E-01 0.6680E-04  0.7216714E-01 0.2525E-04 0.7980    
   8      0.7204753E-01 0.6674E-04  0.7215221E-01 0.2362E-04  1.085    
   9      0.7212913E-01 0.6677E-04  0.7214964E-01 0.2227E-04 0.9624    
  10      0.7217344E-01 0.6680E-04  0.7215203E-01 0.2112E-04 0.8681    
  11      0.7196787E-01 0.6671E-04  0.7213532E-01 0.2014E-04  1.471    
  12      0.7224773E-01 0.6684E-04  0.7214470E-01 0.1928E-04  1.574    
  13      0.7211789E-01 0.6665E-04  0.7214263E-01 0.1852E-04  1.455    
  14      0.7212342E-01 0.6675E-04  0.7214126E-01 0.1785E-04  1.349    
  15      0.7199431E-01 0.6673E-04  0.7213149E-01 0.1724E-04  1.575    
  16      0.7206673E-01 0.6679E-04  0.7212745E-01 0.1669E-04  1.529    
  17      0.7213877E-01 0.6682E-04  0.7212811E-01 0.1620E-04  1.435    
  18      0.7224624E-01 0.6687E-04  0.7213468E-01 0.1574E-04  1.524    
  19      0.7214342E-01 0.6673E-04  0.7213514E-01 0.1532E-04  1.440    
  20      0.7214143E-01 0.6680E-04  0.7213546E-01 0.1493E-04  1.365    
   
   
 Integral Delta:   7.2135455045133717E-002 +-   1.4933055639841781E-005
 with chisq    =   1.3651101441944717     
  
  
  
 For xq =          300 
  
 RM48 INITIALIZED:        40           0         0



 INPUT PARAMETERS FOR VEGAS:  NDIM=  3  NCALL=   47775744.
                              IT=    0  ITMX=   10
                              MDS= -1   ND=  48
   1      0.1324835E-01 0.4145E-03  0.1324835E-01 0.4145E-03  0.000    
   2      0.1344662E-01 0.1222E-03  0.1343118E-01 0.1165E-03 0.2079    
   3      0.1347191E-01 0.7763E-04  0.1345955E-01 0.6439E-04 0.1456    
   4      0.1346545E-01 0.6541E-04  0.1346247E-01 0.4583E-04 0.9817E-01
   5      0.1359991E-01 0.6121E-04  0.1351274E-01 0.3660E-04 0.8909    
   6      0.1346104E-01 0.5863E-04  0.1349822E-01 0.3104E-04 0.8245    
   7      0.1348224E-01 0.5800E-04  0.1349465E-01 0.2737E-04 0.6964    
   8      0.1350353E-01 0.5751E-04  0.1349630E-01 0.2470E-04 0.5992    
   9      0.1347149E-01 0.5729E-04  0.1349240E-01 0.2268E-04 0.5440    
  10      0.1346046E-01 0.5735E-04  0.1348808E-01 0.2109E-04 0.5134    



 INPUT PARAMETERS FOR VEGAS:  NDIM=  3  NCALL=  485941248.
                              IT=    0  ITMX=   20
                              MDS= -1   ND=  48
   1      0.1352009E-01 0.1574E-04  0.1352009E-01 0.1574E-04  0.000    
   2      0.1349480E-01 0.1575E-04  0.1350747E-01 0.1113E-04  1.290    
   3      0.1351091E-01 0.1575E-04  0.1350862E-01 0.9092E-05 0.6608    
   4      0.1351520E-01 0.1575E-04  0.1351026E-01 0.7874E-05 0.4841    
   5      0.1354147E-01 0.1575E-04  0.1351653E-01 0.7043E-05  1.150    
   6      0.1352028E-01 0.1575E-04  0.1351715E-01 0.6429E-05 0.9292    
   7      0.1351413E-01 0.1576E-04  0.1351672E-01 0.5953E-05 0.7796    
   8      0.1352746E-01 0.1573E-04  0.1351807E-01 0.5568E-05 0.7264    
   9      0.1349881E-01 0.1574E-04  0.1351593E-01 0.5249E-05 0.8017    
  10      0.1351416E-01 0.1573E-04  0.1351575E-01 0.4979E-05 0.7139    
  11      0.1352090E-01 0.1574E-04  0.1351622E-01 0.4747E-05 0.6522    
  12      0.1351094E-01 0.1574E-04  0.1351578E-01 0.4545E-05 0.6023    
  13      0.1353949E-01 0.1575E-04  0.1351761E-01 0.4367E-05 0.7267    
  14      0.1351785E-01 0.1576E-04  0.1351763E-01 0.4208E-05 0.6709    
  15      0.1353032E-01 0.1574E-04  0.1351848E-01 0.4066E-05 0.6662    
  16      0.1354520E-01 0.1574E-04  0.1352015E-01 0.3936E-05 0.8026    
  17      0.1351407E-01 0.1574E-04  0.1351980E-01 0.3819E-05 0.7612    
  18      0.1352479E-01 0.1577E-04  0.1352007E-01 0.3711E-05 0.7220    
  19      0.1353662E-01 0.1574E-04  0.1352095E-01 0.3612E-05 0.7400    
  20      0.1350882E-01 0.1576E-04  0.1352034E-01 0.3521E-05 0.7307    
   
   
 Integral Delta:   1.3520340960005336E-002 +-   3.5210267842836984E-006
 with chisq    =  0.73072593115750040     
  
  
  
 For xq =          400 
  
 RM48 INITIALIZED:        40           0         0



 INPUT PARAMETERS FOR VEGAS:  NDIM=  3  NCALL=   47775744.
                              IT=    0  ITMX=   10
                              MDS= -1   ND=  48
   1      0.3968082E-02 0.1146E-03  0.3968082E-02 0.1146E-03  0.000    
   2      0.3947617E-02 0.3396E-04  0.3949285E-02 0.3263E-04 0.2946E-01
   3      0.3945533E-02 0.2386E-04  0.3946846E-02 0.1928E-04 0.1907E-01
   4      0.3997274E-02 0.2095E-04  0.3970244E-02 0.1415E-04  1.065    
   5      0.3941379E-02 0.1970E-04  0.3960492E-02 0.1150E-04  1.153    
   6      0.3979439E-02 0.1934E-04  0.3965478E-02 0.9882E-05  1.063    
   7      0.3971663E-02 0.1904E-04  0.3966795E-02 0.8770E-05 0.8995    
   8      0.3970271E-02 0.1888E-04  0.3967413E-02 0.7953E-05 0.7747    
   9      0.3997065E-02 0.1899E-04  0.3971898E-02 0.7334E-05 0.9390    
  10      0.3967503E-02 0.1890E-04  0.3971323E-02 0.6837E-05 0.8399    



 INPUT PARAMETERS FOR VEGAS:  NDIM=  3  NCALL=  485941248.
                              IT=    0  ITMX=   20
                              MDS= -1   ND=  48
   1      0.3959832E-02 0.5328E-05  0.3959832E-02 0.5328E-05  0.000    
   2      0.3962315E-02 0.5322E-05  0.3961076E-02 0.3765E-05 0.1087    
   3      0.3969453E-02 0.5322E-05  0.3963878E-02 0.3074E-05 0.8811    
   4      0.3965900E-02 0.5322E-05  0.3964384E-02 0.2662E-05 0.6233    
   5      0.3952897E-02 0.5321E-05  0.3962095E-02 0.2380E-05  1.397    
   6      0.3957560E-02 0.5325E-05  0.3961341E-02 0.2173E-05  1.239    
   7      0.3967119E-02 0.5327E-05  0.3962168E-02 0.2012E-05  1.200    
   8      0.3978585E-02 0.5343E-05  0.3964222E-02 0.1883E-05  2.216    
   9      0.3960669E-02 0.5330E-05  0.3963828E-02 0.1776E-05  1.989    
  10      0.3963812E-02 0.5328E-05  0.3963827E-02 0.1684E-05  1.768    
  11      0.3963903E-02 0.5324E-05  0.3963834E-02 0.1606E-05  1.591    
  12      0.3964646E-02 0.5332E-05  0.3963901E-02 0.1538E-05  1.448    
  13      0.3971742E-02 0.5328E-05  0.3964506E-02 0.1477E-05  1.494    
  14      0.3961926E-02 0.5334E-05  0.3964323E-02 0.1424E-05  1.396    
  15      0.3958208E-02 0.5318E-05  0.3963915E-02 0.1375E-05  1.385    
  16      0.3953926E-02 0.5326E-05  0.3963293E-02 0.1332E-05  1.512    
  17      0.3958112E-02 0.5321E-05  0.3962989E-02 0.1292E-05  1.473    
  18      0.3967506E-02 0.5329E-05  0.3963240E-02 0.1255E-05  1.426    
  19      0.3967491E-02 0.5332E-05  0.3963464E-02 0.1222E-05  1.380    
  20      0.3965582E-02 0.5330E-05  0.3963570E-02 0.1191E-05  1.316    
   
   
 Integral Delta:   3.9635696573938001E-003 +-   1.1911619839229754E-006
 with chisq    =   1.3155709293544464     
  
  
  
 For xq =          500 
  
 RM48 INITIALIZED:        40           0         0



 INPUT PARAMETERS FOR VEGAS:  NDIM=  3  NCALL=   47775744.
                              IT=    0  ITMX=   10
                              MDS= -1   ND=  48
   1      0.1552164E-02 0.4098E-04  0.1552164E-02 0.4098E-04  0.000    
   2      0.1453460E-02 0.1239E-04  0.1462780E-02 0.1220E-04  5.598    
   3      0.1479467E-02 0.9308E-05  0.1473201E-02 0.7435E-05  3.420    
   4      0.1478723E-02 0.8322E-05  0.1475621E-02 0.5557E-05  2.374    
   5      0.1484552E-02 0.7975E-05  0.1478522E-02 0.4562E-05  1.994    
   6      0.1487874E-02 0.7798E-05  0.1480901E-02 0.3938E-05  1.810    
   7      0.1494268E-02 0.7730E-05  0.1483669E-02 0.3508E-05  1.904    
   8      0.1488152E-02 0.7730E-05  0.1484433E-02 0.3195E-05  1.672    
   9      0.1498014E-02 0.7702E-05  0.1486445E-02 0.2951E-05  1.796    
  10      0.1487672E-02 0.7657E-05  0.1486603E-02 0.2753E-05  1.599    



 INPUT PARAMETERS FOR VEGAS:  NDIM=  3  NCALL=  485941248.
                              IT=    0  ITMX=   20
                              MDS= -1   ND=  48
   1      0.1490468E-02 0.2213E-05  0.1490468E-02 0.2213E-05  0.000    
   2      0.1484739E-02 0.2209E-05  0.1487609E-02 0.1563E-05  3.357    
   3      0.1488178E-02 0.2213E-05  0.1487799E-02 0.1277E-05  1.700    
   4      0.1489462E-02 0.2216E-05  0.1488214E-02 0.1106E-05  1.274    
   5      0.1485379E-02 0.2212E-05  0.1487649E-02 0.9895E-06  1.284    
   6      0.1491440E-02 0.2219E-05  0.1488280E-02 0.9037E-06  1.515    
   7      0.1485520E-02 0.2211E-05  0.1487886E-02 0.8365E-06  1.485    
   8      0.1490310E-02 0.2220E-05  0.1488188E-02 0.7828E-06  1.422    
   9      0.1489448E-02 0.2217E-05  0.1488328E-02 0.7382E-06  1.280    
  10      0.1486704E-02 0.2215E-05  0.1488166E-02 0.7003E-06  1.192    
  11      0.1489239E-02 0.2213E-05  0.1488264E-02 0.6677E-06  1.094    
  12      0.1486003E-02 0.2216E-05  0.1488076E-02 0.6393E-06  1.081    
  13      0.1487076E-02 0.2212E-05  0.1487999E-02 0.6142E-06  1.007    
  14      0.1487732E-02 0.2216E-05  0.1487980E-02 0.5919E-06 0.9303    
  15      0.1486153E-02 0.2210E-05  0.1487858E-02 0.5717E-06 0.9095    
  16      0.1487500E-02 0.2214E-05  0.1487836E-02 0.5535E-06 0.8505    
  17      0.1485798E-02 0.2215E-05  0.1487716E-02 0.5370E-06 0.8471    
  18      0.1488833E-02 0.2214E-05  0.1487779E-02 0.5219E-06 0.8114    
  19      0.1486002E-02 0.2216E-05  0.1487685E-02 0.5080E-06 0.8002    
  20      0.1486565E-02 0.2215E-05  0.1487629E-02 0.4951E-06 0.7709    
   
   
 Integral Delta:   1.4876294413385211E-003 +-   4.9514577387618682E-007
 with chisq    =  0.77088228693554761     
  
  
  
 For xq =          600 
  
 RM48 INITIALIZED:        40           0         0



 INPUT PARAMETERS FOR VEGAS:  NDIM=  3  NCALL=   47775744.
                              IT=    0  ITMX=   10
                              MDS= -1   ND=  48
   1      0.6791876E-03 0.1706E-04  0.6791876E-03 0.1706E-04  0.000    
   2      0.6524958E-03 0.5504E-05  0.6552021E-03 0.5326E-05  2.289    
   3      0.6617767E-03 0.4267E-05  0.6591867E-03 0.3336E-05  1.613    
   4      0.6524924E-03 0.3855E-05  0.6563806E-03 0.2531E-05  1.653    
   5      0.6577633E-03 0.3712E-05  0.6568159E-03 0.2092E-05  1.266    
   6      0.6600657E-03 0.3683E-05  0.6576074E-03 0.1819E-05  1.131    
   7      0.6569402E-03 0.3639E-05  0.6574752E-03 0.1628E-05 0.9483    
   8      0.6630700E-03 0.3640E-05  0.6584146E-03 0.1486E-05  1.095    
   9      0.6547257E-03 0.3633E-05  0.6578940E-03 0.1376E-05  1.069    
  10      0.6531048E-03 0.3638E-05  0.6573057E-03 0.1287E-05  1.118    



 INPUT PARAMETERS FOR VEGAS:  NDIM=  3  NCALL=  485941248.
                              IT=    0  ITMX=   20
                              MDS= -1   ND=  48
   1      0.6555076E-03 0.1049E-05  0.6555076E-03 0.1049E-05  0.000    
   2      0.6550723E-03 0.1046E-05  0.6552895E-03 0.7407E-06 0.8636E-01
   3      0.6551120E-03 0.1048E-05  0.6552304E-03 0.6049E-06 0.5275E-01
   4      0.6545504E-03 0.1047E-05  0.6550606E-03 0.5238E-06 0.1405    
   5      0.6551106E-03 0.1047E-05  0.6550706E-03 0.4685E-06 0.1058    
   6      0.6559625E-03 0.1049E-05  0.6552193E-03 0.4277E-06 0.2055    
   7      0.6542369E-03 0.1047E-05  0.6550791E-03 0.3959E-06 0.2969    
   8      0.6535043E-03 0.1046E-05  0.6548825E-03 0.3703E-06 0.5368    
   9      0.6544814E-03 0.1047E-05  0.6548380E-03 0.3491E-06 0.4861    
  10      0.6545150E-03 0.1047E-05  0.6548058E-03 0.3312E-06 0.4416    
  11      0.6555653E-03 0.1050E-05  0.6548746E-03 0.3159E-06 0.4450    
  12      0.6550855E-03 0.1046E-05  0.6548923E-03 0.3024E-06 0.4079    
  13      0.6545603E-03 0.1046E-05  0.6548667E-03 0.2905E-06 0.3817    
  14      0.6545086E-03 0.1047E-05  0.6548411E-03 0.2799E-06 0.3607    
  15      0.6553468E-03 0.1047E-05  0.6548749E-03 0.2704E-06 0.3505    
  16      0.6565046E-03 0.1048E-05  0.6549772E-03 0.2618E-06 0.4790    
  17      0.6556390E-03 0.1047E-05  0.6550162E-03 0.2540E-06 0.4725    
  18      0.6550831E-03 0.1045E-05  0.6550199E-03 0.2468E-06 0.4450    
  19      0.6561817E-03 0.1048E-05  0.6550812E-03 0.2402E-06 0.4851    
  20      0.6548703E-03 0.1046E-05  0.6550707E-03 0.2341E-06 0.4616    
   
   
 Integral Delta:   6.5507067040939922E-004 +-   2.3414373872964081E-007
 with chisq    =  0.46160635082990992     
  
  
  
 For xq =          700 
  
 RM48 INITIALIZED:        40           0         0



 INPUT PARAMETERS FOR VEGAS:  NDIM=  3  NCALL=   47775744.
                              IT=    0  ITMX=   10
                              MDS= -1   ND=  48
   1      0.3104206E-03 0.7645E-05  0.3104206E-03 0.7645E-05  0.000    
   2      0.3210709E-03 0.2742E-05  0.3199279E-03 0.2548E-05  1.674    
   3      0.3168481E-03 0.2134E-05  0.3181131E-03 0.1635E-05  1.265    
   4      0.3223931E-03 0.1988E-05  0.3198800E-03 0.1259E-05  1.769    
   5      0.3212299E-03 0.1910E-05  0.3202951E-03 0.1050E-05  1.409    
   6      0.3224052E-03 0.1891E-05  0.3208018E-03 0.9172E-06  1.315    
   7      0.3231183E-03 0.1882E-05  0.3212553E-03 0.8240E-06  1.300    
   8      0.3209325E-03 0.1871E-05  0.3212026E-03 0.7540E-06  1.116    
   9      0.3217795E-03 0.1863E-05  0.3212846E-03 0.6988E-06 0.9860    
  10      0.3221020E-03 0.1883E-05  0.3213847E-03 0.6550E-06 0.8939    



 INPUT PARAMETERS FOR VEGAS:  NDIM=  3  NCALL=  485941248.
                              IT=    0  ITMX=   20
                              MDS= -1   ND=  48
   1      0.3219829E-03 0.5434E-06  0.3219829E-03 0.5434E-06  0.000    
   2      0.3212626E-03 0.5429E-06  0.3216233E-03 0.3841E-06 0.8794    
   3      0.3205659E-03 0.5419E-06  0.3212713E-03 0.3133E-06  1.705    
   4      0.3212400E-03 0.5432E-06  0.3212635E-03 0.2714E-06  1.138    
   5      0.3214868E-03 0.5425E-06  0.3213082E-03 0.2427E-06 0.8869    
   6      0.3217396E-03 0.5431E-06  0.3213802E-03 0.2216E-06 0.8145    
   7      0.3204204E-03 0.5418E-06  0.3212434E-03 0.2051E-06  1.126    
   8      0.3213827E-03 0.5435E-06  0.3212608E-03 0.1919E-06 0.9729    
   9      0.3212812E-03 0.5434E-06  0.3212630E-03 0.1809E-06 0.8514    
  10      0.3208879E-03 0.5410E-06  0.3212254E-03 0.1716E-06 0.8049    
  11      0.3224738E-03 0.5448E-06  0.3213388E-03 0.1637E-06  1.205    
  12      0.3208760E-03 0.5425E-06  0.3213003E-03 0.1567E-06  1.156    
  13      0.3215271E-03 0.5425E-06  0.3213178E-03 0.1505E-06  1.073    
  14      0.3216377E-03 0.5444E-06  0.3213406E-03 0.1451E-06  1.015    
  15      0.3207139E-03 0.5426E-06  0.3212989E-03 0.1402E-06  1.031    
  16      0.3215791E-03 0.5425E-06  0.3213165E-03 0.1357E-06 0.9792    
  17      0.3210053E-03 0.5428E-06  0.3212982E-03 0.1317E-06 0.9375    
  18      0.3214859E-03 0.5421E-06  0.3213087E-03 0.1279E-06 0.8889    
  19      0.3215752E-03 0.5424E-06  0.3213227E-03 0.1245E-06 0.8522    
  20      0.3218021E-03 0.5423E-06  0.3213468E-03 0.1214E-06 0.8464    
   
   
 Integral Delta:   3.2134681034219436E-004 +-   1.2136785953046870E-007
 with chisq    =  0.84638317626153015     
  
  
  
 For xq =          800 
  
 RM48 INITIALIZED:        40           0         0



 INPUT PARAMETERS FOR VEGAS:  NDIM=  3  NCALL=   47775744.
                              IT=    0  ITMX=   10
                              MDS= -1   ND=  48
   1      0.1735093E-03 0.4031E-05  0.1735093E-03 0.4031E-05  0.000    
   2      0.1722673E-03 0.1483E-05  0.1724173E-03 0.1395E-05 0.8408E-01
   3      0.1714972E-03 0.1176E-05  0.1718828E-03 0.9010E-06 0.1692    
   4      0.1724957E-03 0.1096E-05  0.1721301E-03 0.6959E-06 0.1750    
   5      0.1737085E-03 0.1066E-05  0.1726065E-03 0.5824E-06 0.5178    
   6      0.1690399E-03 0.1037E-05  0.1717788E-03 0.5086E-06  2.170    
   7      0.1711584E-03 0.1046E-05  0.1716613E-03 0.4575E-06  1.858    
   8      0.1712560E-03 0.1041E-05  0.1715961E-03 0.4189E-06  1.613    
   9      0.1720650E-03 0.1045E-05  0.1716611E-03 0.3888E-06  1.432    
  10      0.1700817E-03 0.1033E-05  0.1714686E-03 0.3640E-06  1.500    



 INPUT PARAMETERS FOR VEGAS:  NDIM=  3  NCALL=  485941248.
                              IT=    0  ITMX=   20
                              MDS= -1   ND=  48
   1      0.1709727E-03 0.3071E-06  0.1709727E-03 0.3071E-06  0.000    
   2      0.1710158E-03 0.3070E-06  0.1709943E-03 0.2171E-06 0.9862E-02
   3      0.1708771E-03 0.3064E-06  0.1709551E-03 0.1772E-06 0.5360E-01
   4      0.1708386E-03 0.3070E-06  0.1709261E-03 0.1534E-06 0.7172E-01
   5      0.1707192E-03 0.3068E-06  0.1708848E-03 0.1372E-06 0.1446    
   6      0.1712205E-03 0.3070E-06  0.1709409E-03 0.1253E-06 0.3155    
   7      0.1708261E-03 0.3071E-06  0.1709245E-03 0.1160E-06 0.2829    
   8      0.1710986E-03 0.3072E-06  0.1709463E-03 0.1085E-06 0.2827    
   9      0.1707974E-03 0.3070E-06  0.1709298E-03 0.1023E-06 0.2735    
  10      0.1707478E-03 0.3071E-06  0.1709116E-03 0.9707E-07 0.2782    
  11      0.1711797E-03 0.3079E-06  0.1709359E-03 0.9258E-07 0.3195    
  12      0.1713703E-03 0.3078E-06  0.1709721E-03 0.8865E-07 0.4571    
  13      0.1710162E-03 0.3069E-06  0.1709755E-03 0.8517E-07 0.4206    
  14      0.1710232E-03 0.3076E-06  0.1709789E-03 0.8208E-07 0.3899    
  15      0.1707280E-03 0.3071E-06  0.1709622E-03 0.7930E-07 0.4065    
  16      0.1711057E-03 0.3072E-06  0.1709712E-03 0.7678E-07 0.3930    
  17      0.1713993E-03 0.3070E-06  0.1709965E-03 0.7449E-07 0.4832    
  18      0.1708262E-03 0.3066E-06  0.1709871E-03 0.7238E-07 0.4720    
  19      0.1711986E-03 0.3078E-06  0.1709982E-03 0.7046E-07 0.4706    
  20      0.1708913E-03 0.3072E-06  0.1709928E-03 0.6868E-07 0.4519    
   
   
 Integral Delta:   1.7099284470435515E-004 +-   6.8676682243070833E-008
 with chisq    =  0.45193808441823285     
  
  
  
 For xq =          900 
  
 RM48 INITIALIZED:        40           0         0



 INPUT PARAMETERS FOR VEGAS:  NDIM=  3  NCALL=   47775744.
                              IT=    0  ITMX=   10
                              MDS= -1   ND=  48
   1      0.9685259E-04 0.2196E-05  0.9685259E-04 0.2196E-05  0.000    
   2      0.9735283E-04 0.8450E-06  0.9728890E-04 0.7871E-06 0.4502E-01
   3      0.9699392E-04 0.6772E-06  0.9711955E-04 0.5135E-06 0.6287E-01
   4      0.9670958E-04 0.6334E-06  0.9695770E-04 0.3991E-06 0.1260    
   5      0.9689822E-04 0.6191E-06  0.9694026E-04 0.3355E-06 0.9618E-01
   6      0.9648404E-04 0.6133E-06  0.9683598E-04 0.2944E-06 0.1618    
   7      0.9616830E-04 0.6040E-06  0.9670934E-04 0.2647E-06 0.2980    
   8      0.9657710E-04 0.6127E-06  0.9668861E-04 0.2430E-06 0.2612    
   9      0.9594699E-04 0.6069E-06  0.9658760E-04 0.2257E-06 0.3878    
  10      0.9739926E-04 0.6095E-06  0.9668676E-04 0.2116E-06 0.5195    



 INPUT PARAMETERS FOR VEGAS:  NDIM=  3  NCALL=  485941248.
                              IT=    0  ITMX=   20
                              MDS= -1   ND=  48
   1      0.9676271E-04 0.1792E-06  0.9676271E-04 0.1792E-06  0.000    
   2      0.9702818E-04 0.1794E-06  0.9689564E-04 0.1268E-06  1.096    
   3      0.9655455E-04 0.1791E-06  0.9678227E-04 0.1035E-06  1.755    
   4      0.9652766E-04 0.1791E-06  0.9671881E-04 0.8961E-07  1.675    
   5      0.9677070E-04 0.1792E-06  0.9672920E-04 0.8014E-07  1.273    
   6      0.9657473E-04 0.1795E-06  0.9670360E-04 0.7318E-07  1.142    
   7      0.9664686E-04 0.1788E-06  0.9669546E-04 0.6773E-07 0.9661    
   8      0.9681157E-04 0.1795E-06  0.9670996E-04 0.6337E-07 0.8802    
   9      0.9645696E-04 0.1791E-06  0.9668195E-04 0.5974E-07 0.9913    
  10      0.9671796E-04 0.1791E-06  0.9668556E-04 0.5667E-07 0.8852    
  11      0.9678705E-04 0.1791E-06  0.9669482E-04 0.5403E-07 0.8257    
  12      0.9662163E-04 0.1789E-06  0.9668871E-04 0.5172E-07 0.7647    
  13      0.9682140E-04 0.1794E-06  0.9669891E-04 0.4970E-07 0.7430    
  14      0.9680707E-04 0.1792E-06  0.9670665E-04 0.4789E-07 0.7118    
  15      0.9669464E-04 0.1792E-06  0.9670585E-04 0.4627E-07 0.6613    
  16      0.9658817E-04 0.1789E-06  0.9669849E-04 0.4479E-07 0.6442    
  17      0.9656524E-04 0.1789E-06  0.9669065E-04 0.4345E-07 0.6366    
  18      0.9646236E-04 0.1789E-06  0.9667799E-04 0.4222E-07 0.6894    
  19      0.9658847E-04 0.1791E-06  0.9667328E-04 0.4110E-07 0.6643    
  20      0.9686582E-04 0.1794E-06  0.9668292E-04 0.4006E-07 0.6871    
   
   
 Integral Delta:   9.6682922821986490E-005 +-   4.0058756444334502E-008
 with chisq    =  0.68706981721424720     
  
  
  
 For xq =         1000 
  
 RM48 INITIALIZED:        40           0         0



 INPUT PARAMETERS FOR VEGAS:  NDIM=  3  NCALL=   47775744.
                              IT=    0  ITMX=   10
                              MDS= -1   ND=  48
   1      0.5493025E-04 0.1229E-05  0.5493025E-04 0.1229E-05  0.000    
   2      0.5746331E-04 0.5086E-06  0.5712063E-04 0.4627E-06  3.506    
   3      0.5614211E-04 0.4063E-06  0.5656871E-04 0.3054E-06  3.017    
   4      0.5713306E-04 0.3871E-06  0.5678965E-04 0.2392E-06  2.436    
   5      0.5771800E-04 0.3820E-06  0.5705971E-04 0.2024E-06  2.896    
   6      0.5656371E-04 0.3729E-06  0.5694724E-04 0.1779E-06  2.591    
   7      0.5741533E-04 0.3736E-06  0.5703561E-04 0.1605E-06  2.368    
   8      0.5749862E-04 0.3755E-06  0.5710871E-04 0.1475E-06  2.210    
   9      0.5780179E-04 0.3747E-06  0.5720443E-04 0.1372E-06  2.306    
  10      0.5722793E-04 0.3725E-06  0.5720726E-04 0.1288E-06  2.049    



 INPUT PARAMETERS FOR VEGAS:  NDIM=  3  NCALL=  485941248.
                              IT=    0  ITMX=   20
                              MDS= -1   ND=  48
   1      0.5721677E-04 0.1094E-06  0.5721677E-04 0.1094E-06  0.000    
   2      0.5737025E-04 0.1097E-06  0.5729352E-04 0.7748E-07 0.9810    
   3      0.5736713E-04 0.1097E-06  0.5731807E-04 0.6328E-07 0.6405    
   4      0.5710994E-04 0.1096E-06  0.5726630E-04 0.5480E-07  1.326    
   5      0.5737897E-04 0.1100E-06  0.5728879E-04 0.4905E-07  1.205    
   6      0.5720727E-04 0.1098E-06  0.5727526E-04 0.4478E-07  1.056    
   7      0.5720541E-04 0.1095E-06  0.5726527E-04 0.4145E-07 0.9383    
   8      0.5741840E-04 0.1100E-06  0.5728438E-04 0.3879E-07  1.047    
   9      0.5732905E-04 0.1097E-06  0.5728935E-04 0.3657E-07 0.9344    
  10      0.5731138E-04 0.1097E-06  0.5729156E-04 0.3469E-07 0.8345    
  11      0.5743240E-04 0.1099E-06  0.5730438E-04 0.3308E-07 0.9008    
  12      0.5739821E-04 0.1101E-06  0.5731218E-04 0.3168E-07 0.8794    
  13      0.5724383E-04 0.1097E-06  0.5730693E-04 0.3044E-07 0.8361    
  14      0.5737563E-04 0.1098E-06  0.5731184E-04 0.2933E-07 0.7996    
  15      0.5735251E-04 0.1099E-06  0.5731455E-04 0.2834E-07 0.7516    
  16      0.5732585E-04 0.1100E-06  0.5731525E-04 0.2744E-07 0.7021    
  17      0.5730522E-04 0.1097E-06  0.5731466E-04 0.2662E-07 0.6587    
  18      0.5737131E-04 0.1099E-06  0.5731781E-04 0.2587E-07 0.6347    
  19      0.5724347E-04 0.1096E-06  0.5731390E-04 0.2518E-07 0.6237    
  20      0.5730025E-04 0.1096E-06  0.5731321E-04 0.2454E-07 0.5917    
   
   
 Integral Delta:   5.7313212472137288E-005 +-   2.4542951910821355E-008
 with chisq    =  0.59165736254380208     
  
  
  
    xq         Integral Delta                 error
    100      0.111370415505697E+01      0.144282938173034E-03
    200      0.721354550451337E-01      0.149330556398418E-04
    300      0.135203409600053E-01      0.352102678428370E-05
    400      0.396356965739380E-02      0.119116198392298E-05
    500      0.148762944133852E-02      0.495145773876187E-06
    600      0.655070670409399E-03      0.234143738729641E-06
    700      0.321346810342194E-03      0.121367859530469E-06
    800      0.170992844704355E-03      0.686766822430708E-07
    900      0.966829228219865E-04      0.400587564443345E-07
   1000      0.573132124721373E-04      0.245429519108214E-07
   
    xq              Plus                      regular                        delta                    combined PK                      error
    100     -0.395391154030790E+00      0.281192435556483E+01      0.111370415505697E+01      0.353023735659101E+01      0.152840503267269E-01
    200     -0.227352373865935E-01      0.181038100572666E+00      0.721354550451337E-01      0.230438318231206E+00      0.158429362924946E-02
    300     -0.347419056739908E-02      0.337700501774616E-01      0.135203409600053E-01      0.438162005700678E-01      0.377560496165007E-03
    400      0.576711120806309E-03      0.983331574877426E-02      0.396356965739380E-02      0.143735965269744E-01      0.129054288561987E-03
    500      0.295931943994404E-03      0.366838323279622E-02      0.148762944133852E-02      0.545194461812914E-02      0.569418599454115E-04
    600      0.240624065619079E-03      0.160393828705701E-02      0.655070670409399E-03      0.249963302308549E-02      0.272425584754997E-04
    700      0.143280909199881E-03      0.781111079402947E-03      0.321346810342194E-03      0.124573879894502E-02      0.145445776246473E-04
    800      0.107084219873040E-03      0.411961134862901E-03      0.170992844704355E-03      0.690038199440296E-03      0.821009659957220E-05
    900      0.769077389522704E-04      0.230867571421824E-03      0.966829228219865E-04      0.404458233196081E-03      0.499491486737174E-05
   1000      0.478550714186424E-04      0.135787365741401E-03      0.573132124721373E-04      0.240955649632180E-03      0.310015408184407E-05
Thanks for using LHAPDF 6.5.4. Please make sure to cite the paper:
  Eur.Phys.J. C75 (2015) 3, 132  (http://arxiv.org/abs/1412.7420)
