   100.00000000000000      -0.30967446040196300        1.1548114371524913E-002
   200.00000000000000       -1.2589649101499933E-002   1.2030684424509655E-003
   300.00000000000000       -1.7470057439841627E-003   2.9072557271158842E-004
   400.00000000000000        6.4829633412354191E-004   1.0082606933439322E-004
   500.00000000000000        5.2648656723329251E-004   4.2994341637165879E-005
   600.00000000000000        2.5583668166141059E-004   2.0986429811961815E-005
   700.00000000000000        1.5567622472152859E-004   1.1192074414037057E-005
   800.00000000000000        1.0684850709004184E-004   6.3635935602320581E-006
   900.00000000000000        7.3830568553409664E-005   3.8219065227961800E-006
   1000.0000000000000        4.9696711829226070E-005   2.3890139887511232E-006
LHAPDF 6.5.4 loading /home/niraj/1TB-Disc/Workspace-IITG/Packages/Install/LHAPDF-6.5.4/install/share/LHAPDF/MMHT2014nlo68cl/MMHT2014nlo68cl_0000.dat
MMHT2014nlo68cl PDF set, member #0, version 3; LHAPDF ID = 25100
 
modification:
1. With linear mapping "usual"
2. 1/x/s12 term is there in PK_new.f  

This is complete result for PK
   
 ~~~~~~~~~~~~~~~~~~~~~~~~~~~~~~~~~~~~~~~~~~~~
     Calculating P and K terms
 ~~~~~~~~~~~~~~~~~~~~~~~~~~~~~~~~~~~~~~~~~~~~
   
   
   
 ~~~~~~~~~~~~~~~~~~~~~~~~~~~~~~~~~~~~~~~~~~~~
     Calculating [+] distribution
 ~~~~~~~~~~~~~~~~~~~~~~~~~~~~~~~~~~~~~~~~~~~~
   
 ~~~~~~~~~~~~~~~~~~~~~~~~~~~~~~~~~~~~~~~~
Using Vegas points:                   1.E+08
         Iteration:                   10
 ~~~~~~~~~~~~~~~~~~~~~~~~~~~~~~~~~~~~~~~~
  
 For xq =          100 
  
 RM48 INITIALIZED:        40           0         0



 INPUT PARAMETERS FOR VEGAS:  NDIM=  4  NCALL=   99574272.
                              IT=    0  ITMX=   10
                              MDS= -1   ND=  42
   1       35.64614      37.08       35.64614      37.08      0.000    
   2      0.2688689     0.8573       32.24393      24.92     0.1751    
   3     -0.3301595     0.3242       15.84246      14.34     0.7763    
   4     -0.1314211     0.2002       13.07840      11.29     0.7854    
   5     -0.3066114     0.1776       5.785532      6.815     0.9754    
   6     -0.5452153E-01 0.1685       5.675949      6.163     0.9397    
   7     -0.5811160     0.1633       1.332571      3.156      1.052    
   8     -0.1764246     0.1603       1.238539      2.859      1.033    
   9     -0.4726397     0.1609      0.7127087      2.243      1.032    
  10     -0.3277532     0.1624      0.5809213      1.989      1.023    



 INPUT PARAMETERS FOR VEGAS:  NDIM=  4  NCALL=  933897762.
                              IT=    0  ITMX=   20
                              MDS= -1   ND=  49
   1     -0.3853666     0.5136E-01 -0.3853666     0.5136E-01  0.000    
   2     -0.3391892     0.5161E-01 -0.3653214     0.3639E-01 0.3955    
   3     -0.3600410     0.5155E-01 -0.3635840     0.2973E-01 0.2023    
   4     -0.3570422     0.5173E-01 -0.3619932     0.2578E-01 0.1397    
   5     -0.3725486     0.5122E-01 -0.3642377     0.2302E-01 0.1122    
   6     -0.3667418     0.5168E-01 -0.3646592     0.2103E-01 0.8989E-01
   7     -0.3218643     0.5132E-01 -0.3596873     0.1946E-01 0.1601    
   8     -0.3043028     0.5146E-01 -0.3545017     0.1820E-01 0.2543    
   9     -0.3523108     0.5171E-01 -0.3542595     0.1717E-01 0.2227    
  10     -0.3848818     0.5165E-01 -0.3578364     0.1629E-01 0.2346    
  11     -0.3859747     0.5136E-01 -0.3608237     0.1553E-01 0.2389    
  12     -0.4299703     0.5166E-01 -0.3687917     0.1487E-01 0.4098    
  13     -0.4099354     0.5161E-01 -0.3726997     0.1429E-01 0.4275    
  14     -0.3843616     0.5133E-01 -0.3736073     0.1377E-01 0.3961    
  15     -0.3509749     0.5173E-01 -0.3722479     0.1331E-01 0.3819    
  16     -0.4201721     0.5149E-01 -0.3760787     0.1288E-01 0.4177    
  17     -0.4111686     0.5142E-01 -0.3785803     0.1250E-01 0.4192    
  18     -0.4084321     0.5127E-01 -0.3805530     0.1214E-01 0.4123    
  19     -0.4205744     0.5135E-01 -0.3831659     0.1181E-01 0.4233    
  20     -0.3908922     0.5147E-01 -0.3835766     0.1151E-01 0.4009    
   
   
 Integral Plus: -0.38357658897278157      +-   1.1514254592876883E-002
 with chisq    =  0.40087307292391322     
  
  
  
 For xq =          200 
  
 RM48 INITIALIZED:        40           0         0



 INPUT PARAMETERS FOR VEGAS:  NDIM=  4  NCALL=   99574272.
                              IT=    0  ITMX=   10
                              MDS= -1   ND=  42
   1      -1.516012      1.915      -1.516012      1.915      0.000    
   2      0.2328332     0.1420     -0.9791905E-01 0.5958      1.321    
   3      0.5698131E-02 0.5040E-01 -0.9752083E-01 0.4855     0.9910    
   4     -0.1769640E-01 0.2466E-01 -0.8682224E-01 0.3913     0.8824    
   5     -0.8236725E-02 0.1824E-01 -0.8285849E-01 0.3411     0.8279    
   6     -0.1327875E-01 0.1695E-01 -0.7369199E-01 0.2901     0.7960    
   7      0.1404328E-01 0.1672E-01 -0.6215974E-01 0.2504     0.7762    
   8     -0.5537371E-01 0.1663E-01 -0.5758648E-01 0.1338     0.7594    
   9     -0.1884469E-01 0.1665E-01 -0.5478633E-01 0.1215     0.7483    
  10     -0.2787262E-01 0.1665E-01 -0.5111135E-01 0.1071     0.7396    



 INPUT PARAMETERS FOR VEGAS:  NDIM=  4  NCALL=  933897762.
                              IT=    0  ITMX=   20
                              MDS= -1   ND=  49
   1     -0.1738094E-01 0.5362E-02 -0.1738094E-01 0.5362E-02  0.000    
   2     -0.1632613E-01 0.5372E-02 -0.1688746E-01 0.3795E-02 0.1923E-01
   3     -0.1403774E-01 0.5369E-02 -0.1615443E-01 0.3099E-02 0.9150E-01
   4     -0.2143343E-01 0.5364E-02 -0.1813534E-01 0.2683E-02 0.3533    
   5     -0.3709166E-02 0.5353E-02 -0.1797434E-01 0.2400E-02 0.4273    
   6     -0.7254670E-02 0.5350E-02 -0.1753503E-01 0.2190E-02 0.5817    
   7     -0.1552840E-01 0.5393E-02 -0.1722202E-01 0.2030E-02 0.4980    
   8     -0.1227814E-01 0.5384E-02 -0.1678145E-01 0.1899E-02 0.5228    
   9     -0.3364464E-02 0.5368E-02 -0.1669172E-01 0.1790E-02 0.5578    
  10     -0.2123202E-01 0.5363E-02 -0.1764790E-01 0.1698E-02 0.5672    
  11     -0.1829839E-01 0.5375E-02 -0.1773554E-01 0.1619E-02 0.4876    
  12     -0.1180984E-01 0.5366E-02 -0.1741959E-01 0.1550E-02 0.5249    
  13     -0.2095887E-01 0.5372E-02 -0.1792749E-01 0.1489E-02 0.5043    
  14     -0.1253773E-01 0.5362E-02 -0.1766328E-01 0.1435E-02 0.5274    
  15     -0.9440604E-02 0.5366E-02 -0.1744128E-01 0.1386E-02 0.5765    
  16     -0.1429214E-01 0.5374E-02 -0.1725828E-01 0.1342E-02 0.5606    
  17     -0.1536654E-01 0.5350E-02 -0.1713819E-01 0.1302E-02 0.5311    
  18     -0.1584642E-01 0.5373E-02 -0.1705716E-01 0.1265E-02 0.4996    
  19     -0.1608489E-01 0.5391E-02 -0.1699850E-01 0.1232E-02 0.4697    
  20     -0.1530048E-01 0.5333E-02 -0.1690880E-01 0.1200E-02 0.4493    
   
   
 Integral Plus:  -1.6908796168028709E-002 +-   1.2004079828488942E-003
 with chisq    =  0.44927319699330326     
  
  
  
 For xq =          300 
  
 RM48 INITIALIZED:        40           0         0



 INPUT PARAMETERS FOR VEGAS:  NDIM=  4  NCALL=   99574272.
                              IT=    0  ITMX=   10
                              MDS= -1   ND=  42
   1     -0.4476897E-01 0.1046     -0.4476897E-01 0.1046      0.000    
   2      0.6618400E-02 0.1789E-01 -0.2279670E-01 0.5655E-01 0.2021    
   3      0.1367397E-01 0.5941E-02  0.1159507E-01 0.1152E-01 0.4085    
   4     -0.1041561E-01 0.4783E-02  0.1519921E-02 0.7520E-02  1.055    
   5      0.6516350E-02 0.4457E-02  0.2374527E-02 0.6179E-02 0.9947    
   6      0.1649435E-03 0.4087E-02  0.2374239E-02 0.5640E-02 0.9549    
   7      0.1096629E-03 0.4002E-02  0.2374103E-02 0.5222E-02 0.9284    
   8      0.1177002E-02 0.3988E-02  0.2365818E-02 0.4869E-02 0.9090    
   9      0.8562390E-03 0.4030E-02  0.2360425E-02 0.4583E-02 0.8946    
  10      0.1748829E-02 0.3968E-02  0.2351164E-02 0.4318E-02 0.8824    



 INPUT PARAMETERS FOR VEGAS:  NDIM=  4  NCALL=  933897762.
                              IT=    0  ITMX=   20
                              MDS= -1   ND=  49
   1     -0.2034104E-02 0.1297E-02 -0.2034104E-02 0.1297E-02  0.000    
   2     -0.3933937E-02 0.1297E-02 -0.3533117E-02 0.9174E-03 0.7139    
   3     -0.1770200E-02 0.1293E-02 -0.3288912E-02 0.7487E-03 0.7925    
   4     -0.3947920E-03 0.1295E-02 -0.3269168E-02 0.6484E-03 0.7446    
   5     -0.3952299E-03 0.1301E-02 -0.3249820E-02 0.5800E-03 0.7344    
   6     -0.1219444E-02 0.1293E-02 -0.3126111E-02 0.5293E-03 0.8307    
   7     -0.1295564E-02 0.1297E-02 -0.3009057E-02 0.4901E-03 0.8951    
   8     -0.1029453E-02 0.1296E-02 -0.2932152E-02 0.4584E-03 0.9423    
   9     -0.1022103E-02 0.1297E-02 -0.2861713E-02 0.4322E-03 0.9801    
  10     -0.1436338E-02 0.1303E-02 -0.2765789E-02 0.4102E-03 0.9865    
  11     -0.1047539E-02 0.1291E-02 -0.2705363E-02 0.3910E-03  1.008    
  12     -0.8806354E-03 0.1294E-02 -0.2661310E-02 0.3743E-03  1.027    
  13     -0.9724966E-03 0.1292E-02 -0.2612876E-02 0.3596E-03  1.042    
  14     -0.6789857E-03 0.1293E-02 -0.2586232E-02 0.3465E-03  1.054    
  15     -0.1931325E-02 0.1306E-02 -0.2521731E-02 0.3350E-03 0.9682    
  16     -0.1863588E-02 0.1306E-02 -0.2466466E-02 0.3245E-03 0.9031    
  17     -0.1961484E-02 0.1303E-02 -0.2423324E-02 0.3149E-03 0.8347    
  18     -0.3146672E-02 0.1294E-02 -0.2555127E-02 0.3059E-03 0.7301    
  19     -0.1603509E-02 0.1296E-02 -0.2512232E-02 0.2977E-03 0.7195    
  20     -0.1571580E-03 0.1285E-02 -0.2511196E-02 0.2902E-03 0.7187    
   
   
 Integral Plus:  -2.5111962003575438E-003 +-   2.9017852638591390E-004
 with chisq    =  0.71873864437464230     
  
  
  
 For xq =          400 
  
 RM48 INITIALIZED:        40           0         0



 INPUT PARAMETERS FOR VEGAS:  NDIM=  4  NCALL=   99574272.
                              IT=    0  ITMX=   10
                              MDS= -1   ND=  42
   1      0.6334542E-01 0.3406E-01  0.6334542E-01 0.3406E-01  0.000    
   2     -0.8348719E-02 0.9221E-02  0.4960706E-01 0.2184E-01  1.669    
   3      0.2932655E-02 0.2381E-02  0.3738855E-01 0.1534E-01  2.143    
   4      0.1249308E-02 0.1552E-02  0.3375515E-01 0.1260E-01  2.152    
   5      0.2001549E-02 0.1460E-02  0.2658745E-01 0.9923E-02  2.463    
   6      0.9755848E-03 0.1389E-02  0.2515336E-01 0.8802E-02  2.454    
   7     -0.2655418E-03 0.1379E-02  0.2504690E-01 0.8132E-02  2.392    
   8     -0.7794673E-03 0.1401E-02  0.2417431E-01 0.7478E-02  2.399    
   9     -0.4283321E-03 0.1382E-02  0.2391897E-01 0.7014E-02  2.377    
  10      0.4905366E-03 0.1378E-02  0.2360263E-01 0.6609E-02  2.366    



 INPUT PARAMETERS FOR VEGAS:  NDIM=  4  NCALL=  933897762.
                              IT=    0  ITMX=   20
                              MDS= -1   ND=  49
   1     -0.3170224E-03 0.4492E-03 -0.3170224E-03 0.4492E-03  0.000    
   2      0.5714537E-03 0.4497E-03  0.3620077E-03 0.3179E-03  1.407    
   3     -0.4871976E-03 0.4488E-03  0.5798479E-04 0.2594E-03  1.910    
   4      0.7129231E-03 0.4513E-03  0.3404359E-03 0.2251E-03  1.654    
   5     -0.2967141E-04 0.4509E-03  0.3401591E-03 0.2013E-03  1.550    
   6      0.8107780E-03 0.4518E-03  0.5083231E-03 0.1840E-03  1.254    
   7      0.9454159E-03 0.4502E-03  0.6519533E-03 0.1703E-03  1.062    
   8     -0.4218571E-03 0.4492E-03  0.5857371E-03 0.1593E-03  1.352    
   9     -0.4820490E-03 0.4494E-03  0.5062283E-03 0.1501E-03  1.668    
  10     -0.1812035E-04 0.4497E-03  0.5061733E-03 0.1424E-03  1.647    
  11      0.1806230E-04 0.4496E-03  0.5061223E-03 0.1358E-03  1.631    
  12     -0.7726125E-03 0.4479E-03  0.2997208E-03 0.1299E-03  2.551    
  13      0.1560390E-03 0.4493E-03  0.2987866E-03 0.1248E-03  2.517    
  14      0.2215198E-04 0.4509E-03  0.2987507E-03 0.1203E-03  2.502    
  15      0.2659879E-03 0.4516E-03  0.2981494E-03 0.1162E-03  2.444    
  16      0.3603329E-03 0.4498E-03  0.3001915E-03 0.1125E-03  2.354    
  17      0.3688718E-03 0.4486E-03  0.3024877E-03 0.1091E-03  2.267    
  18      0.1075125E-02 0.4506E-03  0.4722211E-03 0.1061E-03  2.297    
  19     -0.4990478E-03 0.4504E-03  0.4282826E-03 0.1033E-03  2.398    
  20      0.5316527E-03 0.4503E-03  0.4333327E-03 0.1007E-03  2.277    
   
   
 Integral Plus:   4.3333270658986635E-004 +-   1.0065582907689276E-004
 with chisq    =   2.2772675827046851     
  
  
  
 For xq =          500 
  
 RM48 INITIALIZED:        40           0         0



 INPUT PARAMETERS FOR VEGAS:  NDIM=  4  NCALL=   99574272.
                              IT=    0  ITMX=   10
                              MDS= -1   ND=  42
   1      0.1918907E-01 0.1343E-01  0.1918907E-01 0.1343E-01  0.000    
   2      0.3221289E-02 0.2329E-02  0.1146128E-01 0.6919E-02  1.330    
   3      0.5160630E-03 0.1368E-02  0.1108124E-01 0.5553E-02  1.062    
   4      0.2195631E-03 0.7779E-03  0.1087400E-01 0.4763E-02 0.9762    
   5      0.7895871E-04 0.6321E-03  0.1083382E-01 0.4252E-02 0.9212    
   6     -0.2596280E-03 0.6055E-03  0.1036770E-01 0.3800E-02 0.9528    
   7      0.1301011E-02 0.5974E-03  0.5651782E-02 0.2442E-02  1.496    
   8     -0.5948129E-03 0.5955E-03  0.5035612E-02 0.2170E-02  1.569    
   9     -0.6853284E-03 0.5981E-03  0.4378421E-02 0.1926E-02  1.655    
  10     -0.4475559E-03 0.6002E-03  0.4154488E-02 0.1785E-02  1.669    



 INPUT PARAMETERS FOR VEGAS:  NDIM=  4  NCALL=  933897762.
                              IT=    0  ITMX=   20
                              MDS= -1   ND=  49
   1      0.2851920E-03 0.1913E-03  0.2851920E-03 0.1913E-03  0.000    
   2      0.5328670E-03 0.1925E-03  0.4771518E-03 0.1359E-03 0.5787    
   3      0.3353297E-03 0.1917E-03  0.4436246E-03 0.1109E-03 0.4794    
   4      0.1769833E-03 0.1915E-03  0.4271251E-03 0.9604E-04 0.5491    
   5      0.3478120E-03 0.1922E-03  0.4119150E-03 0.8592E-04 0.4489    
   6      0.4040966E-03 0.1921E-03  0.4103050E-03 0.7843E-04 0.3426    
   7      0.2187569E-03 0.1922E-03  0.3994135E-03 0.7261E-04 0.3763    
   8      0.2343180E-03 0.1917E-03  0.3892608E-03 0.6791E-04 0.3948    
   9      0.9513994E-04 0.1919E-03  0.3863147E-03 0.6403E-04 0.4109    
  10      0.3127877E-03 0.1918E-03  0.3791253E-03 0.6073E-04 0.3806    
  11      0.2517110E-03 0.1919E-03  0.3715432E-03 0.5791E-04 0.3815    
  12      0.1397809E-03 0.1922E-03  0.3673804E-03 0.5544E-04 0.3996    
  13      0.1716052E-03 0.1921E-03  0.3622157E-03 0.5327E-04 0.4152    
  14      0.1288212E-03 0.1917E-03  0.3587825E-03 0.5133E-04 0.4298    
  15      0.1132603E-03 0.1925E-03  0.3560428E-03 0.4959E-04 0.4421    
  16      0.2770863E-03 0.1921E-03  0.3510841E-03 0.4802E-04 0.4231    
  17      0.2481661E-03 0.1922E-03  0.3461508E-03 0.4658E-04 0.4151    
  18      0.3179410E-03 0.1918E-03  0.3440859E-03 0.4527E-04 0.3850    
  19      0.5542125E-03 0.1923E-03  0.3821548E-03 0.4407E-04 0.5015    
  20      0.6853014E-03 0.1915E-03  0.4483394E-03 0.4293E-04 0.8393    
   
   
 Integral Plus:   4.4833935136298983E-004 +-   4.2927659636349358E-005
 with chisq    =  0.83934038315371118     
  
  
  
 For xq =          600 
  
 RM48 INITIALIZED:        40           0         0



 INPUT PARAMETERS FOR VEGAS:  NDIM=  4  NCALL=   99574272.
                              IT=    0  ITMX=   10
                              MDS= -1   ND=  42
   1     -0.7959452E-05 0.7337E-02 -0.7959452E-05 0.7337E-02  0.000    
   2      0.1766284E-02 0.1340E-02  0.1766283E-02 0.9474E-03 0.2375E-05
   3      0.2098737E-03 0.4395E-03  0.1585767E-02 0.7324E-03 0.2315    
   4     -0.2238593E-03 0.3302E-03  0.1242811E-02 0.5755E-03 0.7088    
   5      0.2436442E-03 0.3078E-03  0.1037707E-02 0.4631E-03 0.8422    
   6      0.7670365E-04 0.2894E-03  0.1016091E-02 0.4184E-03 0.8303    
   7     -0.8523600E-06 0.2864E-03  0.1016088E-02 0.3873E-03 0.8072    
   8      0.4212882E-03 0.2917E-03  0.7778713E-03 0.2880E-03 0.8965    
   9      0.3250048E-03 0.2877E-03  0.6887406E-03 0.2471E-03 0.9227    
  10      0.2136385E-03 0.2859E-03  0.6510786E-03 0.2263E-03 0.9355    



 INPUT PARAMETERS FOR VEGAS:  NDIM=  4  NCALL=  933897762.
                              IT=    0  ITMX=   20
                              MDS= -1   ND=  49
   1      0.1374889E-03 0.9358E-04  0.1374889E-03 0.9358E-04  0.000    
   2      0.1690031E-03 0.9387E-04  0.1564060E-03 0.6629E-04 0.5423E-01
   3      0.1030957E-03 0.9359E-04  0.1466252E-03 0.5411E-04 0.1059    
   4      0.2733169E-03 0.9397E-04  0.2177258E-03 0.4693E-04 0.6394    
   5      0.2238121E-03 0.9342E-04  0.2194043E-03 0.4192E-04 0.4363    
   6      0.1057563E-03 0.9338E-04  0.2128068E-03 0.3826E-04 0.4912    
   7      0.4596379E-05 0.9357E-04  0.2127840E-03 0.3542E-04 0.4781    
   8      0.2658127E-03 0.9354E-04  0.2269765E-03 0.3312E-04 0.4152    
   9      0.1775364E-03 0.9358E-04  0.2217072E-03 0.3122E-04 0.3950    
  10      0.1080083E-03 0.9357E-04  0.2173919E-03 0.2962E-04 0.4352    
  11      0.2929037E-04 0.9379E-04  0.2168707E-03 0.2824E-04 0.4419    
  12      0.2084229E-03 0.9367E-04  0.2158290E-03 0.2704E-04 0.3851    
  13      0.2402302E-03 0.9411E-04  0.2192357E-03 0.2599E-04 0.3374    
  14      0.9631760E-04 0.9396E-04  0.2165291E-03 0.2505E-04 0.3679    
  15      0.7039383E-04 0.9316E-04  0.2148011E-03 0.2420E-04 0.3922    
  16      0.1969974E-03 0.9399E-04  0.2133166E-03 0.2344E-04 0.3607    
  17      0.1029144E-03 0.9339E-04  0.2108290E-03 0.2273E-04 0.3837    
  18      0.9958778E-04 0.9389E-04  0.2085543E-03 0.2209E-04 0.4044    
  19      0.2598088E-03 0.9353E-04  0.2148581E-03 0.2150E-04 0.3878    
  20      0.2762227E-03 0.9376E-04  0.2223155E-03 0.2096E-04 0.3879    
   
   
 Integral Plus:   2.2231546163891283E-004 +-   2.0956194883266375E-005
 with chisq    =  0.38787195384762618     
  
  
  
 For xq =          700 
  
 RM48 INITIALIZED:        40           0         0



 INPUT PARAMETERS FOR VEGAS:  NDIM=  4  NCALL=   99574272.
                              IT=    0  ITMX=   10
                              MDS= -1   ND=  42
   1     -0.6450893E-03 0.2682E-02 -0.6450893E-03 0.2682E-02  0.000    
   2      0.9052521E-03 0.7434E-03  0.8470219E-03 0.6332E-03 0.2167    
   3     -0.3338067E-03 0.2355E-03  0.1786789E-03 0.3556E-03  1.503    
   4     -0.1816620E-03 0.1840E-03  0.1010205E-03 0.2761E-03  1.400    
   5      0.1040343E-04 0.1621E-03  0.1009381E-03 0.2469E-03  1.312    
   6      0.7699145E-04 0.1562E-03  0.9971914E-04 0.2200E-03  1.255    
   7      0.2829693E-03 0.1547E-03  0.1752658E-03 0.1606E-03  1.206    
   8      0.4387397E-03 0.1581E-03  0.3035564E-03 0.1145E-03  1.233    
   9      0.2066081E-03 0.1553E-03  0.2938053E-03 0.1037E-03  1.193    
  10     -0.6244481E-04 0.1549E-03  0.2905437E-03 0.9799E-04  1.189    



 INPUT PARAMETERS FOR VEGAS:  NDIM=  4  NCALL=  933897762.
                              IT=    0  ITMX=   20
                              MDS= -1   ND=  49
   1      0.8938766E-04 0.4999E-04  0.8938766E-04 0.4999E-04  0.000    
   2      0.6095128E-04 0.5010E-04  0.8039066E-04 0.3537E-04 0.1398    
   3      0.4932023E-04 0.4989E-04  0.7502113E-04 0.2887E-04 0.1696    
   4      0.7681013E-04 0.4997E-04  0.7554838E-04 0.2500E-04 0.1067    
   5      0.6451273E-04 0.5005E-04  0.7365429E-04 0.2236E-04 0.9150E-01
   6      0.1108232E-03 0.5009E-04  0.8613746E-04 0.2043E-04 0.2060    
   7      0.1396346E-03 0.5007E-04  0.1047527E-03 0.1892E-04 0.4330    
   8      0.9939740E-04 0.4989E-04  0.1039451E-03 0.1769E-04 0.3622    
   9      0.4089765E-04 0.4992E-04  0.1023771E-03 0.1667E-04 0.3910    
  10      0.1404262E-03 0.4992E-04  0.1110031E-03 0.1581E-04 0.4117    
  11      0.9648078E-04 0.5001E-04  0.1096035E-03 0.1508E-04 0.3764    
  12      0.1191904E-03 0.4994E-04  0.1108356E-03 0.1443E-04 0.3299    
  13      0.2162777E-03 0.4995E-04  0.1421797E-03 0.1386E-04  1.238    
  14      0.6097092E-04 0.4983E-04  0.1402965E-03 0.1336E-04  1.266    
  15      0.5177377E-04 0.5014E-04  0.1388587E-03 0.1290E-04  1.293    
  16      0.1456683E-03 0.4999E-04  0.1396389E-03 0.1249E-04  1.142    
  17      0.1595863E-03 0.5003E-04  0.1420464E-03 0.1212E-04  1.018    
  18      0.6879278E-04 0.5007E-04  0.1404421E-03 0.1178E-04  1.041    
  19      0.1184351E-03 0.5000E-04  0.1390969E-03 0.1147E-04 0.9857    
  20      0.1453536E-03 0.4996E-04  0.1396252E-03 0.1118E-04 0.9014    
   
   
 Integral Plus:   1.3962519758036133E-004 +-   1.1176889281756453E-005
 with chisq    =  0.90138180036779103     
  
  
  
 For xq =          800 
  
 RM48 INITIALIZED:        40           0         0



 INPUT PARAMETERS FOR VEGAS:  NDIM=  4  NCALL=   99574272.
                              IT=    0  ITMX=   10
                              MDS= -1   ND=  42
   1     -0.7722270E-03 0.1472E-02 -0.7722270E-03 0.1472E-02  0.000    
   2     -0.8024880E-05 0.3833E-03 -0.7710108E-03 0.1040E-02 0.8572E-03
   3      0.1058312E-03 0.1285E-03 -0.1474192E-03 0.4608E-03 0.3725    
   4     -0.2597321E-03 0.9889E-04 -0.2460883E-03 0.1466E-03 0.3189    
   5      0.1382200E-03 0.9268E-04 -0.1612630E-03 0.1174E-03 0.7517    
   6      0.8652350E-05 0.8846E-04 -0.1611018E-03 0.1071E-03 0.7220    
   7      0.1191887E-03 0.8771E-04 -0.1177271E-03 0.9210E-04 0.8898    
   8     -0.8255135E-04 0.8735E-04 -0.1152775E-03 0.8349E-04 0.8650    
   9     -0.6713164E-04 0.8680E-04 -0.1131322E-03 0.7719E-04 0.8482    
  10      0.2205941E-03 0.8804E-04 -0.6780154E-05 0.6245E-04  1.474    



 INPUT PARAMETERS FOR VEGAS:  NDIM=  4  NCALL=  933897762.
                              IT=    0  ITMX=   20
                              MDS= -1   ND=  49
   1      0.7512979E-04 0.2842E-04  0.7512979E-04 0.2842E-04  0.000    
   2      0.1017215E-03 0.2839E-04  0.9234950E-04 0.2008E-04 0.4002    
   3      0.1150349E-03 0.2846E-04  0.1025975E-03 0.1641E-04 0.4008    
   4      0.7680088E-04 0.2844E-04  0.9826892E-04 0.1421E-04 0.4498    
   5      0.9649338E-04 0.2848E-04  0.9789784E-04 0.1272E-04 0.3341    
   6      0.8174478E-04 0.2838E-04  0.9577793E-04 0.1161E-04 0.3230    
   7      0.2472817E-04 0.2837E-04  0.9493437E-04 0.1075E-04 0.3958    
   8      0.6368964E-04 0.2846E-04  0.9266701E-04 0.1005E-04 0.4524    
   9      0.1007576E-03 0.2832E-04  0.9392114E-04 0.9472E-05 0.3887    
  10      0.7701334E-04 0.2838E-04  0.9252223E-04 0.8984E-05 0.3821    
  11      0.5420300E-04 0.2839E-04  0.9101538E-04 0.8566E-05 0.4390    
  12      0.2027191E-04 0.2836E-04  0.9062761E-04 0.8201E-05 0.4699    
  13      0.5637751E-04 0.2846E-04  0.8924339E-04 0.7880E-05 0.5087    
  14      0.1113116E-03 0.2844E-04  0.9224980E-04 0.7595E-05 0.5131    
  15      0.8222060E-04 0.2835E-04  0.9155156E-04 0.7336E-05 0.4838    
  16      0.7603367E-04 0.2841E-04  0.9068316E-04 0.7103E-05 0.4715    
  17      0.8513715E-04 0.2845E-04  0.9032050E-04 0.6891E-05 0.4413    
  18      0.8132015E-04 0.2853E-04  0.8981637E-04 0.6699E-05 0.4206    
  19      0.1320624E-03 0.2838E-04  0.9530103E-04 0.6519E-05 0.6286    
  20      0.1256666E-03 0.2848E-04  0.9847680E-04 0.6355E-05 0.6735    
   
   
 Integral Plus:   9.8476798267328918E-005 +-   6.3553427734802084E-006
 with chisq    =  0.67354117871799468     
  
  
  
 For xq =          900 
  
 RM48 INITIALIZED:        40           0         0



 INPUT PARAMETERS FOR VEGAS:  NDIM=  4  NCALL=   99574272.
                              IT=    0  ITMX=   10
                              MDS= -1   ND=  42
   1      0.3041229E-02 0.2802E-02  0.3041229E-02 0.2802E-02  0.000    
   2     -0.3195705E-03 0.3131E-03  0.1463508E-02 0.1451E-02  1.336    
   3     -0.3580143E-04 0.8837E-04  0.1360285E-02 0.1144E-02  1.057    
   4      0.1250776E-03 0.6214E-04  0.5826065E-03 0.6033E-03  1.264    
   5      0.1307331E-03 0.5427E-04  0.3683549E-03 0.3916E-03  1.265    
   6      0.9610006E-04 0.5363E-04  0.3117751E-03 0.3184E-03  1.238    
   7      0.4065228E-04 0.5224E-04  0.3015490E-03 0.2892E-03  1.208    
   8      0.1381227E-03 0.5208E-04  0.2517556E-03 0.2258E-03  1.197    
   9      0.9158230E-04 0.5224E-04  0.2329382E-03 0.2001E-03  1.186    
  10      0.1244287E-03 0.5264E-04  0.2138418E-03 0.1724E-03  1.176    



 INPUT PARAMETERS FOR VEGAS:  NDIM=  4  NCALL=  933897762.
                              IT=    0  ITMX=   20
                              MDS= -1   ND=  49
   1      0.7830226E-04 0.1703E-04  0.7830226E-04 0.1703E-04  0.000    
   2      0.5967091E-04 0.1711E-04  0.7149591E-04 0.1206E-04 0.5531    
   3      0.1452238E-04 0.1701E-04  0.7027539E-04 0.9849E-05 0.7568    
   4      0.6670240E-04 0.1710E-04  0.6917166E-04 0.8536E-05 0.4766    
   5      0.9213670E-04 0.1708E-04  0.7769973E-04 0.7637E-05 0.8085    
   6      0.2039000E-04 0.1716E-04  0.7668493E-04 0.6972E-05 0.9974    
   7      0.5242655E-04 0.1709E-04  0.7412513E-04 0.6455E-05  1.089    
   8      0.5581241E-04 0.1700E-04  0.7215062E-04 0.6036E-05  1.079    
   9      0.8549112E-04 0.1708E-04  0.7482412E-04 0.5691E-05 0.9595    
  10      0.5229622E-04 0.1710E-04  0.7325514E-04 0.5400E-05  1.007    
  11      0.3430248E-04 0.1707E-04  0.7211769E-04 0.5148E-05  1.130    
  12      0.5404830E-04 0.1709E-04  0.7089904E-04 0.4929E-05  1.122    
  13      0.5046085E-04 0.1712E-04  0.6976804E-04 0.4737E-05  1.133    
  14      0.6934172E-04 0.1715E-04  0.6972783E-04 0.4566E-05  1.019    
  15      0.7536072E-04 0.1697E-04  0.7030299E-04 0.4408E-05 0.9226    
  16      0.6487305E-04 0.1710E-04  0.6992650E-04 0.4269E-05 0.8616    
  17      0.5395935E-04 0.1710E-04  0.6919572E-04 0.4142E-05 0.8594    
  18      0.8179853E-04 0.1705E-04  0.7040210E-04 0.4024E-05 0.8246    
  19      0.4670729E-04 0.1705E-04  0.6968544E-04 0.3917E-05 0.8569    
  20      0.5895564E-04 0.1703E-04  0.6919068E-04 0.3817E-05 0.8336    
   
   
 Integral Plus:   6.9190681694265550E-005 +-   3.8171919300277088E-006
 with chisq    =  0.83362249578312253     
  
  
  
 For xq =         1000 
  
 RM48 INITIALIZED:        40           0         0



 INPUT PARAMETERS FOR VEGAS:  NDIM=  4  NCALL=   99574272.
                              IT=    0  ITMX=   10
                              MDS= -1   ND=  42
   1     -0.1062969E-03 0.5567E-03 -0.1062969E-03 0.5567E-03  0.000    
   2      0.1674713E-03 0.1528E-03  0.1594081E-03 0.1261E-03 0.1348    
   3      0.7694630E-04 0.5661E-04  0.1100295E-03 0.6993E-04 0.2549    
   4      0.1188516E-03 0.3847E-04  0.1166959E-03 0.3429E-04 0.1768    
   5      0.6860152E-04 0.3399E-04  0.1049668E-03 0.2770E-04 0.2925    
   6      0.2150821E-04 0.3340E-04  0.1029444E-03 0.2507E-04 0.3312    
   7     -0.1184929E-04 0.3287E-04  0.1020793E-03 0.2315E-04 0.3519    
   8      0.1098677E-05 0.3273E-04  0.1020727E-03 0.2165E-04 0.3449    
   9      0.7960203E-04 0.3307E-04  0.9642223E-04 0.1851E-04 0.3439    
  10     -0.6200017E-05 0.3279E-04  0.9626329E-04 0.1755E-04 0.3454    



 INPUT PARAMETERS FOR VEGAS:  NDIM=  4  NCALL=  933897762.
                              IT=    0  ITMX=   20
                              MDS= -1   ND=  49
   1      0.4560494E-04 0.1068E-04  0.4560494E-04 0.1068E-04  0.000    
   2      0.5810204E-04 0.1070E-04  0.5332526E-04 0.7561E-05 0.6451    
   3      0.4932874E-04 0.1070E-04  0.5209374E-04 0.6175E-05 0.3792    
   4      0.3708635E-04 0.1068E-04  0.4986185E-04 0.5347E-05 0.6195    
   5      0.2737997E-04 0.1065E-04  0.4816656E-04 0.4781E-05 0.9228    
   6      0.5634637E-04 0.1067E-04  0.5014141E-04 0.4362E-05 0.8014    
   7      0.4385593E-04 0.1067E-04  0.4933920E-04 0.4038E-05 0.7250    
   8      0.4079808E-04 0.1068E-04  0.4849074E-04 0.3777E-05 0.7051    
   9      0.4412649E-04 0.1064E-04  0.4803355E-04 0.3559E-05 0.6395    
  10      0.4628369E-04 0.1069E-04  0.4785429E-04 0.3377E-05 0.5695    
  11      0.4419956E-04 0.1065E-04  0.4753968E-04 0.3219E-05 0.5257    
  12      0.3272386E-04 0.1062E-04  0.4686901E-04 0.3081E-05 0.5888    
  13      0.3801405E-04 0.1072E-04  0.4636786E-04 0.2961E-05 0.5912    
  14      0.4590432E-04 0.1065E-04  0.4633208E-04 0.2853E-05 0.5427    
  15      0.4535069E-04 0.1065E-04  0.4626343E-04 0.2756E-05 0.5029    
  16      0.4486567E-04 0.1065E-04  0.4617382E-04 0.2668E-05 0.4697    
  17      0.4169800E-04 0.1065E-04  0.4593908E-04 0.2588E-05 0.4527    
  18      0.4035353E-04 0.1068E-04  0.4567891E-04 0.2515E-05 0.4430    
  19      0.5860208E-04 0.1068E-04  0.4683563E-04 0.2448E-05 0.5282    
  20      0.4944084E-04 0.1067E-04  0.4699205E-04 0.2386E-05 0.4987    
   
   
 Integral Plus:   4.6992048727100141E-005 +-   2.3861908545477523E-006
 with chisq    =  0.49867207162442062     
  
  
  
    xq         Integral Plus                 error
    100     -0.383576588972782E+00      0.115142545928769E-01
    200     -0.169087961680287E-01      0.120040798284889E-02
    300     -0.251119620035754E-02      0.290178526385914E-03
    400      0.433332706589866E-03      0.100655829076893E-03
    500      0.448339351362990E-03      0.429276596363494E-04
    600      0.222315461638913E-03      0.209561948832664E-04
    700      0.139625197580361E-03      0.111768892817565E-04
    800      0.984767982673289E-04      0.635534277348021E-05
    900      0.691906816942656E-04      0.381719193002771E-05
   1000      0.469920487271001E-04      0.238619085454775E-05
   
   
 ~~~~~~~~~~~~~~~~~~~~~~~~~~~~~~~~~~~~~~~~~~~~
     Calculating Regular Terms
 ~~~~~~~~~~~~~~~~~~~~~~~~~~~~~~~~~~~~~~~~~~~~
   
 ~~~~~~~~~~~~~~~~~~~~~~~~~~~~~~~~~~~~~~~~
Using Vegas points:                   1.E+07
         Iteration:                   10
 ~~~~~~~~~~~~~~~~~~~~~~~~~~~~~~~~~~~~~~~~
  
 For xq =          100 
  
 RM48 INITIALIZED:        40           0         0



 INPUT PARAMETERS FOR VEGAS:  NDIM=  4  NCALL=    9759362.
                              IT=    0  ITMX=   10
                              MDS= -1   ND=  47
   1      0.4570801E-01 0.7759E-02  0.4570801E-01 0.7759E-02  0.000    
   2      0.5523701E-01 0.1764E-02  0.5491133E-01 0.1591E-02  1.184    
   3      0.5306768E-01 0.7440E-03  0.5337441E-01 0.6592E-03  1.116    
   4      0.5236571E-01 0.5069E-03  0.5273270E-01 0.3993E-03  1.230    
   5      0.5316684E-01 0.4361E-03  0.5293668E-01 0.2924E-03  1.049    
   6      0.5332103E-01 0.4101E-03  0.5307051E-01 0.2371E-03 0.9518    
   7      0.5371883E-01 0.3988E-03  0.5324693E-01 0.2031E-03  1.123    
   8      0.5233004E-01 0.3866E-03  0.5304931E-01 0.1798E-03  1.591    
   9      0.5285128E-01 0.3894E-03  0.5301404E-01 0.1632E-03  1.417    
  10      0.5274851E-01 0.3878E-03  0.5297375E-01 0.1504E-03  1.303    



 INPUT PARAMETERS FOR VEGAS:  NDIM=  4  NCALL=   99574272.
                              IT=    0  ITMX=   20
                              MDS= -1   ND=  42
   1      0.5304634E-01 0.1185E-03  0.5304634E-01 0.1185E-03  0.000    
   2      0.5300613E-01 0.1185E-03  0.5302625E-01 0.8382E-04 0.5754E-01
   3      0.5297498E-01 0.1183E-03  0.5300914E-01 0.6839E-04 0.9129E-01
   4      0.5308089E-01 0.1186E-03  0.5302708E-01 0.5925E-04 0.1525    
   5      0.5296504E-01 0.1186E-03  0.5301471E-01 0.5300E-04 0.1691    
   6      0.5296617E-01 0.1185E-03  0.5300663E-01 0.4838E-04 0.1632    
   7      0.5290808E-01 0.1184E-03  0.5299257E-01 0.4479E-04 0.2348    
   8      0.5305229E-01 0.1186E-03  0.5300004E-01 0.4190E-04 0.2329    
   9      0.5295118E-01 0.1186E-03  0.5299463E-01 0.3951E-04 0.2227    
  10      0.5291200E-01 0.1181E-03  0.5298634E-01 0.3747E-04 0.2468    
  11      0.5270449E-01 0.1181E-03  0.5296082E-01 0.3571E-04 0.7352    
  12      0.5295453E-01 0.1184E-03  0.5296030E-01 0.3419E-04 0.6686    
  13      0.5299925E-01 0.1185E-03  0.5296330E-01 0.3285E-04 0.6211    
  14      0.5299216E-01 0.1182E-03  0.5296537E-01 0.3165E-04 0.5776    
  15      0.5263450E-01 0.1178E-03  0.5294335E-01 0.3057E-04  1.057    
  16      0.5270376E-01 0.1182E-03  0.5292846E-01 0.2959E-04  1.241    
  17      0.5303482E-01 0.1185E-03  0.5293472E-01 0.2871E-04  1.211    
  18      0.5307543E-01 0.1187E-03  0.5294255E-01 0.2791E-04  1.218    
  19      0.5288672E-01 0.1183E-03  0.5293961E-01 0.2716E-04  1.162    
  20      0.5265306E-01 0.1183E-03  0.5292541E-01 0.2647E-04  1.392    
   
   
 Integral Regular:   5.2925412283551070E-002 +-   2.6474369957074552E-005
 with chisq    =   1.3919435986778994     
  
  
  
 For xq =          200 
  
 RM48 INITIALIZED:        40           0         0



 INPUT PARAMETERS FOR VEGAS:  NDIM=  4  NCALL=    9759362.
                              IT=    0  ITMX=   10
                              MDS= -1   ND=  47
   1      0.3137447E-02 0.4503E-03  0.3137447E-02 0.4503E-03  0.000    
   2      0.2887292E-02 0.7272E-04  0.2894764E-02 0.7479E-04 0.3242    
   3      0.3085308E-02 0.3975E-04  0.3044826E-02 0.3474E-04  2.676    
   4      0.3073134E-02 0.3280E-04  0.3059952E-02 0.2378E-04  1.891    
   5      0.3055495E-02 0.3041E-04  0.3058256E-02 0.1872E-04  1.420    
   6      0.3099062E-02 0.3001E-04  0.3069958E-02 0.1585E-04  1.401    
   7      0.3103077E-02 0.2958E-04  0.3077520E-02 0.1396E-04  1.328    
   8      0.3081006E-02 0.2916E-04  0.3078175E-02 0.1259E-04  1.138    
   9      0.3097466E-02 0.2927E-04  0.3081238E-02 0.1156E-04  1.040    
  10      0.3102658E-02 0.2916E-04  0.3084199E-02 0.1074E-04 0.9753    



 INPUT PARAMETERS FOR VEGAS:  NDIM=  4  NCALL=   99574272.
                              IT=    0  ITMX=   20
                              MDS= -1   ND=  42
   1      0.3101013E-02 0.9055E-05  0.3101013E-02 0.9055E-05  0.000    
   2      0.3094989E-02 0.9038E-05  0.3098001E-02 0.6397E-05 0.2217    
   3      0.3096678E-02 0.9037E-05  0.3097560E-02 0.5221E-05 0.1180    
   4      0.3095217E-02 0.9034E-05  0.3096974E-02 0.4520E-05 0.9550E-01
   5      0.3092981E-02 0.9056E-05  0.3096179E-02 0.4044E-05 0.1105    
   6      0.3084626E-02 0.9023E-05  0.3094258E-02 0.3691E-05 0.3602    
   7      0.3083185E-02 0.9026E-05  0.3092682E-02 0.3416E-05 0.5142    
   8      0.3090356E-02 0.9035E-05  0.3092391E-02 0.3195E-05 0.4491    
   9      0.3084303E-02 0.9039E-05  0.3091497E-02 0.3013E-05 0.4818    
  10      0.3082661E-02 0.9025E-05  0.3090616E-02 0.2858E-05 0.5239    
  11      0.3091491E-02 0.9032E-05  0.3090695E-02 0.2725E-05 0.4724    
  12      0.3087539E-02 0.9036E-05  0.3090433E-02 0.2609E-05 0.4397    
  13      0.3089195E-02 0.9027E-05  0.3090337E-02 0.2506E-05 0.4045    
  14      0.3088743E-02 0.9037E-05  0.3090224E-02 0.2415E-05 0.3756    
  15      0.3070802E-02 0.9026E-05  0.3088941E-02 0.2333E-05 0.6544    
  16      0.3104502E-02 0.9049E-05  0.3089920E-02 0.2259E-05 0.7968    
  17      0.3085407E-02 0.9033E-05  0.3089655E-02 0.2191E-05 0.7618    
  18      0.3084172E-02 0.9046E-05  0.3089352E-02 0.2130E-05 0.7375    
  19      0.3081076E-02 0.9006E-05  0.3088916E-02 0.2073E-05 0.7409    
  20      0.3090782E-02 0.9034E-05  0.3089010E-02 0.2020E-05 0.7040    
   
   
 Integral Regular:   3.0890096041390805E-003 +-   2.0202070609392324E-006
 with chisq    =  0.70402558622810485     
  
  
  
 For xq =          300 
  
 RM48 INITIALIZED:        40           0         0



 INPUT PARAMETERS FOR VEGAS:  NDIM=  4  NCALL=    9759362.
                              IT=    0  ITMX=   10
                              MDS= -1   ND=  47
   1      0.5354236E-03 0.6009E-04  0.5354236E-03 0.6009E-04  0.000    
   2      0.5488754E-03 0.1298E-04  0.5483034E-03 0.1255E-04 0.4680E-01
   3      0.5505826E-03 0.7592E-05  0.5499854E-03 0.6456E-05 0.3521E-01
   4      0.5394289E-03 0.6480E-05  0.5447811E-03 0.4585E-05 0.4652    
   5      0.5329330E-03 0.6090E-05  0.5406031E-03 0.3675E-05 0.9449    
   6      0.5408066E-03 0.5986E-05  0.5406587E-03 0.3132E-05 0.7564    
   7      0.5572000E-03 0.5988E-05  0.5443753E-03 0.2770E-05  1.661    
   8      0.5499845E-03 0.5946E-05  0.5453946E-03 0.2509E-05  1.525    
   9      0.5431871E-03 0.5966E-05  0.5450641E-03 0.2313E-05  1.350    
  10      0.5539226E-03 0.5942E-05  0.5462657E-03 0.2154E-05  1.416    



 INPUT PARAMETERS FOR VEGAS:  NDIM=  4  NCALL=   99574272.
                              IT=    0  ITMX=   20
                              MDS= -1   ND=  42
   1      0.5450324E-03 0.1826E-05  0.5450324E-03 0.1826E-05  0.000    
   2      0.5470892E-03 0.1836E-05  0.5460594E-03 0.1295E-05 0.6310    
   3      0.5496046E-03 0.1835E-05  0.5472477E-03 0.1058E-05  1.565    
   4      0.5452678E-03 0.1828E-05  0.5467536E-03 0.9156E-06  1.337    
   5      0.5435314E-03 0.1822E-05  0.5461103E-03 0.8182E-06  1.625    
   6      0.5471392E-03 0.1829E-05  0.5462824E-03 0.7469E-06  1.352    
   7      0.5464106E-03 0.1832E-05  0.5463007E-03 0.6916E-06  1.127    
   8      0.5459966E-03 0.1834E-05  0.5462628E-03 0.6471E-06 0.9698    
   9      0.5438571E-03 0.1826E-05  0.5459966E-03 0.6100E-06  1.041    
  10      0.5453451E-03 0.1826E-05  0.5459313E-03 0.5785E-06 0.9381    
  11      0.5442476E-03 0.1831E-05  0.5457794E-03 0.5517E-06 0.9212    
  12      0.5467265E-03 0.1828E-05  0.5458587E-03 0.5281E-06 0.8596    
  13      0.5474624E-03 0.1834E-05  0.5459822E-03 0.5075E-06 0.8468    
  14      0.5446697E-03 0.1826E-05  0.5458885E-03 0.4890E-06 0.8187    
  15      0.5446411E-03 0.1827E-05  0.5458055E-03 0.4724E-06 0.7914    
  16      0.5443098E-03 0.1830E-05  0.5457126E-03 0.4574E-06 0.7804    
  17      0.5493926E-03 0.1833E-05  0.5459310E-03 0.4438E-06 0.9710    
  18      0.5439474E-03 0.1828E-05  0.5458214E-03 0.4312E-06 0.9792    
  19      0.5443386E-03 0.1826E-05  0.5457434E-03 0.4197E-06 0.9596    
  20      0.5446780E-03 0.1824E-05  0.5456900E-03 0.4090E-06 0.9263    
   
   
 Integral Regular:   5.4569003131051119E-004 +-   4.0900499887608247E-007
 with chisq    =  0.92627405043003552     
  
  
  
 For xq =          400 
  
 RM48 INITIALIZED:        40           0         0



 INPUT PARAMETERS FOR VEGAS:  NDIM=  4  NCALL=    9759362.
                              IT=    0  ITMX=   10
                              MDS= -1   ND=  47
   1      0.1639105E-03 0.2096E-04  0.1639105E-03 0.2096E-04  0.000    
   2      0.1516040E-03 0.3512E-05  0.1519951E-03 0.3599E-05 0.3597    
   3      0.1552533E-03 0.2224E-05  0.1543310E-03 0.1904E-05 0.4789    
   4      0.1531365E-03 0.1941E-05  0.1537600E-03 0.1367E-05 0.3867    
   5      0.1544929E-03 0.1876E-05  0.1540110E-03 0.1107E-05 0.3158    
   6      0.1541512E-03 0.1831E-05  0.1540479E-03 0.9481E-06 0.2544    
   7      0.1546062E-03 0.1833E-05  0.1541647E-03 0.8424E-06 0.2244    
   8      0.1500454E-03 0.1796E-05  0.1534632E-03 0.7641E-06 0.7807    
   9      0.1524964E-03 0.1833E-05  0.1533236E-03 0.7057E-06 0.7142    
  10      0.1510419E-03 0.1802E-05  0.1530317E-03 0.6575E-06 0.7869    



 INPUT PARAMETERS FOR VEGAS:  NDIM=  4  NCALL=   99574272.
                              IT=    0  ITMX=   20
                              MDS= -1   ND=  42
   1      0.1529887E-03 0.5605E-06  0.1529887E-03 0.5605E-06  0.000    
   2      0.1531590E-03 0.5624E-06  0.1530736E-03 0.3970E-06 0.4601E-01
   3      0.1533898E-03 0.5643E-06  0.1531786E-03 0.3247E-06 0.1281    
   4      0.1533576E-03 0.5622E-06  0.1532234E-03 0.2812E-06 0.1107    
   5      0.1532281E-03 0.5639E-06  0.1532243E-03 0.2516E-06 0.8306E-01
   6      0.1534504E-03 0.5644E-06  0.1532619E-03 0.2298E-06 0.9323E-01
   7      0.1533849E-03 0.5624E-06  0.1532795E-03 0.2127E-06 0.8451E-01
   8      0.1535802E-03 0.5659E-06  0.1533169E-03 0.1991E-06 0.1078    
   9      0.1532419E-03 0.5621E-06  0.1533085E-03 0.1877E-06 0.9634E-01
  10      0.1533856E-03 0.5649E-06  0.1533162E-03 0.1781E-06 0.8749E-01
  11      0.1541213E-03 0.5655E-06  0.1533896E-03 0.1699E-06 0.2646    
  12      0.1534451E-03 0.5639E-06  0.1533942E-03 0.1627E-06 0.2414    
  13      0.1530917E-03 0.5644E-06  0.1533711E-03 0.1563E-06 0.2434    
  14      0.1533093E-03 0.5622E-06  0.1533667E-03 0.1506E-06 0.2255    
  15      0.1529013E-03 0.5639E-06  0.1533358E-03 0.1455E-06 0.2547    
  16      0.1534760E-03 0.5641E-06  0.1533446E-03 0.1409E-06 0.2415    
  17      0.1534858E-03 0.5638E-06  0.1533529E-03 0.1367E-06 0.2301    
  18      0.1526307E-03 0.5645E-06  0.1533133E-03 0.1328E-06 0.3069    
  19      0.1522105E-03 0.5635E-06  0.1532560E-03 0.1293E-06 0.4890    
  20      0.1526581E-03 0.5639E-06  0.1532264E-03 0.1260E-06 0.5193    
   
   
 Integral Regular:   1.5322635769225698E-004 +-   1.2603217461937714E-007
 with chisq    =  0.51926375794860025     
  
  
  
 For xq =          500 
  
 RM48 INITIALIZED:        40           0         0



 INPUT PARAMETERS FOR VEGAS:  NDIM=  4  NCALL=    9759362.
                              IT=    0  ITMX=   10
                              MDS= -1   ND=  47
   1      0.4811615E-04 0.4767E-05  0.4811615E-04 0.4767E-05  0.000    
   2      0.5551661E-04 0.1227E-05  0.5516564E-04 0.1121E-05  1.970    
   3      0.5662881E-04 0.8355E-06  0.5616254E-04 0.6522E-06  1.473    
   4      0.5511199E-04 0.7470E-06  0.5569325E-04 0.4887E-06  1.349    
   5      0.5572748E-04 0.7195E-06  0.5570454E-04 0.4027E-06 0.9984    
   6      0.5504484E-04 0.7145E-06  0.5554221E-04 0.3505E-06 0.9266    
   7      0.5535379E-04 0.7065E-06  0.5550399E-04 0.3137E-06 0.7781    
   8      0.5422029E-04 0.6961E-06  0.5528960E-04 0.2861E-06  1.068    
   9      0.5573878E-04 0.7072E-06  0.5535520E-04 0.2650E-06 0.9748    
  10      0.5592592E-04 0.7066E-06  0.5542846E-04 0.2480E-06 0.9283    



 INPUT PARAMETERS FOR VEGAS:  NDIM=  4  NCALL=   99574272.
                              IT=    0  ITMX=   20
                              MDS= -1   ND=  42
   1      0.5560077E-04 0.2185E-06  0.5560077E-04 0.2185E-06  0.000    
   2      0.5593311E-04 0.2194E-06  0.5576724E-04 0.1548E-06  1.152    
   3      0.5541365E-04 0.2179E-06  0.5564965E-04 0.1262E-06  1.449    
   4      0.5575620E-04 0.2187E-06  0.5567634E-04 0.1093E-06  1.025    
   5      0.5570213E-04 0.2191E-06  0.5568149E-04 0.9782E-07 0.7712    
   6      0.5526393E-04 0.2181E-06  0.5561243E-04 0.8925E-07  1.223    
   7      0.5559990E-04 0.2184E-06  0.5561064E-04 0.8262E-07  1.019    
   8      0.5582778E-04 0.2197E-06  0.5563773E-04 0.7733E-07 0.9959    
   9      0.5593415E-04 0.2191E-06  0.5567089E-04 0.7292E-07  1.076    
  10      0.5569706E-04 0.2187E-06  0.5567351E-04 0.6918E-07 0.9574    
  11      0.5527208E-04 0.2184E-06  0.5563740E-04 0.6595E-07  1.166    
  12      0.5537927E-04 0.2180E-06  0.5561594E-04 0.6313E-07  1.177    
  13      0.5521018E-04 0.2179E-06  0.5558496E-04 0.6063E-07  1.343    
  14      0.5561475E-04 0.2183E-06  0.5558709E-04 0.5842E-07  1.241    
  15      0.5555951E-04 0.2188E-06  0.5558526E-04 0.5644E-07  1.154    
  16      0.5553237E-04 0.2184E-06  0.5558195E-04 0.5465E-07  1.080    
  17      0.5570607E-04 0.2184E-06  0.5558930E-04 0.5301E-07  1.032    
  18      0.5588331E-04 0.2191E-06  0.5560572E-04 0.5153E-07  1.071    
  19      0.5541866E-04 0.2180E-06  0.5559589E-04 0.5015E-07  1.051    
  20      0.5562922E-04 0.2187E-06  0.5559756E-04 0.4888E-07 0.9966    
   
   
 Integral Regular:   5.5597559596183692E-005 +-   4.8877918577237637E-008
 with chisq    =  0.99659337192043573     
  
  
  
 For xq =          600 
  
 RM48 INITIALIZED:        40           0         0



 INPUT PARAMETERS FOR VEGAS:  NDIM=  4  NCALL=    9759362.
                              IT=    0  ITMX=   10
                              MDS= -1   ND=  47
   1      0.3018481E-04 0.2874E-05  0.3018481E-04 0.2874E-05  0.000    
   2      0.2434892E-04 0.5148E-06  0.2462316E-04 0.5660E-06  4.761    
   3      0.2303282E-04 0.3526E-06  0.2359712E-04 0.3202E-06  5.463    
   4      0.2365054E-04 0.3300E-06  0.2362047E-04 0.2349E-06  3.813    
   5      0.2371090E-04 0.3258E-06  0.2364857E-04 0.1924E-06  2.950    
   6      0.2396016E-04 0.3211E-06  0.2372529E-04 0.1658E-06  2.527    
   7      0.2383493E-04 0.3192E-06  0.2374697E-04 0.1476E-06  2.147    
   8      0.2325360E-04 0.3172E-06  0.2366798E-04 0.1342E-06  2.128    
   9      0.2387142E-04 0.3189E-06  0.2369708E-04 0.1239E-06  1.915    
  10      0.2371128E-04 0.3171E-06  0.2369885E-04 0.1155E-06  1.713    



 INPUT PARAMETERS FOR VEGAS:  NDIM=  4  NCALL=   99574272.
                              IT=    0  ITMX=   20
                              MDS= -1   ND=  42
   1      0.2384922E-04 0.9861E-07  0.2384922E-04 0.9861E-07  0.000    
   2      0.2391791E-04 0.9869E-07  0.2388363E-04 0.6976E-07 0.2424    
   3      0.2372022E-04 0.9855E-07  0.2382958E-04 0.5694E-07  1.033    
   4      0.2384269E-04 0.9879E-07  0.2383285E-04 0.4933E-07 0.6932    
   5      0.2381506E-04 0.9849E-07  0.2382929E-04 0.4411E-07 0.5266    
   6      0.2370086E-04 0.9826E-07  0.2380795E-04 0.4024E-07 0.7043    
   7      0.2378804E-04 0.9835E-07  0.2380510E-04 0.3724E-07 0.5929    
   8      0.2382108E-04 0.9862E-07  0.2380709E-04 0.3484E-07 0.5114    
   9      0.2389806E-04 0.9878E-07  0.2381723E-04 0.3286E-07 0.5419    
  10      0.2396006E-04 0.9897E-07  0.2383156E-04 0.3118E-07 0.6916    
  11      0.2373537E-04 0.9858E-07  0.2382288E-04 0.2973E-07 0.7089    
  12      0.2391139E-04 0.9897E-07  0.2383025E-04 0.2847E-07 0.7111    
  13      0.2386965E-04 0.9867E-07  0.2383329E-04 0.2736E-07 0.6640    
  14      0.2379126E-04 0.9843E-07  0.2383029E-04 0.2636E-07 0.6261    
  15      0.2366981E-04 0.9822E-07  0.2381964E-04 0.2546E-07 0.7576    
  16      0.2390245E-04 0.9870E-07  0.2382484E-04 0.2465E-07 0.7511    
  17      0.2377466E-04 0.9841E-07  0.2382189E-04 0.2391E-07 0.7195    
  18      0.2371209E-04 0.9868E-07  0.2381585E-04 0.2324E-07 0.7458    
  19      0.2388829E-04 0.9857E-07  0.2381969E-04 0.2262E-07 0.7327    
  20      0.2384228E-04 0.9895E-07  0.2382081E-04 0.2205E-07 0.6967    
   
   
 Integral Regular:   2.3820812204490522E-005 +-   2.2051028290274620E-008
 with chisq    =  0.69669574795992117     
  
  
  
 For xq =          700 
  
 RM48 INITIALIZED:        40           0         0



 INPUT PARAMETERS FOR VEGAS:  NDIM=  4  NCALL=    9759362.
                              IT=    0  ITMX=   10
                              MDS= -1   ND=  47
   1      0.9878561E-05 0.9941E-06  0.9878561E-05 0.9941E-06  0.000    
   2      0.1137034E-04 0.2480E-06  0.1130342E-04 0.2270E-06  1.850    
   3      0.1141954E-04 0.1779E-06  0.1137909E-04 0.1373E-06 0.9625    
   4      0.1172745E-04 0.1675E-06  0.1153129E-04 0.1050E-06  1.521    
   5      0.1158473E-04 0.1625E-06  0.1154795E-04 0.8783E-07  1.141    
   6      0.1150110E-04 0.1606E-06  0.1153675E-04 0.7693E-07 0.9188    
   7      0.1099694E-04 0.1555E-06  0.1143465E-04 0.6904E-07  2.333    
   8      0.1123972E-04 0.1566E-06  0.1140287E-04 0.6318E-07  2.185    
   9      0.1134427E-04 0.1586E-06  0.1139470E-04 0.5867E-07  1.922    
  10      0.1131709E-04 0.1581E-06  0.1138519E-04 0.5500E-07  1.730    



 INPUT PARAMETERS FOR VEGAS:  NDIM=  4  NCALL=   99574272.
                              IT=    0  ITMX=   20
                              MDS= -1   ND=  42
   1      0.1132431E-04 0.4905E-07  0.1132431E-04 0.4905E-07  0.000    
   2      0.1142815E-04 0.4940E-07  0.1137633E-04 0.3481E-07  2.224    
   3      0.1136696E-04 0.4921E-07  0.1137321E-04 0.2842E-07  1.125    
   4      0.1149805E-04 0.4953E-07  0.1140464E-04 0.2465E-07  2.357    
   5      0.1139806E-04 0.4931E-07  0.1140333E-04 0.2205E-07  1.771    
   6      0.1138191E-04 0.4940E-07  0.1139978E-04 0.2013E-07  1.449    
   7      0.1131696E-04 0.4915E-07  0.1138803E-04 0.1863E-07  1.611    
   8      0.1133066E-04 0.4917E-07  0.1138089E-04 0.1742E-07  1.552    
   9      0.1130451E-04 0.4911E-07  0.1137245E-04 0.1642E-07  1.625    
  10      0.1131428E-04 0.4915E-07  0.1136667E-04 0.1557E-07  1.585    
  11      0.1139509E-04 0.4921E-07  0.1136927E-04 0.1485E-07  1.456    
  12      0.1131078E-04 0.4907E-07  0.1136441E-04 0.1421E-07  1.443    
  13      0.1138213E-04 0.4934E-07  0.1136577E-04 0.1366E-07  1.332    
  14      0.1138919E-04 0.4938E-07  0.1136744E-04 0.1316E-07  1.245    
  15      0.1136410E-04 0.4920E-07  0.1136721E-04 0.1272E-07  1.157    
  16      0.1142677E-04 0.4942E-07  0.1137095E-04 0.1231E-07  1.170    
  17      0.1139494E-04 0.4926E-07  0.1137237E-04 0.1195E-07  1.111    
  18      0.1138583E-04 0.4932E-07  0.1137311E-04 0.1161E-07  1.050    
  19      0.1140350E-04 0.4925E-07  0.1137472E-04 0.1130E-07  1.011    
  20      0.1136877E-04 0.4927E-07  0.1137442E-04 0.1102E-07 0.9588    
   
   
 Integral Regular:   1.1374424898501808E-005 +-   1.1015080396350117E-008
 with chisq    =  0.95879486325636409     
  
  
  
 For xq =          800 
  
 RM48 INITIALIZED:        40           0         0



 INPUT PARAMETERS FOR VEGAS:  NDIM=  4  NCALL=    9759362.
                              IT=    0  ITMX=   10
                              MDS= -1   ND=  47
   1      0.5898011E-05 0.5540E-06  0.5898011E-05 0.5540E-06  0.000    
   2      0.5697537E-05 0.1255E-06  0.5707993E-05 0.1244E-06 0.1284    
   3      0.5939043E-05 0.9421E-07  0.5857362E-05 0.7456E-07  1.161    
   4      0.5971168E-05 0.8815E-07  0.5906001E-05 0.5672E-07  1.094    
   5      0.5961240E-05 0.8689E-07  0.5922839E-05 0.4743E-07 0.8875    
   6      0.5856426E-05 0.8558E-07  0.5907386E-05 0.4150E-07 0.8030    
   7      0.5751580E-05 0.8353E-07  0.5877677E-05 0.3722E-07  1.124    
   8      0.5820075E-05 0.8343E-07  0.5868250E-05 0.3400E-07  1.022    
   9      0.5963952E-05 0.8528E-07  0.5881768E-05 0.3157E-07  1.030    
  10      0.5956874E-05 0.8515E-07  0.5891069E-05 0.2959E-07 0.9907    



 INPUT PARAMETERS FOR VEGAS:  NDIM=  4  NCALL=   99574272.
                              IT=    0  ITMX=   20
                              MDS= -1   ND=  42
   1      0.5942841E-05 0.2659E-07  0.5942841E-05 0.2659E-07  0.000    
   2      0.5956115E-05 0.2675E-07  0.5949454E-05 0.1886E-07 0.1239    
   3      0.5949610E-05 0.2677E-07  0.5949506E-05 0.1542E-07 0.6195E-01
   4      0.5929345E-05 0.2665E-07  0.5944478E-05 0.1335E-07 0.1838    
   5      0.5924594E-05 0.2669E-07  0.5940523E-05 0.1194E-07 0.2485    
   6      0.5855464E-05 0.2650E-07  0.5926520E-05 0.1088E-07  1.880    
   7      0.5932735E-05 0.2671E-07  0.5927407E-05 0.1008E-07  1.574    
   8      0.5921506E-05 0.2667E-07  0.5926671E-05 0.9428E-08  1.355    
   9      0.5896281E-05 0.2660E-07  0.5923309E-05 0.8886E-08  1.331    
  10      0.5877640E-05 0.2663E-07  0.5918797E-05 0.8430E-08  1.475    
  11      0.5908312E-05 0.2655E-07  0.5917840E-05 0.8034E-08  1.342    
  12      0.5897121E-05 0.2667E-07  0.5916128E-05 0.7693E-08  1.271    
  13      0.5903071E-05 0.2656E-07  0.5915121E-05 0.7389E-08  1.184    
  14      0.5923750E-05 0.2664E-07  0.5915739E-05 0.7120E-08  1.100    
  15      0.5893743E-05 0.2663E-07  0.5914282E-05 0.6879E-08  1.067    
  16      0.5957666E-05 0.2681E-07  0.5916999E-05 0.6663E-08  1.161    
  17      0.5917243E-05 0.2655E-07  0.5917014E-05 0.6463E-08  1.089    
  18      0.5901126E-05 0.2650E-07  0.5916126E-05 0.6279E-08  1.045    
  19      0.5869037E-05 0.2648E-07  0.5913657E-05 0.6109E-08  1.151    
  20      0.5932972E-05 0.2681E-07  0.5914617E-05 0.5956E-08  1.117    
   
   
 Integral Regular:   5.9146171079311463E-006 +-   5.9564783835218938E-009
 with chisq    =   1.1166331501150177     
  
  
  
 For xq =          900 
  
 RM48 INITIALIZED:        40           0         0



 INPUT PARAMETERS FOR VEGAS:  NDIM=  4  NCALL=    9759362.
                              IT=    0  ITMX=   10
                              MDS= -1   ND=  47
   1      0.3181534E-05 0.2893E-06  0.3181534E-05 0.2893E-06  0.000    
   2      0.3310637E-05 0.7143E-07  0.3303758E-05 0.6816E-07 0.1810    
   3      0.3267287E-05 0.5305E-07  0.3280939E-05 0.4179E-07 0.1793    
   4      0.3231565E-05 0.4967E-07  0.3260636E-05 0.3201E-07 0.3119    
   5      0.3381520E-05 0.4940E-07  0.3298444E-05 0.2676E-07  1.327    
   6      0.3350573E-05 0.4948E-07  0.3310661E-05 0.2351E-07  1.230    
   7      0.3273125E-05 0.4844E-07  0.3303559E-05 0.2115E-07  1.107    
   8      0.3284108E-05 0.4882E-07  0.3300487E-05 0.1941E-07 0.9677    
   9      0.3313878E-05 0.4890E-07  0.3302337E-05 0.1804E-07 0.8533    
  10      0.3191280E-05 0.4816E-07  0.3289384E-05 0.1690E-07  1.257    



 INPUT PARAMETERS FOR VEGAS:  NDIM=  4  NCALL=   99574272.
                              IT=    0  ITMX=   20
                              MDS= -1   ND=  42
   1      0.3261149E-05 0.1510E-07  0.3261149E-05 0.1510E-07  0.000    
   2      0.3282586E-05 0.1517E-07  0.3271883E-05 0.1070E-07  1.003    
   3      0.3277423E-05 0.1512E-07  0.3273736E-05 0.8736E-08 0.5457    
   4      0.3262576E-05 0.1511E-07  0.3270955E-05 0.7563E-08 0.5002    
   5      0.3265749E-05 0.1514E-07  0.3269917E-05 0.6766E-08 0.3990    
   6      0.3280388E-05 0.1517E-07  0.3271664E-05 0.6179E-08 0.3987    
   7      0.3252797E-05 0.1513E-07  0.3268994E-05 0.5720E-08 0.5531    
   8      0.3284318E-05 0.1519E-07  0.3270913E-05 0.5353E-08 0.6018    
   9      0.3275086E-05 0.1512E-07  0.3271379E-05 0.5046E-08 0.5349    
  10      0.3272307E-05 0.1514E-07  0.3271472E-05 0.4787E-08 0.4758    
  11      0.3274348E-05 0.1514E-07  0.3271734E-05 0.4565E-08 0.4315    
  12      0.3253466E-05 0.1510E-07  0.3270220E-05 0.4369E-08 0.5134    
  13      0.3276896E-05 0.1511E-07  0.3270737E-05 0.4197E-08 0.4855    
  14      0.3256776E-05 0.1513E-07  0.3269748E-05 0.4045E-08 0.5088    
  15      0.3271501E-05 0.1511E-07  0.3269865E-05 0.3907E-08 0.4733    
  16      0.3294184E-05 0.1520E-07  0.3271394E-05 0.3784E-08 0.6035    
  17      0.3260754E-05 0.1509E-07  0.3270768E-05 0.3671E-08 0.5951    
  18      0.3300397E-05 0.1523E-07  0.3272423E-05 0.3568E-08 0.7734    
  19      0.3264173E-05 0.1512E-07  0.3271990E-05 0.3473E-08 0.7462    
  20      0.3267639E-05 0.1510E-07  0.3271772E-05 0.3385E-08 0.7111    
   
   
 Integral Regular:   3.2717721998725691E-006 +-   3.3846569696516115E-009
 with chisq    =  0.71114031637510744     
  
  
  
 For xq =         1000 
  
 RM48 INITIALIZED:        40           0         0



 INPUT PARAMETERS FOR VEGAS:  NDIM=  4  NCALL=    9759362.
                              IT=    0  ITMX=   10
                              MDS= -1   ND=  47
   1      0.1995210E-05 0.1632E-06  0.1995210E-05 0.1632E-06  0.000    
   2      0.1947274E-05 0.4204E-07  0.1950398E-05 0.4115E-07 0.8265E-01
   3      0.1899640E-05 0.3158E-07  0.1919337E-05 0.2533E-07 0.5191    
   4      0.1930179E-05 0.2988E-07  0.1923822E-05 0.1935E-07 0.3730    
   5      0.1895676E-05 0.2923E-07  0.1915538E-05 0.1618E-07 0.4397    
   6      0.1859814E-05 0.2846E-07  0.1902718E-05 0.1411E-07 0.9092    
   7      0.1898890E-05 0.2881E-07  0.1901992E-05 0.1268E-07 0.7625    
   8      0.1887270E-05 0.2890E-07  0.1899681E-05 0.1162E-07 0.6866    
   9      0.1892734E-05 0.2899E-07  0.1898739E-05 0.1079E-07 0.6084    
  10      0.1896772E-05 0.2903E-07  0.1898504E-05 0.1011E-07 0.5421    



 INPUT PARAMETERS FOR VEGAS:  NDIM=  4  NCALL=   99574272.
                              IT=    0  ITMX=   20
                              MDS= -1   ND=  42
   1      0.1903852E-05 0.9048E-08  0.1903852E-05 0.9048E-08  0.000    
   2      0.1902433E-05 0.9051E-08  0.1903143E-05 0.6399E-08 0.1228E-01
   3      0.1885410E-05 0.8996E-08  0.1897259E-05 0.5215E-08  1.288    
   4      0.1903029E-05 0.9027E-08  0.1898710E-05 0.4515E-08 0.9599    
   5      0.1899968E-05 0.9024E-08  0.1898962E-05 0.4038E-08 0.7236    
   6      0.1906814E-05 0.9051E-08  0.1900274E-05 0.3688E-08 0.7043    
   7      0.1900167E-05 0.9023E-08  0.1900259E-05 0.3414E-08 0.5870    
   8      0.1901620E-05 0.9036E-08  0.1900429E-05 0.3193E-08 0.5058    
   9      0.1910159E-05 0.9034E-08  0.1901520E-05 0.3011E-08 0.5720    
  10      0.1913376E-05 0.9085E-08  0.1902706E-05 0.2858E-08 0.6800    
  11      0.1912525E-05 0.9066E-08  0.1903602E-05 0.2726E-08 0.7191    
  12      0.1899767E-05 0.9012E-08  0.1903282E-05 0.2609E-08 0.6690    
  13      0.1914132E-05 0.9078E-08  0.1904118E-05 0.2507E-08 0.7237    
  14      0.1887832E-05 0.8978E-08  0.1902958E-05 0.2415E-08 0.9003    
  15      0.1902749E-05 0.9023E-08  0.1902944E-05 0.2333E-08 0.8360    
  16      0.1889535E-05 0.8995E-08  0.1902110E-05 0.2258E-08 0.9181    
  17      0.1902248E-05 0.9019E-08  0.1902118E-05 0.2191E-08 0.8607    
  18      0.1907161E-05 0.9071E-08  0.1902398E-05 0.2129E-08 0.8271    
  19      0.1903941E-05 0.9051E-08  0.1902479E-05 0.2073E-08 0.7826    
  20      0.1890377E-05 0.9024E-08  0.1901879E-05 0.2020E-08 0.8308    
   
   
 Integral Regular:   1.9018794743666215E-006 +-   2.0202052719619138E-009
 with chisq    =  0.83076819604582985     
  
  
  
    xq         Integral Regular                 error
    100      0.529254122835511E-01      0.264743699570746E-04
    200      0.308900960413908E-02      0.202020706093923E-05
    300      0.545690031310511E-03      0.409004998876082E-06
    400      0.153226357692257E-03      0.126032174619377E-06
    500      0.555975595961837E-04      0.488779185772376E-07
    600      0.238208122044905E-04      0.220510282902746E-07
    700      0.113744248985018E-04      0.110150803963501E-07
    800      0.591461710793115E-05      0.595647838352189E-08
    900      0.327177219987257E-05      0.338465696965161E-08
   1000      0.190187947436662E-05      0.202020527196191E-08
   
   
 ~~~~~~~~~~~~~~~~~~~~~~~~~~~~~~~~~~~~~~~~~~~~
     Calculating Delta Functions
 ~~~~~~~~~~~~~~~~~~~~~~~~~~~~~~~~~~~~~~~~~~~~
   
 ~~~~~~~~~~~~~~~~~~~~~~~~~~~~~~~~~~~~~~~~
Using Vegas points:                   1.E+07
         Iteration:                   10
 ~~~~~~~~~~~~~~~~~~~~~~~~~~~~~~~~~~~~~~~~
  
 For xq =          100 
  
 RM48 INITIALIZED:        40           0         0



 INPUT PARAMETERS FOR VEGAS:  NDIM=  3  NCALL=    9483264.
                              IT=    0  ITMX=   10
                              MDS= -1   ND=  42
   1      0.1950148E-01 0.2230E-02  0.1950148E-01 0.2230E-02  0.000    
   2      0.2094147E-01 0.5490E-03  0.2086957E-01 0.5171E-03 0.3679    
   3      0.2070222E-01 0.2967E-03  0.2074227E-01 0.2549E-03 0.2204    
   4      0.2077924E-01 0.1953E-03  0.2076589E-01 0.1539E-03 0.1499    
   5      0.2141677E-01 0.1567E-03  0.2109995E-01 0.1084E-03  2.363    
   6      0.2091302E-01 0.1399E-03  0.2102887E-01 0.8549E-04  2.108    
   7      0.2123244E-01 0.1355E-03  0.2108886E-01 0.7205E-04  2.021    
   8      0.2096430E-01 0.1305E-03  0.2105940E-01 0.6302E-04  1.829    
   9      0.2095271E-01 0.1298E-03  0.2103882E-01 0.5666E-04  1.667    
  10      0.2078554E-01 0.1291E-03  0.2099803E-01 0.5189E-04  1.840    



 INPUT PARAMETERS FOR VEGAS:  NDIM=  3  NCALL=   99672064.
                              IT=    0  ITMX=   20
                              MDS= -1   ND=  46
   1      0.2091442E-01 0.3304E-04  0.2091442E-01 0.3304E-04  0.000    
   2      0.2095998E-01 0.3306E-04  0.2093724E-01 0.2337E-04 0.9499    
   3      0.2102588E-01 0.3311E-04  0.2096689E-01 0.1909E-04  2.873    
   4      0.2098910E-01 0.3300E-04  0.2097247E-01 0.1653E-04  2.027    
   5      0.2100386E-01 0.3302E-04  0.2097877E-01 0.1478E-04  1.701    
   6      0.2098707E-01 0.3304E-04  0.2098016E-01 0.1349E-04  1.371    
   7      0.2100132E-01 0.3302E-04  0.2098319E-01 0.1249E-04  1.201    
   8      0.2097285E-01 0.3312E-04  0.2098190E-01 0.1168E-04  1.042    
   9      0.2098399E-01 0.3304E-04  0.2098213E-01 0.1102E-04 0.9118    
  10      0.2098400E-01 0.3301E-04  0.2098232E-01 0.1045E-04 0.8108    
  11      0.2092152E-01 0.3303E-04  0.2097682E-01 0.9963E-05  1.037    
  12      0.2095136E-01 0.3294E-04  0.2097469E-01 0.9536E-05 0.9923    
  13      0.2100397E-01 0.3298E-04  0.2097695E-01 0.9161E-05 0.9702    
  14      0.2093103E-01 0.3304E-04  0.2097369E-01 0.8828E-05  1.033    
  15      0.2098083E-01 0.3298E-04  0.2097417E-01 0.8528E-05 0.9626    
  16      0.2095066E-01 0.3312E-04  0.2097271E-01 0.8258E-05 0.9300    
  17      0.2099202E-01 0.3308E-04  0.2097384E-01 0.8013E-05 0.8918    
  18      0.2097301E-01 0.3301E-04  0.2097380E-01 0.7786E-05 0.8394    
  19      0.2103918E-01 0.3289E-04  0.2097729E-01 0.7577E-05  1.002    
  20      0.2096587E-01 0.3305E-04  0.2097672E-01 0.7385E-05 0.9548    
   
   
 Integral Delta:   2.0976716287267487E-002 +-   7.3854086909565759E-006
 with chisq    =  0.95482552630230577     
  
  
  
 For xq =          200 
  
 RM48 INITIALIZED:        40           0         0



 INPUT PARAMETERS FOR VEGAS:  NDIM=  3  NCALL=    9483264.
                              IT=    0  ITMX=   10
                              MDS= -1   ND=  42
   1      0.1230250E-02 0.1012E-03  0.1230250E-02 0.1012E-03  0.000    
   2      0.1234845E-02 0.2820E-04  0.1234516E-02 0.2712E-04 0.1907E-02
   3      0.1224284E-02 0.1612E-04  0.1226981E-02 0.1390E-04 0.5358E-01
   4      0.1220110E-02 0.1265E-04  0.1223251E-02 0.9377E-05 0.8028E-01
   5      0.1236628E-02 0.1142E-04  0.1228688E-02 0.7235E-05 0.2662    
   6      0.1223351E-02 0.1083E-04  0.1227053E-02 0.6021E-05 0.2467    
   7      0.1226203E-02 0.1062E-04  0.1226847E-02 0.5239E-05 0.2065    
   8      0.1222613E-02 0.1048E-04  0.1226007E-02 0.4688E-05 0.1957    
   9      0.1240013E-02 0.1057E-04  0.1228349E-02 0.4283E-05 0.3570    
  10      0.1225639E-02 0.1044E-04  0.1227960E-02 0.3963E-05 0.3239    



 INPUT PARAMETERS FOR VEGAS:  NDIM=  3  NCALL=   99672064.
                              IT=    0  ITMX=   20
                              MDS= -1   ND=  46
   1      0.1232508E-02 0.2864E-05  0.1232508E-02 0.2864E-05  0.000    
   2      0.1228379E-02 0.2860E-05  0.1230448E-02 0.2024E-05  1.041    
   3      0.1228930E-02 0.2860E-05  0.1229942E-02 0.1652E-05 0.6146    
   4      0.1228848E-02 0.2859E-05  0.1229668E-02 0.1430E-05 0.4465    
   5      0.1233071E-02 0.2864E-05  0.1230351E-02 0.1280E-05 0.6179    
   6      0.1232978E-02 0.2861E-05  0.1230790E-02 0.1168E-05 0.6349    
   7      0.1225920E-02 0.2863E-05  0.1230100E-02 0.1082E-05 0.9409    
   8      0.1232175E-02 0.2867E-05  0.1230359E-02 0.1012E-05 0.8718    
   9      0.1230675E-02 0.2859E-05  0.1230394E-02 0.9540E-06 0.7642    
  10      0.1227844E-02 0.2862E-05  0.1230140E-02 0.9050E-06 0.7587    
  11      0.1228802E-02 0.2869E-05  0.1230019E-02 0.8631E-06 0.7027    
  12      0.1233354E-02 0.2862E-05  0.1230299E-02 0.8264E-06 0.7521    
  13      0.1227206E-02 0.2861E-05  0.1230062E-02 0.7939E-06 0.7792    
  14      0.1229207E-02 0.2861E-05  0.1230001E-02 0.7650E-06 0.7257    
  15      0.1231668E-02 0.2864E-05  0.1230112E-02 0.7391E-06 0.6964    
  16      0.1235215E-02 0.2870E-05  0.1230432E-02 0.7157E-06 0.8488    
  17      0.1226268E-02 0.2866E-05  0.1230189E-02 0.6944E-06 0.9194    
  18      0.1230323E-02 0.2860E-05  0.1230196E-02 0.6748E-06 0.8654    
  19      0.1232745E-02 0.2868E-05  0.1230331E-02 0.6569E-06 0.8589    
  20      0.1226440E-02 0.2864E-05  0.1230137E-02 0.6403E-06 0.9057    
   
   
 Integral Delta:   1.2301374623896958E-003 +-   6.4025254113197592E-007
 with chisq    =  0.90569334100734400     
  
  
  
 For xq =          300 
  
 RM48 INITIALIZED:        40           0         0



 INPUT PARAMETERS FOR VEGAS:  NDIM=  3  NCALL=    9483264.
                              IT=    0  ITMX=   10
                              MDS= -1   ND=  42
   1      0.2333188E-03 0.1595E-04  0.2333188E-03 0.1595E-04  0.000    
   2      0.2177211E-03 0.4538E-05  0.2190481E-03 0.4498E-05 0.9358    
   3      0.2198635E-03 0.2899E-05  0.2196154E-03 0.2461E-05 0.4876    
   4      0.2173356E-03 0.2460E-05  0.2185081E-03 0.1752E-05 0.4707    
   5      0.2162288E-03 0.2305E-05  0.2177016E-03 0.1401E-05 0.5080    
   6      0.2139503E-03 0.2219E-05  0.2166813E-03 0.1189E-05 0.8048    
   7      0.2165983E-03 0.2211E-05  0.2166631E-03 0.1049E-05 0.6737    
   8      0.2142235E-03 0.2181E-05  0.2162225E-03 0.9464E-06 0.7213    
   9      0.2170029E-03 0.2186E-05  0.2163440E-03 0.8688E-06 0.6455    
  10      0.2180291E-03 0.2168E-05  0.2165763E-03 0.8065E-06 0.6317    



 INPUT PARAMETERS FOR VEGAS:  NDIM=  3  NCALL=   99672064.
                              IT=    0  ITMX=   20
                              MDS= -1   ND=  46
   1      0.2179779E-03 0.6155E-06  0.2179779E-03 0.6155E-06  0.000    
   2      0.2180532E-03 0.6158E-06  0.2180156E-03 0.4353E-06 0.7485E-02
   3      0.2191168E-03 0.6196E-06  0.2183821E-03 0.3562E-06  1.065    
   4      0.2192697E-03 0.6182E-06  0.2186047E-03 0.3086E-06  1.227    
   5      0.2181363E-03 0.6169E-06  0.2185112E-03 0.2760E-06  1.036    
   6      0.2193406E-03 0.6173E-06  0.2186503E-03 0.2520E-06  1.130    
   7      0.2176325E-03 0.6170E-06  0.2185060E-03 0.2333E-06  1.329    
   8      0.2181027E-03 0.6172E-06  0.2184557E-03 0.2182E-06  1.193    
   9      0.2172855E-03 0.6169E-06  0.2183268E-03 0.2057E-06  1.441    
  10      0.2178808E-03 0.6162E-06  0.2182823E-03 0.1951E-06  1.334    
  11      0.2190146E-03 0.6175E-06  0.2183491E-03 0.1861E-06  1.328    
  12      0.2182084E-03 0.6165E-06  0.2183374E-03 0.1781E-06  1.212    
  13      0.2181784E-03 0.6162E-06  0.2183252E-03 0.1711E-06  1.116    
  14      0.2183334E-03 0.6169E-06  0.2183257E-03 0.1649E-06  1.031    
  15      0.2190344E-03 0.6181E-06  0.2183731E-03 0.1593E-06  1.045    
  16      0.2190474E-03 0.6174E-06  0.2184154E-03 0.1543E-06  1.050    
  17      0.2195039E-03 0.6186E-06  0.2184798E-03 0.1497E-06  1.167    
  18      0.2182840E-03 0.6174E-06  0.2184689E-03 0.1455E-06  1.104    
  19      0.2183219E-03 0.6181E-06  0.2184612E-03 0.1416E-06  1.046    
  20      0.2192456E-03 0.6196E-06  0.2185004E-03 0.1380E-06  1.071    
   
   
 Integral Delta:   2.1850042506286980E-004 +-   1.3804132679843674E-007
 with chisq    =   1.0711784562342417     
  
  
  
 For xq =          400 
  
 RM48 INITIALIZED:        40           0         0



 INPUT PARAMETERS FOR VEGAS:  NDIM=  3  NCALL=    9483264.
                              IT=    0  ITMX=   10
                              MDS= -1   ND=  42
   1      0.6193106E-04 0.4004E-05  0.6193106E-04 0.4004E-05  0.000    
   2      0.5954663E-04 0.1205E-05  0.5975924E-04 0.1173E-05 0.3357    
   3      0.6135308E-04 0.8488E-06  0.6081225E-04 0.6854E-06 0.7728    
   4      0.6204930E-04 0.7604E-06  0.6137774E-04 0.5073E-06  1.002    
   5      0.6069485E-04 0.7102E-06  0.6114968E-04 0.4133E-06 0.9062    
   6      0.6158744E-04 0.6989E-06  0.6126439E-04 0.3555E-06 0.7818    
   7      0.6175073E-04 0.6959E-06  0.6136648E-04 0.3164E-06 0.7151    
   8      0.6148345E-04 0.6897E-06  0.6138693E-04 0.2875E-06 0.6159    
   9      0.6243504E-04 0.6914E-06  0.6154636E-04 0.2653E-06 0.7883    
  10      0.6041155E-04 0.6780E-06  0.6140001E-04 0.2472E-06 0.9660    



 INPUT PARAMETERS FOR VEGAS:  NDIM=  3  NCALL=   99672064.
                              IT=    0  ITMX=   20
                              MDS= -1   ND=  46
   1      0.6205034E-04 0.1975E-06  0.6205034E-04 0.1975E-06  0.000    
   2      0.6178958E-04 0.1977E-06  0.6192063E-04 0.1397E-06 0.8709    
   3      0.6143492E-04 0.1967E-06  0.6175949E-04 0.1139E-06  2.453    
   4      0.6182946E-04 0.1980E-06  0.6177693E-04 0.9873E-07  1.666    
   5      0.6141918E-04 0.1975E-06  0.6170604E-04 0.8831E-07  1.904    
   6      0.6181658E-04 0.1982E-06  0.6172441E-04 0.8066E-07  1.574    
   7      0.6158706E-04 0.1974E-06  0.6170484E-04 0.7467E-07  1.382    
   8      0.6167350E-04 0.1978E-06  0.6170093E-04 0.6986E-07  1.188    
   9      0.6181816E-04 0.1986E-06  0.6171388E-04 0.6590E-07  1.078    
  10      0.6126410E-04 0.1971E-06  0.6166926E-04 0.6250E-07  1.473    
  11      0.6194183E-04 0.1980E-06  0.6169415E-04 0.5960E-07  1.499    
  12      0.6166263E-04 0.1972E-06  0.6169152E-04 0.5705E-07  1.365    
  13      0.6172725E-04 0.1976E-06  0.6169427E-04 0.5481E-07  1.253    
  14      0.6190196E-04 0.1980E-06  0.6170915E-04 0.5283E-07  1.235    
  15      0.6175918E-04 0.1981E-06  0.6171247E-04 0.5104E-07  1.151    
  16      0.6190747E-04 0.1979E-06  0.6172471E-04 0.4943E-07  1.135    
  17      0.6207525E-04 0.1980E-06  0.6174549E-04 0.4796E-07  1.250    
  18      0.6137308E-04 0.1970E-06  0.6172490E-04 0.4660E-07  1.373    
  19      0.6175180E-04 0.1977E-06  0.6172631E-04 0.4535E-07  1.298    
  20      0.6194470E-04 0.1980E-06  0.6173727E-04 0.4421E-07  1.290    
   
   
 Integral Delta:   6.1737269841418587E-005 +-   4.4208082881089410E-008
 with chisq    =   1.2902659469599860     
  
  
  
 For xq =          500 
  
 RM48 INITIALIZED:        40           0         0



 INPUT PARAMETERS FOR VEGAS:  NDIM=  3  NCALL=    9483264.
                              IT=    0  ITMX=   10
                              MDS= -1   ND=  42
   1      0.2329660E-04 0.1388E-05  0.2329660E-04 0.1388E-05  0.000    
   2      0.2332194E-04 0.4420E-06  0.2331961E-04 0.4210E-06 0.3026E-03
   3      0.2227835E-04 0.3232E-06  0.2268663E-04 0.2598E-06  1.915    
   4      0.2242771E-04 0.2907E-06  0.2257470E-04 0.1946E-06  1.436    
   5      0.2310480E-04 0.2854E-06  0.2274562E-04 0.1606E-06  1.667    
   6      0.2258746E-04 0.2746E-06  0.2270611E-04 0.1388E-06  1.389    
   7      0.2282604E-04 0.2745E-06  0.2273050E-04 0.1239E-06  1.183    
   8      0.2238885E-04 0.2708E-06  0.2267330E-04 0.1127E-06  1.202    
   9      0.2257183E-04 0.2720E-06  0.2265866E-04 0.1042E-06  1.068    
  10      0.2228393E-04 0.2703E-06  0.2261195E-04 0.9727E-07  1.133    



 INPUT PARAMETERS FOR VEGAS:  NDIM=  3  NCALL=   99672064.
                              IT=    0  ITMX=   20
                              MDS= -1   ND=  46
   1      0.2267946E-04 0.7959E-07  0.2267946E-04 0.7959E-07  0.000    
   2      0.2270790E-04 0.7978E-07  0.2269367E-04 0.5634E-07 0.6368E-01
   3      0.2255694E-04 0.7973E-07  0.2264849E-04 0.4601E-07  1.009    
   4      0.2246884E-04 0.7967E-07  0.2260409E-04 0.3985E-07  1.936    
   5      0.2246956E-04 0.7948E-07  0.2257732E-04 0.3562E-07  2.024    
   6      0.2267139E-04 0.7970E-07  0.2259309E-04 0.3252E-07  1.850    
   7      0.2252845E-04 0.7972E-07  0.2258391E-04 0.3011E-07  1.637    
   8      0.2246180E-04 0.7967E-07  0.2256879E-04 0.2817E-07  1.696    
   9      0.2256115E-04 0.7966E-07  0.2256795E-04 0.2656E-07  1.485    
  10      0.2240220E-04 0.7937E-07  0.2255148E-04 0.2518E-07  1.753    
  11      0.2268346E-04 0.7980E-07  0.2256356E-04 0.2402E-07  1.827    
  12      0.2249541E-04 0.7943E-07  0.2255788E-04 0.2299E-07  1.723    
  13      0.2246471E-04 0.7937E-07  0.2255073E-04 0.2208E-07  1.685    
  14      0.2263836E-04 0.7988E-07  0.2255699E-04 0.2128E-07  1.642    
  15      0.2251796E-04 0.7970E-07  0.2255440E-04 0.2056E-07  1.541    
  16      0.2254840E-04 0.7952E-07  0.2255403E-04 0.1991E-07  1.438    
  17      0.2256431E-04 0.7948E-07  0.2255463E-04 0.1931E-07  1.349    
  18      0.2237183E-04 0.7941E-07  0.2254458E-04 0.1876E-07  1.561    
  19      0.2259178E-04 0.7976E-07  0.2254707E-04 0.1827E-07  1.493    
  20      0.2259872E-04 0.7972E-07  0.2254966E-04 0.1780E-07  1.435    
   
   
 Integral Delta:   2.2549656274118949E-005 +-   1.7804082239285115E-008
 with chisq    =   1.4347706487873906     
  
  
  
 For xq =          600 
  
 RM48 INITIALIZED:        40           0         0



 INPUT PARAMETERS FOR VEGAS:  NDIM=  3  NCALL=    9483264.
                              IT=    0  ITMX=   10
                              MDS= -1   ND=  42
   1      0.9041926E-05 0.5378E-06  0.9041926E-05 0.5378E-06  0.000    
   2      0.9519220E-05 0.1837E-06  0.9473766E-05 0.1704E-06 0.6760    
   3      0.9754624E-05 0.1446E-06  0.9643731E-05 0.1089E-06  1.121    
   4      0.9786819E-05 0.1320E-06  0.9704151E-05 0.8355E-07 0.9723    
   5      0.9827047E-05 0.1276E-06  0.9742634E-05 0.6968E-07 0.8874    
   6      0.9831974E-05 0.1268E-06  0.9764153E-05 0.6097E-07 0.7824    
   7      0.9592859E-05 0.1239E-06  0.9730973E-05 0.5472E-07 0.9079    
   8      0.9463457E-05 0.1220E-06  0.9687457E-05 0.4996E-07  1.339    
   9      0.9829379E-05 0.1241E-06  0.9708048E-05 0.4632E-07  1.311    
  10      0.9621369E-05 0.1233E-06  0.9697354E-05 0.4336E-07  1.214    



 INPUT PARAMETERS FOR VEGAS:  NDIM=  3  NCALL=   99672064.
                              IT=    0  ITMX=   20
                              MDS= -1   ND=  46
   1      0.9748281E-05 0.3668E-07  0.9748281E-05 0.3668E-07  0.000    
   2      0.9698941E-05 0.3654E-07  0.9723642E-05 0.2588E-07 0.9083    
   3      0.9702296E-05 0.3654E-07  0.9716530E-05 0.2112E-07 0.5683    
   4      0.9658892E-05 0.3649E-07  0.9702195E-05 0.1828E-07 0.9992    
   5      0.9629309E-05 0.3648E-07  0.9687740E-05 0.1634E-07  1.542    
   6      0.9680360E-05 0.3650E-07  0.9686509E-05 0.1492E-07  1.241    
   7      0.9702193E-05 0.3670E-07  0.9688738E-05 0.1382E-07  1.060    
   8      0.9716375E-05 0.3665E-07  0.9692196E-05 0.1293E-07 0.9791    
   9      0.9699260E-05 0.3660E-07  0.9692981E-05 0.1219E-07 0.8607    
  10      0.9718616E-05 0.3661E-07  0.9695552E-05 0.1157E-07 0.8139    
  11      0.9670834E-05 0.3651E-07  0.9693308E-05 0.1103E-07 0.7744    
  12      0.9681800E-05 0.3657E-07  0.9692351E-05 0.1056E-07 0.7123    
  13      0.9686569E-05 0.3652E-07  0.9691906E-05 0.1014E-07 0.6550    
  14      0.9750868E-05 0.3667E-07  0.9696143E-05 0.9775E-08 0.7908    
  15      0.9705844E-05 0.3670E-07  0.9696787E-05 0.9446E-08 0.7388    
  16      0.9714928E-05 0.3663E-07  0.9697922E-05 0.9147E-08 0.7048    
  17      0.9703775E-05 0.3668E-07  0.9698265E-05 0.8875E-08 0.6622    
  18      0.9690441E-05 0.3664E-07  0.9697832E-05 0.8625E-08 0.6258    
  19      0.9693823E-05 0.3660E-07  0.9697621E-05 0.8395E-08 0.5917    
  20      0.9753042E-05 0.3670E-07  0.9700408E-05 0.8184E-08 0.6755    
   
   
 Integral Delta:   9.7004078180072596E-006 +-   8.1839004051648417E-009
 with chisq    =  0.67550691704369525     
  
  
  
 For xq =          700 
  
 RM48 INITIALIZED:        40           0         0



 INPUT PARAMETERS FOR VEGAS:  NDIM=  3  NCALL=    9483264.
                              IT=    0  ITMX=   10
                              MDS= -1   ND=  42
   1      0.4883184E-05 0.2620E-06  0.4883184E-05 0.2620E-06  0.000    
   2      0.4758756E-05 0.9084E-07  0.4772743E-05 0.8671E-07 0.2054    
   3      0.4516650E-05 0.7046E-07  0.4626607E-05 0.5565E-07  2.702    
   4      0.4687343E-05 0.6670E-07  0.4651317E-05 0.4278E-07  1.970    
   5      0.4661743E-05 0.6429E-07  0.4654468E-05 0.3566E-07  1.488    
   6      0.4634603E-05 0.6318E-07  0.4649776E-05 0.3109E-07  1.211    
   7      0.4725841E-05 0.6431E-07  0.4664351E-05 0.2798E-07  1.198    
   8      0.4595010E-05 0.6243E-07  0.4653171E-05 0.2556E-07  1.175    
   9      0.4655083E-05 0.6323E-07  0.4653436E-05 0.2370E-07  1.029    
  10      0.4619284E-05 0.6256E-07  0.4649248E-05 0.2217E-07 0.9457    



 INPUT PARAMETERS FOR VEGAS:  NDIM=  3  NCALL=   99672064.
                              IT=    0  ITMX=   20
                              MDS= -1   ND=  46
   1      0.4695620E-05 0.1868E-07  0.4695620E-05 0.1868E-07  0.000    
   2      0.4651156E-05 0.1858E-07  0.4673478E-05 0.1317E-07  2.848    
   3      0.4702582E-05 0.1869E-07  0.4683219E-05 0.1077E-07  2.231    
   4      0.4638559E-05 0.1859E-07  0.4672157E-05 0.9318E-08  2.921    
   5      0.4667151E-05 0.1858E-07  0.4671153E-05 0.8330E-08  2.207    
   6      0.4682943E-05 0.1868E-07  0.4673117E-05 0.7607E-08  1.830    
   7      0.4658989E-05 0.1859E-07  0.4671101E-05 0.7040E-08  1.609    
   8      0.4684542E-05 0.1868E-07  0.4672781E-05 0.6588E-08  1.443    
   9      0.4697550E-05 0.1876E-07  0.4675526E-05 0.6216E-08  1.457    
  10      0.4727560E-05 0.1876E-07  0.4680779E-05 0.5900E-08  2.076    
  11      0.4680209E-05 0.1865E-07  0.4680727E-05 0.5626E-08  1.869    
  12      0.4644854E-05 0.1860E-07  0.4677762E-05 0.5385E-08  2.007    
  13      0.4640666E-05 0.1857E-07  0.4674927E-05 0.5172E-08  2.144    
  14      0.4651533E-05 0.1863E-07  0.4673269E-05 0.4983E-08  2.093    
  15      0.4681059E-05 0.1862E-07  0.4673791E-05 0.4814E-08  1.954    
  16      0.4696673E-05 0.1866E-07  0.4675232E-05 0.4661E-08  1.918    
  17      0.4711738E-05 0.1873E-07  0.4677393E-05 0.4523E-08  2.023    
  18      0.4677701E-05 0.1865E-07  0.4677411E-05 0.4396E-08  1.904    
  19      0.4674159E-05 0.1866E-07  0.4677240E-05 0.4279E-08  1.800    
  20      0.4664448E-05 0.1863E-07  0.4676602E-05 0.4170E-08  1.729    
   
   
 Integral Delta:   4.6766022426654652E-006 +-   4.1700518842524360E-009
 with chisq    =   1.7291859569676660     
  
  
  
 For xq =          800 
  
 RM48 INITIALIZED:        40           0         0



 INPUT PARAMETERS FOR VEGAS:  NDIM=  3  NCALL=    9483264.
                              IT=    0  ITMX=   10
                              MDS= -1   ND=  42
   1      0.2244478E-05 0.1239E-06  0.2244478E-05 0.1239E-06  0.000    
   2      0.2512316E-05 0.4896E-07  0.2482618E-05 0.4377E-07  3.691    
   3      0.2391072E-05 0.3800E-07  0.2430249E-05 0.2867E-07  3.089    
   4      0.2432334E-05 0.3581E-07  0.2431083E-05 0.2232E-07  2.040    
   5      0.2475278E-05 0.3491E-07  0.2444499E-05 0.1875E-07  1.803    
   6      0.2448219E-05 0.3484E-07  0.2445354E-05 0.1650E-07  1.437    
   7      0.2429133E-05 0.3439E-07  0.2442299E-05 0.1487E-07  1.227    
   8      0.2405166E-05 0.3422E-07  0.2436463E-05 0.1364E-07  1.193    
   9      0.2426826E-05 0.3467E-07  0.2435163E-05 0.1269E-07  1.052    
  10      0.2426354E-05 0.3471E-07  0.2434119E-05 0.1192E-07 0.9406    



 INPUT PARAMETERS FOR VEGAS:  NDIM=  3  NCALL=   99672064.
                              IT=    0  ITMX=   20
                              MDS= -1   ND=  46
   1      0.2454023E-05 0.1026E-07  0.2454023E-05 0.1026E-07  0.000    
   2      0.2463903E-05 0.1029E-07  0.2458966E-05 0.7266E-08 0.4622    
   3      0.2460412E-05 0.1028E-07  0.2459448E-05 0.5934E-08 0.2376    
   4      0.2445262E-05 0.1024E-07  0.2455913E-05 0.5134E-08 0.6349    
   5      0.2460081E-05 0.1025E-07  0.2456751E-05 0.4591E-08 0.5090    
   6      0.2444567E-05 0.1024E-07  0.2454731E-05 0.4189E-08 0.6419    
   7      0.2453719E-05 0.1027E-07  0.2454586E-05 0.3879E-08 0.5364    
   8      0.2465035E-05 0.1026E-07  0.2455903E-05 0.3628E-08 0.5897    
   9      0.2445963E-05 0.1022E-07  0.2454798E-05 0.3419E-08 0.6208    
  10      0.2463080E-05 0.1026E-07  0.2455632E-05 0.3244E-08 0.6170    
  11      0.2454036E-05 0.1023E-07  0.2455486E-05 0.3092E-08 0.5576    
  12      0.2450266E-05 0.1024E-07  0.2455052E-05 0.2960E-08 0.5286    
  13      0.2456812E-05 0.1025E-07  0.2455188E-05 0.2844E-08 0.4868    
  14      0.2451884E-05 0.1025E-07  0.2454952E-05 0.2740E-08 0.4568    
  15      0.2445500E-05 0.1025E-07  0.2454326E-05 0.2647E-08 0.4808    
  16      0.2469027E-05 0.1031E-07  0.2455246E-05 0.2564E-08 0.5770    
  17      0.2448498E-05 0.1024E-07  0.2454850E-05 0.2487E-08 0.5665    
  18      0.2480560E-05 0.1033E-07  0.2456288E-05 0.2418E-08 0.8836    
  19      0.2451778E-05 0.1024E-07  0.2456050E-05 0.2353E-08 0.8448    
  20      0.2476685E-05 0.1029E-07  0.2457092E-05 0.2294E-08  1.004    
   
   
 Integral Delta:   2.4570917147817724E-006 +-   2.2943083683279223E-009
 with chisq    =   1.0036485079892470     
  
  
  
 For xq =          900 
  
 RM48 INITIALIZED:        40           0         0



 INPUT PARAMETERS FOR VEGAS:  NDIM=  3  NCALL=    9483264.
                              IT=    0  ITMX=   10
                              MDS= -1   ND=  42
   1      0.1291831E-05 0.6688E-07  0.1291831E-05 0.6688E-07  0.000    
   2      0.1364056E-05 0.2725E-07  0.1354694E-05 0.2476E-07 0.9598    
   3      0.1338483E-05 0.2169E-07  0.1345461E-05 0.1629E-07 0.5989    
   4      0.1339669E-05 0.2033E-07  0.1343180E-05 0.1270E-07 0.4147    
   5      0.1380735E-05 0.2054E-07  0.1354096E-05 0.1077E-07 0.9331    
   6      0.1386764E-05 0.2024E-07  0.1361674E-05 0.9492E-08  1.160    
   7      0.1322416E-05 0.1964E-07  0.1354492E-05 0.8555E-08  1.497    
   8      0.1360340E-05 0.1976E-07  0.1355431E-05 0.7848E-08  1.291    
   9      0.1360425E-05 0.1980E-07  0.1356120E-05 0.7294E-08  1.134    
  10      0.1362858E-05 0.1984E-07  0.1356936E-05 0.6845E-08  1.018    



 INPUT PARAMETERS FOR VEGAS:  NDIM=  3  NCALL=   99672064.
                              IT=    0  ITMX=   20
                              MDS= -1   ND=  46
   1      0.1357182E-05 0.5930E-08  0.1357182E-05 0.5930E-08  0.000    
   2      0.1376546E-05 0.5977E-08  0.1366925E-05 0.4210E-08  5.288    
   3      0.1370550E-05 0.5952E-08  0.1368138E-05 0.3437E-08  2.763    
   4      0.1358619E-05 0.5913E-08  0.1365759E-05 0.2972E-08  2.490    
   5      0.1370669E-05 0.5954E-08  0.1366744E-05 0.2659E-08  2.001    
   6      0.1364444E-05 0.5947E-08  0.1366362E-05 0.2427E-08  1.627    
   7      0.1368280E-05 0.5956E-08  0.1366636E-05 0.2248E-08  1.370    
   8      0.1375251E-05 0.5955E-08  0.1367722E-05 0.2103E-08  1.437    
   9      0.1364227E-05 0.5959E-08  0.1367337E-05 0.1983E-08  1.296    
  10      0.1372399E-05 0.5961E-08  0.1367845E-05 0.1882E-08  1.224    
  11      0.1376769E-05 0.5953E-08  0.1368665E-05 0.1794E-08  1.306    
  12      0.1366105E-05 0.5938E-08  0.1368451E-05 0.1717E-08  1.203    
  13      0.1372277E-05 0.5951E-08  0.1368747E-05 0.1650E-08  1.135    
  14      0.1364193E-05 0.5952E-08  0.1368424E-05 0.1590E-08  1.089    
  15      0.1370641E-05 0.5948E-08  0.1368572E-05 0.1536E-08  1.021    
  16      0.1354456E-05 0.5922E-08  0.1367699E-05 0.1487E-08  1.302    
  17      0.1362413E-05 0.5925E-08  0.1367388E-05 0.1442E-08  1.268    
  18      0.1374956E-05 0.5957E-08  0.1367812E-05 0.1402E-08  1.283    
  19      0.1369416E-05 0.5961E-08  0.1367896E-05 0.1365E-08  1.216    
  20      0.1372232E-05 0.5942E-08  0.1368115E-05 0.1330E-08  1.178    
   
   
 Integral Delta:   1.3681146592715450E-006 +-   1.3299357988203314E-009
 with chisq    =   1.1780756194513859     
  
  
  
 For xq =         1000 
  
 RM48 INITIALIZED:        40           0         0



 INPUT PARAMETERS FOR VEGAS:  NDIM=  3  NCALL=    9483264.
                              IT=    0  ITMX=   10
                              MDS= -1   ND=  42
   1      0.7467327E-06 0.3848E-07  0.7467327E-06 0.3848E-07  0.000    
   2      0.8113498E-06 0.1600E-07  0.8030985E-06 0.1436E-07  2.256    
   3      0.7945393E-06 0.1307E-07  0.7983378E-06 0.9626E-08  1.211    
   4      0.8048302E-06 0.1238E-07  0.8008604E-06 0.7576E-08 0.8555    
   5      0.8148156E-06 0.1227E-07  0.8048878E-06 0.6431E-08 0.8751    
   6      0.8062515E-06 0.1222E-07  0.8051903E-06 0.5686E-08 0.6987    
   7      0.7796695E-06 0.1182E-07  0.8005594E-06 0.5129E-08  1.199    
   8      0.8142622E-06 0.1205E-07  0.8027500E-06 0.4716E-08  1.183    
   9      0.8177044E-06 0.1214E-07  0.8048002E-06 0.4394E-08  1.200    
  10      0.8003186E-06 0.1205E-07  0.8042728E-06 0.4128E-08  1.080    



 INPUT PARAMETERS FOR VEGAS:  NDIM=  3  NCALL=   99672064.
                              IT=    0  ITMX=   20
                              MDS= -1   ND=  46
   1      0.8011586E-06 0.3579E-08  0.8011586E-06 0.3579E-08  0.000    
   2      0.8014578E-06 0.3588E-08  0.8013079E-06 0.2534E-08 0.3486E-02
   3      0.8059065E-06 0.3591E-08  0.8028480E-06 0.2070E-08 0.5511    
   4      0.8048756E-06 0.3595E-08  0.8033549E-06 0.1794E-08 0.4468    
   5      0.7969995E-06 0.3577E-08  0.8020934E-06 0.1604E-08 0.9607    
   6      0.7997734E-06 0.3593E-08  0.8017098E-06 0.1465E-08 0.8386    
   7      0.8018349E-06 0.3594E-08  0.8017276E-06 0.1356E-08 0.6990    
   8      0.8021987E-06 0.3588E-08  0.8017865E-06 0.1269E-08 0.6012    
   9      0.8007723E-06 0.3579E-08  0.8016736E-06 0.1196E-08 0.5351    
  10      0.8025242E-06 0.3585E-08  0.8017589E-06 0.1134E-08 0.4812    
  11      0.8023821E-06 0.3589E-08  0.8018156E-06 0.1082E-08 0.4357    
  12      0.7964729E-06 0.3574E-08  0.8013728E-06 0.1035E-08 0.5806    
  13      0.8078903E-06 0.3607E-08  0.8018763E-06 0.9951E-09 0.7864    
  14      0.8015179E-06 0.3593E-08  0.8018508E-06 0.9590E-09 0.7267    
  15      0.8042836E-06 0.3602E-08  0.8020127E-06 0.9267E-09 0.7051    
  16      0.7977290E-06 0.3580E-08  0.8017464E-06 0.8971E-09 0.7471    
  17      0.8057021E-06 0.3606E-08  0.8019791E-06 0.8706E-09 0.7714    
  18      0.8099251E-06 0.3608E-08  0.8024246E-06 0.8463E-09 0.9997    
  19      0.8117116E-06 0.3610E-08  0.8029191E-06 0.8240E-09  1.299    
  20      0.8002164E-06 0.3575E-08  0.8027836E-06 0.8029E-09  1.259    
   
   
 Integral Delta:   8.0278362775930952E-007 +-   8.0292893140886966E-010
 with chisq    =   1.2592125940837768     
  
  
  
    xq         Integral Delta                 error
    100      0.209767162872675E-01      0.738540869095658E-05
    200      0.123013746238970E-02      0.640252541131976E-06
    300      0.218500425062870E-03      0.138041326798437E-06
    400      0.617372698414186E-04      0.442080828810894E-07
    500      0.225496562741189E-04      0.178040822392851E-07
    600      0.970040781800726E-05      0.818390040516484E-08
    700      0.467660224266547E-05      0.417005188425244E-08
    800      0.245709171478177E-05      0.229430836832792E-08
    900      0.136811465927154E-05      0.132993579882033E-08
   1000      0.802783627759310E-06      0.802928931408870E-09
   
    xq              Plus                      regular                        delta                    combined PK                      error
    100     -0.383576588972782E+00      0.529254122835511E-01      0.209767162872675E-01     -0.309674460401963E+00      0.115481143715249E-01
    200     -0.169087961680287E-01      0.308900960413908E-02      0.123013746238970E-02     -0.125896491014999E-01      0.120306844245097E-02
    300     -0.251119620035754E-02      0.545690031310511E-03      0.218500425062870E-03     -0.174700574398416E-02      0.290725572711588E-03
    400      0.433332706589866E-03      0.153226357692257E-03      0.617372698414186E-04      0.648296334123542E-03      0.100826069334393E-03
    500      0.448339351362990E-03      0.555975595961837E-04      0.225496562741189E-04      0.526486567233293E-03      0.429943416371659E-04
    600      0.222315461638913E-03      0.238208122044905E-04      0.970040781800726E-05      0.255836681661411E-03      0.209864298119618E-04
    700      0.139625197580361E-03      0.113744248985018E-04      0.467660224266547E-05      0.155676224721529E-03      0.111920744140371E-04
    800      0.984767982673289E-04      0.591461710793115E-05      0.245709171478177E-05      0.106848507090042E-03      0.636359356023206E-05
    900      0.691906816942656E-04      0.327177219987257E-05      0.136811465927154E-05      0.738305685534097E-04      0.382190652279618E-05
   1000      0.469920487271001E-04      0.190187947436662E-05      0.802783627759310E-06      0.496967118292261E-04      0.238901398875112E-05
Thanks for using LHAPDF 6.5.4. Please make sure to cite the paper:
  Eur.Phys.J. C75 (2015) 3, 132  (http://arxiv.org/abs/1412.7420)
