   100.00000000000000       -1.0254786419540208E-004   1.0640543525136334E-008
   400.00000000000000       -3.5430732730280844E-003   8.9096328373443445E-007
   700.00000000000000       -9.1493455549311528E-003   2.9901202031713142E-006
   1000.0000000000000       -1.3893056892723899E-002   5.2830493593589142E-006
   1300.0000000000000       -1.7030384025650849E-002   7.1217625852234145E-006
   1600.0000000000000       -1.8909127419620728E-002   8.3004448511544856E-006
   1900.0000000000000       -2.0313291006204673E-002   9.5094103173273562E-006
   2200.0000000000000       -2.3171795640433073E-002   1.1312533586994906E-005
   2500.0000000000000       -8.4969991992721691E-002   6.3487075328568657E-005

   100.00000000000000     0.0     1.0640543525136334E-008
   400.00000000000000     0.0     8.9096328373443445E-007
   700.00000000000000     0.0     2.9901202031713142E-006
   1000.0000000000000     0.0     5.2830493593589142E-006
   1300.0000000000000     0.0     7.1217625852234145E-006
   1600.0000000000000     0.0     8.3004448511544856E-006
   1900.0000000000000     0.0     9.5094103173273562E-006
   2200.0000000000000     0.0     1.1312533586994906E-005
   2500.0000000000000     0.0     6.3487075328568657E-005




LHAPDF 6.5.4 loading /home/niraj/1TB-Disc/Workspace-IITG/Packages/Install/LHAPDF-6.5.4/install/share/LHAPDF/MMHT2014nlo68cl/MMHT2014nlo68cl_0000.dat
MMHT2014nlo68cl PDF set, member #0, version 3; LHAPDF ID = 25100
  
 Writing data in the file  ../summary/run2_04/virtual.dat                                                                      
  
   
   
 ~~~~~~~~~~~~~~~~~~~~~~~~~~~~~~~~~~~~~~~~~~~~
     Calculating virtual contribrtion
 ~~~~~~~~~~~~~~~~~~~~~~~~~~~~~~~~~~~~~~~~~~~~
   
 ~~~~~~~~~~~~~~~~~~~~~~~~~~~~~~~~~~~~~~~~
using vegas points:                   5.E+07
         iteration:                   10
 ~~~~~~~~~~~~~~~~~~~~~~~~~~~~~~~~~~~~~~~~
  
 For xq =          100 
  
 RM48 INITIALIZED:        40           0         0



 INPUT PARAMETERS FOR VEGAS:  NDIM=  3  NCALL=   47775744.
                              IT=    0  ITMX=   10
                              MDS= -1   ND=  48
   1     -0.1035178E-03 0.6745E-05 -0.1035178E-03 0.6745E-05  0.000    
   2     -0.1030952E-03 0.6111E-06 -0.1030986E-03 0.6098E-06 0.3909E-02
   3     -0.1023634E-03 0.3206E-06 -0.1025249E-03 0.2849E-06 0.5726    
   4     -0.1024632E-03 0.2495E-06 -0.1024901E-03 0.1880E-06 0.3915    
   5     -0.1025051E-03 0.2244E-06 -0.1024963E-03 0.1442E-06 0.2947    
   6     -0.1025611E-03 0.2134E-06 -0.1025165E-03 0.1195E-06 0.2486    
   7     -0.1026013E-03 0.2105E-06 -0.1025372E-03 0.1040E-06 0.2276    
   8     -0.1025398E-03 0.2086E-06 -0.1025377E-03 0.9305E-07 0.1952    
   9     -0.1026124E-03 0.2079E-06 -0.1025501E-03 0.8494E-07 0.1843    
  10     -0.1022874E-03 0.2067E-06 -0.1025124E-03 0.7858E-07 0.3165    



 INPUT PARAMETERS FOR VEGAS:  NDIM=  3  NCALL=  485941248.
                              IT=    0  ITMX=   20
                              MDS= -1   ND=  48
   1     -0.1025862E-03 0.4763E-07 -0.1025862E-03 0.4763E-07  0.000    
   2     -0.1025933E-03 0.4759E-07 -0.1025898E-03 0.3367E-07 0.1126E-01
   3     -0.1025669E-03 0.4765E-07 -0.1025821E-03 0.2750E-07 0.8272E-01
   4     -0.1026214E-03 0.4754E-07 -0.1025920E-03 0.2380E-07 0.2256    
   5     -0.1024959E-03 0.4756E-07 -0.1025728E-03 0.2128E-07 0.9845    
   6     -0.1024800E-03 0.4756E-07 -0.1025573E-03 0.1943E-07  1.421    
   7     -0.1025723E-03 0.4759E-07 -0.1025595E-03 0.1799E-07  1.198    
   8     -0.1025078E-03 0.4760E-07 -0.1025530E-03 0.1683E-07  1.174    
   9     -0.1025008E-03 0.4760E-07 -0.1025472E-03 0.1586E-07  1.161    
  10     -0.1025943E-03 0.4767E-07 -0.1025519E-03 0.1505E-07  1.130    
  11     -0.1024646E-03 0.4756E-07 -0.1025440E-03 0.1435E-07  1.323    
  12     -0.1025524E-03 0.4756E-07 -0.1025447E-03 0.1374E-07  1.206    
  13     -0.1025518E-03 0.4752E-07 -0.1025452E-03 0.1320E-07  1.107    
  14     -0.1025823E-03 0.4752E-07 -0.1025479E-03 0.1272E-07  1.065    
  15     -0.1026311E-03 0.4758E-07 -0.1025534E-03 0.1229E-07  1.193    
  16     -0.1025216E-03 0.4753E-07 -0.1025514E-03 0.1189E-07  1.142    
  17     -0.1025267E-03 0.4761E-07 -0.1025500E-03 0.1154E-07  1.086    
  18     -0.1025658E-03 0.4763E-07 -0.1025509E-03 0.1122E-07  1.028    
  19     -0.1024863E-03 0.4759E-07 -0.1025475E-03 0.1092E-07  1.068    
  20     -0.1025553E-03 0.4764E-07 -0.1025479E-03 0.1064E-07  1.013    
   
   
 Integral virtual contribrtion:  -1.0254786419540208E-004 +-   1.0640543525136334E-008
 with chisq    =   1.0132995901167015     
  
  
  
 For xq =          400 
  
 RM48 INITIALIZED:        40           0         0



 INPUT PARAMETERS FOR VEGAS:  NDIM=  3  NCALL=   47775744.
                              IT=    0  ITMX=   10
                              MDS= -1   ND=  48
   1     -0.3542016E-02 0.1413E-03 -0.3542016E-02 0.1413E-03  0.000    
   2     -0.3564172E-02 0.2202E-04 -0.3563653E-02 0.2169E-04 0.2386E-01
   3     -0.3549370E-02 0.1623E-04 -0.3554503E-02 0.1300E-04 0.1509    
   4     -0.3537890E-02 0.1512E-04 -0.3547473E-02 0.9865E-05 0.3316    
   5     -0.3545709E-02 0.1482E-04 -0.3546932E-02 0.8212E-05 0.2512    
   6     -0.3555814E-02 0.1469E-04 -0.3549053E-02 0.7167E-05 0.2566    
   7     -0.3567144E-02 0.1460E-04 -0.3552595E-02 0.6432E-05 0.4211    
   8     -0.3539621E-02 0.1448E-04 -0.3550469E-02 0.5879E-05 0.4566    
   9     -0.3564393E-02 0.1465E-04 -0.3552415E-02 0.5455E-05 0.4970    
  10     -0.3539858E-02 0.1456E-04 -0.3550878E-02 0.5109E-05 0.5142    



 INPUT PARAMETERS FOR VEGAS:  NDIM=  3  NCALL=  485941248.
                              IT=    0  ITMX=   20
                              MDS= -1   ND=  48
   1     -0.3548764E-02 0.3989E-05 -0.3548764E-02 0.3989E-05  0.000    
   2     -0.3550997E-02 0.3987E-05 -0.3549882E-02 0.2820E-05 0.1568    
   3     -0.3544102E-02 0.3977E-05 -0.3547952E-02 0.2300E-05 0.7804    
   4     -0.3539202E-02 0.3984E-05 -0.3545772E-02 0.1992E-05  1.724    
   5     -0.3541805E-02 0.3982E-05 -0.3544980E-02 0.1782E-05  1.492    
   6     -0.3545226E-02 0.3993E-05 -0.3545021E-02 0.1627E-05  1.194    
   7     -0.3546269E-02 0.3981E-05 -0.3545199E-02 0.1506E-05  1.009    
   8     -0.3543093E-02 0.3985E-05 -0.3544936E-02 0.1409E-05 0.8999    
   9     -0.3539784E-02 0.3986E-05 -0.3544366E-02 0.1328E-05 0.9729    
  10     -0.3539795E-02 0.3978E-05 -0.3543908E-02 0.1260E-05 0.9968    
  11     -0.3543060E-02 0.3989E-05 -0.3543831E-02 0.1201E-05 0.9012    
  12     -0.3544748E-02 0.3990E-05 -0.3543908E-02 0.1150E-05 0.8237    
  13     -0.3536268E-02 0.3977E-05 -0.3543320E-02 0.1105E-05  1.038    
  14     -0.3547487E-02 0.3996E-05 -0.3543617E-02 0.1065E-05  1.036    
  15     -0.3539888E-02 0.3977E-05 -0.3543368E-02 0.1029E-05  1.020    
  16     -0.3542326E-02 0.3986E-05 -0.3543303E-02 0.9962E-06 0.9567    
  17     -0.3541823E-02 0.3980E-05 -0.3543215E-02 0.9664E-06 0.9051    
  18     -0.3539611E-02 0.3987E-05 -0.3543016E-02 0.9392E-06 0.8973    
  19     -0.3542142E-02 0.3982E-05 -0.3542970E-02 0.9141E-06 0.8500    
  20     -0.3545036E-02 0.3985E-05 -0.3543073E-02 0.8910E-06 0.8187    
   
   
 Integral virtual contribrtion:  -3.5430732730280844E-003 +-   8.9096328373443445E-007
 with chisq    =  0.81865467636483236     
  
  
  
 For xq =          700 
  
 RM48 INITIALIZED:        40           0         0



 INPUT PARAMETERS FOR VEGAS:  NDIM=  3  NCALL=   47775744.
                              IT=    0  ITMX=   10
                              MDS= -1   ND=  48
   1     -0.8609002E-02 0.2876E-03 -0.8609002E-02 0.2876E-03  0.000    
   2     -0.9218266E-02 0.6547E-04 -0.9191915E-02 0.6196E-04  4.001    
   3     -0.9176242E-02 0.5034E-04 -0.9182262E-02 0.3877E-04  1.982    
   4     -0.9163594E-02 0.4774E-04 -0.9174686E-02 0.3002E-04  1.341    
   5     -0.9147929E-02 0.4730E-04 -0.9166880E-02 0.2532E-04  1.059    
   6     -0.9122754E-02 0.4707E-04 -0.9156882E-02 0.2229E-04 0.9824    
   7     -0.9183855E-02 0.4708E-04 -0.9161918E-02 0.2014E-04 0.8613    
   8     -0.9245235E-02 0.4714E-04 -0.9175146E-02 0.1851E-04  1.122    
   9     -0.9191545E-02 0.4684E-04 -0.9177396E-02 0.1721E-04 0.9930    
  10     -0.9190978E-02 0.4742E-04 -0.9178999E-02 0.1618E-04 0.8894    



 INPUT PARAMETERS FOR VEGAS:  NDIM=  3  NCALL=  485941248.
                              IT=    0  ITMX=   20
                              MDS= -1   ND=  48
   1     -0.9140095E-02 0.1336E-04 -0.9140095E-02 0.1336E-04  0.000    
   2     -0.9143348E-02 0.1338E-04 -0.9141721E-02 0.9454E-05 0.2959E-01
   3     -0.9145630E-02 0.1338E-04 -0.9143023E-02 0.7722E-05 0.4326E-01
   4     -0.9165766E-02 0.1337E-04 -0.9148736E-02 0.6686E-05 0.7543    
   5     -0.9136166E-02 0.1335E-04 -0.9146221E-02 0.5978E-05 0.7429    
   6     -0.9163481E-02 0.1337E-04 -0.9149104E-02 0.5458E-05 0.8722    
   7     -0.9165221E-02 0.1339E-04 -0.9151408E-02 0.5054E-05 0.9341    
   8     -0.9134054E-02 0.1337E-04 -0.9149245E-02 0.4727E-05  1.011    
   9     -0.9136073E-02 0.1336E-04 -0.9147783E-02 0.4457E-05 0.9927    
  10     -0.9160655E-02 0.1337E-04 -0.9149073E-02 0.4228E-05 0.9750    
  11     -0.9146899E-02 0.1338E-04 -0.9148876E-02 0.4032E-05 0.8800    
  12     -0.9154573E-02 0.1338E-04 -0.9149351E-02 0.3860E-05 0.8150    
  13     -0.9143476E-02 0.1336E-04 -0.9148898E-02 0.3708E-05 0.7620    
  14     -0.9143990E-02 0.1337E-04 -0.9148548E-02 0.3574E-05 0.7131    
  15     -0.9167774E-02 0.1339E-04 -0.9149832E-02 0.3453E-05 0.8000    
  16     -0.9147233E-02 0.1339E-04 -0.9149670E-02 0.3343E-05 0.7491    
  17     -0.9155230E-02 0.1340E-04 -0.9149997E-02 0.3244E-05 0.7124    
  18     -0.9129357E-02 0.1337E-04 -0.9148854E-02 0.3152E-05 0.8025    
  19     -0.9144380E-02 0.1333E-04 -0.9148618E-02 0.3068E-05 0.7639    
  20     -0.9163163E-02 0.1339E-04 -0.9149346E-02 0.2990E-05 0.7828    
   
   
 Integral virtual contribrtion:  -9.1493455549311528E-003 +-   2.9901202031713142E-006
 with chisq    =  0.78275759154486158     
  
  
  
 For xq =         1000 
  
 RM48 INITIALIZED:        40           0         0



 INPUT PARAMETERS FOR VEGAS:  NDIM=  3  NCALL=   47775744.
                              IT=    0  ITMX=   10
                              MDS= -1   ND=  48
   1     -0.1308477E-01 0.3973E-03 -0.1308477E-01 0.3973E-03  0.000    
   2     -0.1385137E-01 0.1052E-03 -0.1380624E-01 0.9926E-04  3.305    
   3     -0.1376463E-01 0.8492E-04 -0.1378179E-01 0.6419E-04  1.680    
   4     -0.1381637E-01 0.8118E-04 -0.1379539E-01 0.5023E-04  1.147    
   5     -0.1388860E-01 0.8129E-04 -0.1382184E-01 0.4267E-04  1.097    
   6     -0.1383939E-01 0.8032E-04 -0.1382577E-01 0.3766E-04 0.8814    
   7     -0.1385665E-01 0.8053E-04 -0.1383141E-01 0.3410E-04 0.7527    
   8     -0.1404722E-01 0.8068E-04 -0.1386540E-01 0.3139E-04  1.537    
   9     -0.1392104E-01 0.8052E-04 -0.1387288E-01 0.2924E-04  1.395    
  10     -0.1405378E-01 0.8133E-04 -0.1389430E-01 0.2751E-04  1.736    



 INPUT PARAMETERS FOR VEGAS:  NDIM=  3  NCALL=  485941248.
                              IT=    0  ITMX=   20
                              MDS= -1   ND=  48
   1     -0.1388197E-01 0.2364E-04 -0.1388197E-01 0.2364E-04  0.000    
   2     -0.1387982E-01 0.2366E-04 -0.1388090E-01 0.1672E-04 0.4156E-02
   3     -0.1389089E-01 0.2364E-04 -0.1388423E-01 0.1365E-04 0.6162E-01
   4     -0.1390529E-01 0.2357E-04 -0.1388954E-01 0.1181E-04 0.2406    
   5     -0.1387911E-01 0.2364E-04 -0.1388745E-01 0.1057E-04 0.2195    
   6     -0.1391287E-01 0.2366E-04 -0.1389169E-01 0.9648E-05 0.3683    
   7     -0.1391250E-01 0.2363E-04 -0.1389467E-01 0.8932E-05 0.4178    
   8     -0.1385749E-01 0.2360E-04 -0.1389004E-01 0.8354E-05 0.6673    
   9     -0.1389927E-01 0.2365E-04 -0.1389106E-01 0.7877E-05 0.6008    
  10     -0.1393150E-01 0.2367E-04 -0.1389511E-01 0.7474E-05 0.8271    
  11     -0.1386851E-01 0.2358E-04 -0.1389269E-01 0.7125E-05 0.8599    
  12     -0.1389600E-01 0.2364E-04 -0.1389297E-01 0.6821E-05 0.7834    
  13     -0.1391628E-01 0.2363E-04 -0.1389477E-01 0.6554E-05 0.7930    
  14     -0.1390073E-01 0.2364E-04 -0.1389519E-01 0.6316E-05 0.7365    
  15     -0.1388052E-01 0.2360E-04 -0.1389422E-01 0.6101E-05 0.7097    
  16     -0.1389083E-01 0.2363E-04 -0.1389400E-01 0.5907E-05 0.6637    
  17     -0.1389957E-01 0.2361E-04 -0.1389433E-01 0.5731E-05 0.6255    
  18     -0.1387962E-01 0.2363E-04 -0.1389352E-01 0.5569E-05 0.6103    
  19     -0.1389094E-01 0.2362E-04 -0.1389338E-01 0.5421E-05 0.5770    
  20     -0.1388689E-01 0.2360E-04 -0.1389306E-01 0.5283E-05 0.5504    
   
   
 Integral virtual contribrtion:  -1.3893056892723899E-002 +-   5.2830493593589142E-006
 with chisq    =  0.55042049316625274     
  
  
  
 For xq =         1300 
  
 RM48 INITIALIZED:        40           0         0



 INPUT PARAMETERS FOR VEGAS:  NDIM=  3  NCALL=   47775744.
                              IT=    0  ITMX=   10
                              MDS= -1   ND=  48
   1     -0.1643495E-01 0.4584E-03 -0.1643495E-01 0.4584E-03  0.000    
   2     -0.1703600E-01 0.1335E-03 -0.1699205E-01 0.1262E-03  1.536    
   3     -0.1693599E-01 0.1110E-03 -0.1696011E-01 0.8313E-04 0.8178    
   4     -0.1701233E-01 0.1074E-03 -0.1697997E-01 0.6564E-04 0.5916    
   5     -0.1710042E-01 0.1076E-03 -0.1701335E-01 0.5597E-04 0.6730    
   6     -0.1717109E-01 0.1077E-03 -0.1704772E-01 0.4963E-04 0.8799    
   7     -0.1715481E-01 0.1077E-03 -0.1706685E-01 0.4506E-04 0.8688    
   8     -0.1725357E-01 0.1079E-03 -0.1709532E-01 0.4157E-04  1.114    
   9     -0.1698245E-01 0.1062E-03 -0.1708038E-01 0.3871E-04  1.097    
  10     -0.1722599E-01 0.1085E-03 -0.1709720E-01 0.3645E-04  1.154    



 INPUT PARAMETERS FOR VEGAS:  NDIM=  3  NCALL=  485941248.
                              IT=    0  ITMX=   20
                              MDS= -1   ND=  48
   1     -0.1701591E-01 0.3179E-04 -0.1701591E-01 0.3179E-04  0.000    
   2     -0.1698855E-01 0.3186E-04 -0.1700228E-01 0.2250E-04 0.3695    
   3     -0.1707164E-01 0.3191E-04 -0.1702544E-01 0.1839E-04  1.766    
   4     -0.1703128E-01 0.3188E-04 -0.1702690E-01 0.1593E-04  1.186    
   5     -0.1696226E-01 0.3178E-04 -0.1701400E-01 0.1424E-04  1.714    
   6     -0.1703889E-01 0.3186E-04 -0.1701815E-01 0.1300E-04  1.472    
   7     -0.1708310E-01 0.3189E-04 -0.1702747E-01 0.1204E-04  1.821    
   8     -0.1700326E-01 0.3173E-04 -0.1702443E-01 0.1126E-04  1.634    
   9     -0.1706800E-01 0.3185E-04 -0.1702929E-01 0.1061E-04  1.638    
  10     -0.1708813E-01 0.3188E-04 -0.1703520E-01 0.1007E-04  1.798    
  11     -0.1704462E-01 0.3190E-04 -0.1703605E-01 0.9603E-05  1.626    
  12     -0.1702255E-01 0.3188E-04 -0.1703493E-01 0.9195E-05  1.493    
  13     -0.1710572E-01 0.3192E-04 -0.1704040E-01 0.8835E-05  1.749    
  14     -0.1696207E-01 0.3173E-04 -0.1703481E-01 0.8512E-05  2.047    
  15     -0.1699006E-01 0.3183E-04 -0.1703184E-01 0.8223E-05  2.033    
  16     -0.1703852E-01 0.3189E-04 -0.1703225E-01 0.7962E-05  1.900    
  17     -0.1703595E-01 0.3184E-04 -0.1703247E-01 0.7724E-05  1.782    
  18     -0.1697799E-01 0.3180E-04 -0.1702945E-01 0.7506E-05  1.840    
  19     -0.1699469E-01 0.3186E-04 -0.1702763E-01 0.7306E-05  1.800    
  20     -0.1708247E-01 0.3189E-04 -0.1703038E-01 0.7122E-05  1.854    
   
   
 Integral virtual contribrtion:  -1.7030384025650849E-002 +-   7.1217625852234145E-006
 with chisq    =   1.8535313546091312     
  
  
  
 For xq =         1600 
  
 RM48 INITIALIZED:        40           0         0



 INPUT PARAMETERS FOR VEGAS:  NDIM=  3  NCALL=   47775744.
                              IT=    0  ITMX=   10
                              MDS= -1   ND=  48
   1     -0.1976578E-01 0.5113E-03 -0.1976578E-01 0.5113E-03  0.000    
   2     -0.1875478E-01 0.1501E-03 -0.1884308E-01 0.1473E-03  3.756    
   3     -0.1878013E-01 0.1293E-03 -0.1880832E-01 0.9774E-04  1.961    
   4     -0.1903629E-01 0.1271E-03 -0.1889262E-01 0.7753E-04  1.981    
   5     -0.1894609E-01 0.1253E-03 -0.1890727E-01 0.6596E-04  1.523    
   6     -0.1881580E-01 0.1243E-03 -0.1888757E-01 0.5830E-04  1.307    
   7     -0.1900336E-01 0.1255E-03 -0.1890810E-01 0.5287E-04  1.206    
   8     -0.1909451E-01 0.1255E-03 -0.1893640E-01 0.4872E-04  1.302    
   9     -0.1883945E-01 0.1254E-03 -0.1892391E-01 0.4542E-04  1.206    
  10     -0.1871623E-01 0.1242E-03 -0.1890005E-01 0.4267E-04  1.343    



 INPUT PARAMETERS FOR VEGAS:  NDIM=  3  NCALL=  485941248.
                              IT=    0  ITMX=   20
                              MDS= -1   ND=  48
   1     -0.1890579E-01 0.3712E-04 -0.1890579E-01 0.3712E-04  0.000    
   2     -0.1888608E-01 0.3702E-04 -0.1889592E-01 0.2621E-04 0.1414    
   3     -0.1896950E-01 0.3723E-04 -0.1892043E-01 0.2143E-04  1.379    
   4     -0.1886286E-01 0.3699E-04 -0.1890602E-01 0.1854E-04  1.524    
   5     -0.1896152E-01 0.3714E-04 -0.1891715E-01 0.1659E-04  1.590    
   6     -0.1883972E-01 0.3704E-04 -0.1890430E-01 0.1514E-04  1.998    
   7     -0.1887573E-01 0.3714E-04 -0.1890024E-01 0.1402E-04  1.750    
   8     -0.1886736E-01 0.3707E-04 -0.1889614E-01 0.1311E-04  1.599    
   9     -0.1892597E-01 0.3719E-04 -0.1889944E-01 0.1237E-04  1.470    
  10     -0.1896303E-01 0.3715E-04 -0.1890583E-01 0.1173E-04  1.600    
  11     -0.1889982E-01 0.3707E-04 -0.1890528E-01 0.1119E-04  1.443    
  12     -0.1892656E-01 0.3724E-04 -0.1890705E-01 0.1071E-04  1.339    
  13     -0.1893255E-01 0.3718E-04 -0.1890901E-01 0.1030E-04  1.263    
  14     -0.1888157E-01 0.3701E-04 -0.1890704E-01 0.9919E-05  1.205    
  15     -0.1890668E-01 0.3707E-04 -0.1890702E-01 0.9582E-05  1.119    
  16     -0.1892252E-01 0.3710E-04 -0.1890799E-01 0.9278E-05  1.055    
  17     -0.1889067E-01 0.3709E-04 -0.1890697E-01 0.9000E-05  1.002    
  18     -0.1897346E-01 0.3718E-04 -0.1891068E-01 0.8748E-05  1.122    
  19     -0.1889257E-01 0.3714E-04 -0.1890973E-01 0.8515E-05  1.072    
  20     -0.1889766E-01 0.3724E-04 -0.1890913E-01 0.8300E-05  1.021    
   
   
 Integral virtual contribrtion:  -1.8909127419620728E-002 +-   8.3004448511544856E-006
 with chisq    =   1.0210592195678878     
  
  
  
 For xq =         1900 
  
 RM48 INITIALIZED:        40           0         0



 INPUT PARAMETERS FOR VEGAS:  NDIM=  3  NCALL=   47775744.
                              IT=    0  ITMX=   10
                              MDS= -1   ND=  48
   1     -0.2095225E-01 0.5284E-03 -0.2095225E-01 0.5284E-03  0.000    
   2     -0.2024986E-01 0.1656E-03 -0.2031670E-01 0.1603E-03  1.653    
   3     -0.2014475E-01 0.1441E-03 -0.2022354E-01 0.1077E-03  1.155    
   4     -0.2027690E-01 0.1420E-03 -0.2024282E-01 0.8589E-04 0.8031    
   5     -0.2020704E-01 0.1400E-03 -0.2023318E-01 0.7327E-04 0.6165    
   6     -0.2024871E-01 0.1405E-03 -0.2023647E-01 0.6498E-04 0.4960    
   7     -0.2024076E-01 0.1407E-03 -0.2023722E-01 0.5901E-04 0.4141    
   8     -0.2056559E-01 0.1416E-03 -0.2028676E-01 0.5445E-04  1.020    
   9     -0.2062647E-01 0.1420E-03 -0.2033130E-01 0.5083E-04  1.525    
  10     -0.2037155E-01 0.1421E-03 -0.2033586E-01 0.4786E-04  1.364    



 INPUT PARAMETERS FOR VEGAS:  NDIM=  3  NCALL=  485941248.
                              IT=    0  ITMX=   20
                              MDS= -1   ND=  48
   1     -0.2030086E-01 0.4262E-04 -0.2030086E-01 0.4262E-04  0.000    
   2     -0.2031154E-01 0.4248E-04 -0.2030622E-01 0.3009E-04 0.3151E-01
   3     -0.2036287E-01 0.4255E-04 -0.2032517E-01 0.2456E-04 0.6077    
   4     -0.2031126E-01 0.4241E-04 -0.2032168E-01 0.2126E-04 0.4322    
   5     -0.2034354E-01 0.4267E-04 -0.2032603E-01 0.1903E-04 0.3766    
   6     -0.2022729E-01 0.4247E-04 -0.2030966E-01 0.1736E-04  1.196    
   7     -0.2025180E-01 0.4246E-04 -0.2030141E-01 0.1607E-04  1.262    
   8     -0.2027805E-01 0.4247E-04 -0.2029849E-01 0.1503E-04  1.120    
   9     -0.2032070E-01 0.4252E-04 -0.2030096E-01 0.1417E-04  1.010    
  10     -0.2027976E-01 0.4254E-04 -0.2029885E-01 0.1345E-04 0.9226    
  11     -0.2036224E-01 0.4269E-04 -0.2030460E-01 0.1282E-04  1.032    
  12     -0.2040259E-01 0.4269E-04 -0.2031278E-01 0.1228E-04  1.380    
  13     -0.2028190E-01 0.4246E-04 -0.2031040E-01 0.1180E-04  1.306    
  14     -0.2033931E-01 0.4253E-04 -0.2031248E-01 0.1137E-04  1.238    
  15     -0.2026401E-01 0.4244E-04 -0.2030925E-01 0.1098E-04  1.237    
  16     -0.2031098E-01 0.4254E-04 -0.2030935E-01 0.1063E-04  1.154    
  17     -0.2031256E-01 0.4255E-04 -0.2030954E-01 0.1032E-04  1.082    
  18     -0.2040095E-01 0.4251E-04 -0.2031467E-01 0.1003E-04  1.277    
  19     -0.2032024E-01 0.4248E-04 -0.2031496E-01 0.9757E-05  1.207    
  20     -0.2028149E-01 0.4247E-04 -0.2031329E-01 0.9509E-05  1.175    
   
   
 Integral virtual contribrtion:  -2.0313291006204673E-002 +-   9.5094103173273562E-006
 with chisq    =   1.1746742786401383     
  
  
  
 For xq =         2200 
  
 RM48 INITIALIZED:        40           0         0



 INPUT PARAMETERS FOR VEGAS:  NDIM=  3  NCALL=   47775744.
                              IT=    0  ITMX=   10
                              MDS= -1   ND=  48
   1     -0.2291149E-01 0.5712E-03 -0.2291149E-01 0.5712E-03  0.000    
   2     -0.2307577E-01 0.1908E-03 -0.2305950E-01 0.1805E-03 0.7398E-01
   3     -0.2298063E-01 0.1699E-03 -0.2301770E-01 0.1237E-03 0.8763E-01
   4     -0.2340898E-01 0.1702E-03 -0.2315612E-01 0.9989E-04  1.227    
   5     -0.2314551E-01 0.1665E-03 -0.2315330E-01 0.8565E-04 0.9202    
   6     -0.2296501E-01 0.1653E-03 -0.2311384E-01 0.7607E-04 0.9406    
   7     -0.2352406E-01 0.1671E-03 -0.2318650E-01 0.6920E-04  1.633    
   8     -0.2318157E-01 0.1673E-03 -0.2318578E-01 0.6394E-04  1.400    
   9     -0.2343954E-01 0.1682E-03 -0.2321854E-01 0.5975E-04  1.475    
  10     -0.2318864E-01 0.1671E-03 -0.2321515E-01 0.5627E-04  1.314    



 INPUT PARAMETERS FOR VEGAS:  NDIM=  3  NCALL=  485941248.
                              IT=    0  ITMX=   20
                              MDS= -1   ND=  48
   1     -0.2321417E-01 0.5083E-04 -0.2321417E-01 0.5083E-04  0.000    
   2     -0.2323393E-01 0.5059E-04 -0.2322410E-01 0.3586E-04 0.7594E-01
   3     -0.2312961E-01 0.5058E-04 -0.2319267E-01 0.2925E-04  1.196    
   4     -0.2318426E-01 0.5047E-04 -0.2319055E-01 0.2531E-04 0.8047    
   5     -0.2309972E-01 0.5045E-04 -0.2317241E-01 0.2262E-04  1.249    
   6     -0.2313060E-01 0.5045E-04 -0.2316543E-01 0.2064E-04  1.114    
   7     -0.2316086E-01 0.5055E-04 -0.2316478E-01 0.1911E-04 0.9294    
   8     -0.2318215E-01 0.5055E-04 -0.2316695E-01 0.1787E-04 0.8112    
   9     -0.2313326E-01 0.5055E-04 -0.2316322E-01 0.1685E-04 0.7593    
  10     -0.2307030E-01 0.5060E-04 -0.2315401E-01 0.1599E-04  1.011    
  11     -0.2318909E-01 0.5075E-04 -0.2315718E-01 0.1525E-04 0.9529    
  12     -0.2311837E-01 0.5051E-04 -0.2315395E-01 0.1460E-04 0.9155    
  13     -0.2314531E-01 0.5056E-04 -0.2315329E-01 0.1403E-04 0.8415    
  14     -0.2325727E-01 0.5062E-04 -0.2316076E-01 0.1352E-04  1.080    
  15     -0.2322941E-01 0.5068E-04 -0.2316535E-01 0.1306E-04  1.126    
  16     -0.2328239E-01 0.5080E-04 -0.2317267E-01 0.1265E-04  1.385    
  17     -0.2326221E-01 0.5081E-04 -0.2317794E-01 0.1227E-04  1.482    
  18     -0.2318873E-01 0.5053E-04 -0.2317854E-01 0.1193E-04  1.397    
  19     -0.2312039E-01 0.5044E-04 -0.2317547E-01 0.1161E-04  1.389    
  20     -0.2310160E-01 0.5054E-04 -0.2317180E-01 0.1131E-04  1.423    
   
   
 Integral virtual contribrtion:  -2.3171795640433073E-002 +-   1.1312533586994906E-005
 with chisq    =   1.4227446637234533     
  
  
  
 For xq =         2500 
  
 RM48 INITIALIZED:        40           0         0



 INPUT PARAMETERS FOR VEGAS:  NDIM=  3  NCALL=   47775744.
                              IT=    0  ITMX=   10
                              MDS= -1   ND=  48
   1     -0.8629164E-01 0.2991E-02 -0.8629164E-01 0.2991E-02  0.000    
   2     -0.8452622E-01 0.1046E-02 -0.8472595E-01 0.9958E-03 0.3154    
   3     -0.8587868E-01 0.9423E-03 -0.8533718E-01 0.6837E-03 0.5111    
   4     -0.8365481E-01 0.9202E-03 -0.8475610E-01 0.5501E-03  1.049    
   5     -0.8446967E-01 0.9290E-03 -0.8468255E-01 0.4736E-03 0.8068    
   6     -0.8514316E-01 0.9265E-03 -0.8477827E-01 0.4216E-03 0.6843    
   7     -0.8555494E-01 0.9223E-03 -0.8491398E-01 0.3834E-03 0.6678    
   8     -0.8385107E-01 0.9225E-03 -0.8476126E-01 0.3541E-03 0.7328    
   9     -0.8517696E-01 0.9264E-03 -0.8481453E-01 0.3308E-03 0.6629    
  10     -0.8500765E-01 0.9246E-03 -0.8483647E-01 0.3114E-03 0.5934    



 INPUT PARAMETERS FOR VEGAS:  NDIM=  3  NCALL=  485941248.
                              IT=    0  ITMX=   20
                              MDS= -1   ND=  48
   1     -0.8495068E-01 0.2840E-03 -0.8495068E-01 0.2840E-03  0.000    
   2     -0.8549856E-01 0.2856E-03 -0.8522484E-01 0.2014E-03  1.850    
   3     -0.8459038E-01 0.2828E-03 -0.8501344E-01 0.1640E-03  2.592    
   4     -0.8517674E-01 0.2848E-03 -0.8505424E-01 0.1421E-03  1.809    
   5     -0.8510672E-01 0.2844E-03 -0.8506474E-01 0.1271E-03  1.363    
   6     -0.8502276E-01 0.2858E-03 -0.8505781E-01 0.1162E-03  1.094    
   7     -0.8498471E-01 0.2837E-03 -0.8504733E-01 0.1075E-03 0.9214    
   8     -0.8482221E-01 0.2839E-03 -0.8501923E-01 0.1005E-03 0.8686    
   9     -0.8484237E-01 0.2842E-03 -0.8499963E-01 0.9479E-04 0.8032    
  10     -0.8498798E-01 0.2833E-03 -0.8499846E-01 0.8989E-04 0.7142    
  11     -0.8492218E-01 0.2837E-03 -0.8499151E-01 0.8569E-04 0.6494    
  12     -0.8500912E-01 0.2837E-03 -0.8499299E-01 0.8203E-04 0.5907    
  13     -0.8507562E-01 0.2829E-03 -0.8499941E-01 0.7879E-04 0.5479    
  14     -0.8485752E-01 0.2836E-03 -0.8498927E-01 0.7591E-04 0.5237    
  15     -0.8479354E-01 0.2820E-03 -0.8497610E-01 0.7330E-04 0.5184    
  16     -0.8484941E-01 0.2842E-03 -0.8496822E-01 0.7098E-04 0.4964    
  17     -0.8494107E-01 0.2841E-03 -0.8496662E-01 0.6886E-04 0.4659    
  18     -0.8487573E-01 0.2832E-03 -0.8496156E-01 0.6691E-04 0.4442    
  19     -0.8492425E-01 0.2836E-03 -0.8495960E-01 0.6512E-04 0.4205    
  20     -0.8516798E-01 0.2849E-03 -0.8496999E-01 0.6349E-04 0.4251    
   
   
 Integral virtual contribrtion:  -8.4969991992721691E-002 +-   6.3487075328568657E-005
 with chisq    =  0.42514413611601182     
  
  
  
    xq         Integral virtual contribrtion                 error
    100     -0.102547864195402E-03      0.106405435251363E-07
    400     -0.354307327302808E-02      0.890963283734434E-06
    700     -0.914934555493115E-02      0.299012020317131E-05
   1000     -0.138930568927239E-01      0.528304935935891E-05
   1300     -0.170303840256508E-01      0.712176258522341E-05
   1600     -0.189091274196207E-01      0.830044485115449E-05
   1900     -0.203132910062047E-01      0.950941031732736E-05
   2200     -0.231717956404331E-01      0.113125335869949E-04
   2500     -0.849699919927217E-01      0.634870753285687E-04
Thanks for using LHAPDF 6.5.4. Please make sure to cite the paper:
  Eur.Phys.J. C75 (2015) 3, 132  (http://arxiv.org/abs/1412.7420)
