  F1 2 5  2 1  1 -1 1
   1
    F1 2 5  2 0  1 0 1
     1/2*s
;
  F1 2 5  2 2  1 -2 1
   1
    F1 2 5  2 0  1 0 1
     -1/4*d*s^2*(-1+d)^(-1)
;
  F1 2 5  2 3  1 -3 1
   1
    F1 2 5  2 0  1 0 1
     1/8*s*(-1+d)^(-1)*(2*s^2+d*s^2)
;
  F1 2 5  2 4  1 -4 1
   1
    F1 2 5  2 0  1 0 1
     -1/16*(d^2*s^3+8*s^3+6*d*s^3)*s*(-1+d)^(-1)*(1+d)^(-1)
;
  F1 2 5  2 5  1 -5 1
   1
    F1 2 5  2 0  1 0 1
     1/32*(10*d*s^4+d^2*s^4+24*s^4)*s*(-1+d)^(-1)*(1+d)^(-1)
;
  F1 2 5  3 0  2 0 1
   1
    F1 2 5  2 0  1 0 1
     s^(-1)*(-3+d)
;
  F1 2 5  3 0  1 0 2
   1
    F1 2 5  2 0  1 0 1
     s^(-1)*(-3+d)
;
  F1 2 5  3 1  2 -1 1
   1
    F1 2 5  2 0  1 0 1
     1-1/2*d
;
  F1 2 5  3 1  1 -1 2
   1
    F1 2 5  2 0  1 0 1
     1-1/2*d
;
  F1 2 5  3 2  2 -2 1
   1
    F1 2 5  2 0  1 0 1
     1/4*d*s
;
  F1 2 5  3 2  1 -2 2
   1
    F1 2 5  2 0  1 0 1
     1/4*d*s
;
  F1 2 5  3 3  2 -3 1
   1
    F1 2 5  2 0  1 0 1
     -1/8*(-1+d)^(-1)*(d^2*s^2+2*d*s^2)
;
  F1 2 5  3 3  1 -3 2
   1
    F1 2 5  2 0  1 0 1
     -1/8*(-1+d)^(-1)*(d^2*s^2+2*d*s^2)
;
  F1 2 5  3 4  2 -4 1
   1
    F1 2 5  2 0  1 0 1
     1/16*(d^2*s^3+8*s^3+6*d*s^3)*(-1+d)^(-1)
;
  F1 2 5  3 4  1 -4 2
   1
    F1 2 5  2 0  1 0 1
     1/16*(d^2*s^3+8*s^3+6*d*s^3)*(-1+d)^(-1)
;
  F1 2 5  3 5  2 -5 1
   1
    F1 2 5  2 0  1 0 1
     -1/32*(-1+d)^(-1)*(44*d*s^4+d^3*s^4+12*d^2*s^4+48*s^4)*(1+d)^(-1)
;
  F1 2 5  3 5  1 -5 2
   1
    F1 2 5  2 0  1 0 1
     -1/32*(10*d*s^4+d^2*s^4+24*s^4)*(-1+d)^(-1)*(2+d)*(1+d)^(-1)
;
  F1 2 5  3 6  1 -6 2
   1
    F1 2 5  3 6  2 -6 1
     1
    F1 2 5  2 0  1 0 1
     1/32*(10*d*s^4+d^2*s^4+24*s^4)*s*(-1+d)^(-1)*(1+d)^(-1)*(8+d)
;
  F1 2 5  4 0  3 0 1
   1
    F1 2 5  2 0  1 0 1
     1/2*s^(-2)*(-12+7*d-d^2)
;
  F1 2 5  4 0  2 0 2
   1
    F1 2 5  2 0  1 0 1
     (-18+9*d-d^2)*s^(-2)
;
  F1 2 5  4 0  1 0 3
   1
    F1 2 5  2 0  1 0 1
     -1/2*s^(-2)*(-4+d)*(-3+d)
;
  F1 2 5  4 1  3 -1 1
   1
    F1 2 5  2 0  1 0 1
     -1/4*s^(-1)*(-6+5*d-d^2)
;
  F1 2 5  4 1  2 -1 2
   1
    F1 2 5  2 0  1 0 1
     -1/2*s^(-1)*(-12+7*d-d^2)
;
  F1 2 5  4 1  1 -1 3
   1
    F1 2 5  2 0  1 0 1
     1/4*s^(-1)*(-2+d)*(-3+d)
;
  F1 2 5  4 2  3 -2 1
   1
    F1 2 5  2 0  1 0 1
     1/4*d-1/8*d^2
;
  F1 2 5  4 2  2 -2 2
   1
    F1 2 5  2 0  1 0 1
     -1+d-1/4*d^2
;
  F1 2 5  4 2  1 -2 3
   1
    F1 2 5  2 0  1 0 1
     1/4*d-1/8*d^2
;
  F1 2 5  4 3  3 -3 1
   1
    F1 2 5  2 0  1 0 1
     1/16*d^2*s+1/8*d*s
;
  F1 2 5  4 3  2 -3 2
   1
    F1 2 5  2 0  1 0 1
     1/8*d^2*s
;
  F1 2 5  4 3  1 -3 3
   1
    F1 2 5  2 0  1 0 1
     1/16*d^2*s+1/8*d*s
;
  F1 2 5  4 4  3 -4 1
   1
    F1 2 5  2 0  1 0 1
     -1/32*(-1+d)^(-1)*(6*d^2*s^2+d^3*s^2+8*d*s^2)
;
  F1 2 5  4 4  2 -4 2
   1
    F1 2 5  2 0  1 0 1
     -1/16*(-1+d)^(-1)*(4*d^2*s^2+d^3*s^2+4*d*s^2)
;
  F1 2 5  4 4  1 -4 3
   1
    F1 2 5  2 0  1 0 1
     -1/32*d*(-1+d)^(-1)*(d^2*s^2+8*s^2+6*d*s^2)
;
  F1 2 5  4 5  3 -5 1
   1
    F1 2 5  2 0  1 0 1
     1/64*(-1+d)^(-1)*(12*d^2*s^3+48*s^3+d^3*s^3+44*d*s^3)
;
  F1 2 5  4 5  2 -5 2
   1
    F1 2 5  2 0  1 0 1
     1/32*(-1+d)^(-1)*(10*d^2*s^3+32*s^3+d^3*s^3+32*d*s^3)
;
  F1 2 5  4 5  1 -5 3
   1
    F1 2 5  2 0  1 0 1
     1/64*(-1+d)^(-1)*(12*d^2*s^3+48*s^3+d^3*s^3+44*d*s^3)
;
  F1 2 5  4 6  2 -6 2
   1
    F1 2 5  4 6  3 -6 1
     2
    F1 2 5  2 0  1 0 1
     -1/32*(-1+d)^(-1)*(356*d*s^4+d^4*s^4+19*d^3*s^4+128*d^2*s^4+336*s^4)*(1+d)^(-1)
;
  F1 2 5  4 6  1 -6 3
   1
    F1 2 5  4 6  3 -6 1
     -1
;
