   1000.0000000000000       -7.3381566725367400E-008   5.5924964065028308E-011
   100.00000000000000       -3.4665216342675679E-003   1.2420573398462040E-006
   200.00000000000000       -1.8535589907788577E-004   8.6975199963127988E-008
   300.00000000000000       -3.0574512446253104E-005   1.6192191708713627E-008
   400.00000000000000       -8.0908854757688940E-006   4.6715443652567483E-009
   500.00000000000000       -2.7735417625610199E-006   1.7059994984511731E-009
   600.00000000000000       -1.1230638152497706E-006   7.3069465586505219E-010
   700.00000000000000       -5.0906596114646682E-007   3.5208245342968928E-010
   800.00000000000000       -2.5158872303621046E-007   1.7901368737002025E-010
   900.00000000000000       -1.3246821268448044E-007   9.7273593646976476E-011
   1000.0000000000000       -7.3381566725367400E-008   5.5924964065028308E-011
   1100.0000000000000       -4.2245615068515132E-008   3.2714161903625078E-011
   1200.0000000000000       -2.5151674379852548E-008   2.0037045492343393E-011
   1300.0000000000000       -1.5444080620266770E-008   1.2665238362583625E-011
   1400.0000000000000       -9.6862380901726175E-009   8.0306489116050048E-012
   1500.0000000000000       -6.2096211678175141E-009   5.0687414312879730E-012
   1600.0000000000000       -4.0564189668348051E-009   3.5071063670433900E-012
   1700.0000000000000       -2.6853553089567031E-009   2.3464368111591734E-012
   1800.0000000000000       -1.8019771917354641E-009   1.5829324247508025E-012
   1900.0000000000000       -1.2242012320387151E-009   1.1332076429960265E-012
   2000.0000000000000       -8.3927891126216721E-010   8.1084476934499927E-013
   2100.0000000000000       -5.8088224872504590E-010   5.4342316146088861E-013
   2200.0000000000000       -4.0605087576730145E-010   3.6901668337598502E-013
   2300.0000000000000       -2.8535219720123014E-010   2.5835941959358078E-013
   2400.0000000000000       -2.0207656113165757E-010   1.8546342144406410E-013
   2500.0000000000000       -1.4396020808422710E-010   1.3279892371873877E-013
   2600.0000000000000       -1.0331597156926479E-010   9.7820806794129448E-014
   2700.0000000000000       -7.4146603798812202E-011   7.1470159082947715E-014
   2800.0000000000000       -5.3676983345384624E-011   5.0764656306642399E-014
   2900.0000000000000       -3.8861503063096119E-011   3.7137940816276919E-014
   3000.0000000000000       -2.8272962606312743E-011   2.8778299974595771E-014
 Directory not found ../summary/run_07                                                                                   
 Making new directory..
/home/niraj/OneDrive/WorkSpaceIITG/Generalfiles/integrators/DY1/DrellYan/summary/run_07
 Directory constructed successfully🤩
  
 Writing your data in ../summary/run_07/real.dat
LHAPDF 6.5.4 loading /home/niraj/1TB-Disc/Workspace-IITG/Packages/Install/LHAPDF-6.5.4/install/share/LHAPDF/MMHT2014nlo68cl/MMHT2014nlo68cl_0000.dat
MMHT2014nlo68cl PDF set, member #0, version 3; LHAPDF ID = 25100
   
   ----------------------------------
   |Initializing Dipole Subtraction  |
   ----------------------------------
  
  
  
 ~~~~~~~~~~~~~~~~~~~~~~~~~~~~~~~~~~~~~~~~
Using Vegas points:                   5.E+07
         Iteration:                   10
 ~~~~~~~~~~~~~~~~~~~~~~~~~~~~~~~~~~~~~~~~
  
 For xq =          100 
  
 RM48 INITIALIZED:        40           0         0



 INPUT PARAMETERS FOR VEGAS:  NDIM=  6  NCALL=   48275138.
                              IT=    0  ITMX=   10
                              MDS=  1   ND=  50
   1     -0.3676440E-02 0.2162E-03 -0.3676440E-02 0.2162E-03  0.000    
   2     -0.3380669E-02 0.4927E-04 -0.3397784E-02 0.4996E-04  1.911    
   3     -0.3509516E-02 0.2866E-04 -0.3481579E-02 0.2493E-04  2.843    
   4     -0.3492977E-02 0.2018E-04 -0.3488416E-02 0.1573E-04  1.946    
   5     -0.3469412E-02 0.1801E-04 -0.3480314E-02 0.1189E-04  1.623    
   6     -0.3441623E-02 0.1696E-04 -0.3467892E-02 0.9764E-05  1.991    
   7     -0.3484107E-02 0.1669E-04 -0.3472006E-02 0.8430E-05  1.778    
   8     -0.3462446E-02 0.1634E-04 -0.3470026E-02 0.7498E-05  1.566    
   9     -0.3466165E-02 0.1650E-04 -0.3469373E-02 0.6829E-05  1.378    
  10     -0.3461537E-02 0.1631E-04 -0.3468219E-02 0.6302E-05  1.248    



 INPUT PARAMETERS FOR VEGAS:  NDIM=  6  NCALL=  488281250.
                              IT=    0  ITMX=   20
                              MDS= -1   ND=  25
   1     -0.3456634E-02 0.5446E-05 -0.3456634E-02 0.5446E-05  0.000    
   2     -0.3461500E-02 0.5644E-05 -0.3458983E-02 0.3919E-05 0.3850    
   3     -0.3462784E-02 0.5990E-05 -0.3460124E-02 0.3280E-05 0.3334    
   4     -0.3470409E-02 0.5467E-05 -0.3462857E-02 0.2812E-05  1.092    
   5     -0.3472888E-02 0.5492E-05 -0.3464951E-02 0.2503E-05  1.481    
   6     -0.3453798E-02 0.5681E-05 -0.3463147E-02 0.2291E-05  1.829    
   7     -0.3465103E-02 0.5381E-05 -0.3463448E-02 0.2108E-05  1.542    
   8     -0.3463477E-02 0.5421E-05 -0.3463451E-02 0.1964E-05  1.322    
   9     -0.3461894E-02 0.5417E-05 -0.3463271E-02 0.1847E-05  1.166    
  10     -0.3470755E-02 0.6089E-05 -0.3463903E-02 0.1767E-05  1.190    
  11     -0.3471512E-02 0.5368E-05 -0.3464650E-02 0.1679E-05  1.253    
  12     -0.3465421E-02 0.5421E-05 -0.3464718E-02 0.1603E-05  1.140    
  13     -0.3465094E-02 0.5431E-05 -0.3464748E-02 0.1538E-05  1.046    
  14     -0.3466579E-02 0.5402E-05 -0.3464885E-02 0.1479E-05 0.9734    
  15     -0.3469647E-02 0.5537E-05 -0.3465203E-02 0.1429E-05 0.9532    
  16     -0.3478316E-02 0.5714E-05 -0.3465981E-02 0.1386E-05  1.222    
  17     -0.3473306E-02 0.6271E-05 -0.3466324E-02 0.1354E-05  1.227    
  18     -0.3467872E-02 0.5386E-05 -0.3466416E-02 0.1313E-05  1.159    
  19     -0.3467719E-02 0.5449E-05 -0.3466487E-02 0.1276E-05  1.098    
  20     -0.3467138E-02 0.5399E-05 -0.3466522E-02 0.1242E-05  1.041    
   
   
 Integral [real-dipole]:  -3.4665216342675679E-003 +-   1.2420573398462040E-006
 with chisq    =   1.0406866584884309     
  
  
  
 For xq =          200 
  
 RM48 INITIALIZED:        40           0         0



 INPUT PARAMETERS FOR VEGAS:  NDIM=  6  NCALL=   48275138.
                              IT=    0  ITMX=   10
                              MDS=  1   ND=  50
   1     -0.1788663E-03 0.8005E-05 -0.1788663E-03 0.8005E-05  0.000    
   2     -0.1839973E-03 0.2371E-05 -0.1836046E-03 0.2247E-05 0.3687    
   3     -0.1856619E-03 0.1477E-05 -0.1850608E-03 0.1224E-05 0.4737    
   4     -0.1839919E-03 0.1246E-05 -0.1845326E-03 0.8718E-06 0.4401    
   5     -0.1845214E-03 0.1643E-05 -0.1845301E-03 0.7700E-06 0.3291    
   6     -0.1856436E-03 0.1432E-05 -0.1847846E-03 0.6777E-06 0.3574    
   7     -0.1855798E-03 0.1167E-05 -0.1849879E-03 0.5855E-06 0.3555    
   8     -0.1853500E-03 0.1130E-05 -0.1850655E-03 0.5195E-06 0.3158    
   9     -0.1857439E-03 0.1124E-05 -0.1851864E-03 0.4714E-06 0.3138    
  10     -0.1865589E-03 0.1116E-05 -0.1853983E-03 0.4340E-06 0.4234    



 INPUT PARAMETERS FOR VEGAS:  NDIM=  6  NCALL=  488281250.
                              IT=    0  ITMX=   20
                              MDS= -1   ND=  25
   1     -0.1861212E-03 0.3782E-06 -0.1861212E-03 0.3782E-06  0.000    
   2     -0.1854939E-03 0.4030E-06 -0.1858285E-03 0.2757E-06  1.288    
   3     -0.1850844E-03 0.3780E-06 -0.1855713E-03 0.2228E-06  1.907    
   4     -0.1865585E-03 0.5544E-06 -0.1857098E-03 0.2068E-06  2.184    
   5     -0.1853022E-03 0.3816E-06 -0.1856177E-03 0.1819E-06  1.860    
   6     -0.1849420E-03 0.3805E-06 -0.1854929E-03 0.1641E-06  2.000    
   7     -0.1854271E-03 0.3945E-06 -0.1854832E-03 0.1515E-06  1.671    
   8     -0.1851057E-03 0.3802E-06 -0.1854317E-03 0.1407E-06  1.555    
   9     -0.1849906E-03 0.3746E-06 -0.1853774E-03 0.1318E-06  1.512    
  10     -0.1853082E-03 0.3857E-06 -0.1853702E-03 0.1247E-06  1.348    
  11     -0.1854379E-03 0.3753E-06 -0.1853769E-03 0.1183E-06  1.216    
  12     -0.1853411E-03 0.3757E-06 -0.1853737E-03 0.1129E-06  1.106    
  13     -0.1849228E-03 0.3842E-06 -0.1853380E-03 0.1083E-06  1.120    
  14     -0.1852301E-03 0.4315E-06 -0.1853316E-03 0.1050E-06  1.038    
  15     -0.1853883E-03 0.3935E-06 -0.1853354E-03 0.1015E-06 0.9653    
  16     -0.1850350E-03 0.3736E-06 -0.1853148E-03 0.9793E-07 0.9412    
  17     -0.1851709E-03 0.3836E-06 -0.1853061E-03 0.9489E-07 0.8907    
  18     -0.1860895E-03 0.3718E-06 -0.1853543E-03 0.9194E-07  1.085    
  19     -0.1854011E-03 0.3857E-06 -0.1853568E-03 0.8943E-07  1.025    
  20     -0.1853394E-03 0.3736E-06 -0.1853559E-03 0.8698E-07 0.9716    
   
   
 Integral [real-dipole]:  -1.8535589907788577E-004 +-   8.6975199963127988E-008
 with chisq    =  0.97158139426353618     
  
  
  
 For xq =          300 
  
 RM48 INITIALIZED:        40           0         0



 INPUT PARAMETERS FOR VEGAS:  NDIM=  6  NCALL=   48275138.
                              IT=    0  ITMX=   10
                              MDS=  1   ND=  50
   1     -0.3882931E-04 0.8443E-05 -0.3882931E-04 0.8443E-05  0.000    
   2     -0.2903292E-04 0.1220E-05 -0.2938583E-04 0.1415E-05  1.665    
   3     -0.3123262E-04 0.3489E-06 -0.3110655E-04 0.3590E-06  1.724    
   4     -0.3045269E-04 0.2435E-06 -0.3068464E-04 0.2094E-06  1.942    
   5     -0.3038765E-04 0.2198E-06 -0.3055370E-04 0.1545E-06  1.724    
   6     -0.3069556E-04 0.2138E-06 -0.3059942E-04 0.1262E-06  1.455    
   7     -0.3048939E-04 0.2115E-06 -0.3057244E-04 0.1090E-06  1.260    
   8     -0.3055954E-04 0.2097E-06 -0.3056986E-04 0.9702E-07  1.090    
   9     -0.3035431E-04 0.2073E-06 -0.3053358E-04 0.8810E-07  1.067    
  10     -0.3049855E-04 0.2110E-06 -0.3052865E-04 0.8142E-07 0.9563    



 INPUT PARAMETERS FOR VEGAS:  NDIM=  6  NCALL=  488281250.
                              IT=    0  ITMX=   20
                              MDS= -1   ND=  25
   1     -0.3070847E-04 0.7190E-07 -0.3070847E-04 0.7190E-07  0.000    
   2     -0.3049214E-04 0.7275E-07 -0.3060234E-04 0.5114E-07  4.473    
   3     -0.3067219E-04 0.7963E-07 -0.3062280E-04 0.4303E-07  2.506    
   4     -0.3061436E-04 0.7174E-07 -0.3062057E-04 0.3690E-07  1.674    
   5     -0.3062206E-04 0.7050E-07 -0.3062089E-04 0.3269E-07  1.256    
   6     -0.3056482E-04 0.7060E-07 -0.3061102E-04 0.2967E-07  1.109    
   7     -0.3063857E-04 0.7217E-07 -0.3061501E-04 0.2744E-07 0.9446    
   8     -0.3058759E-04 0.7486E-07 -0.3061177E-04 0.2576E-07 0.8267    
   9     -0.3065743E-04 0.7248E-07 -0.3061690E-04 0.2428E-07 0.7673    
  10     -0.3046748E-04 0.7624E-07 -0.3060327E-04 0.2313E-07  1.067    
  11     -0.3046229E-04 0.7019E-07 -0.3058957E-04 0.2197E-07  1.322    
  12     -0.3054153E-04 0.7574E-07 -0.3058586E-04 0.2110E-07  1.236    
  13     -0.3052913E-04 0.7111E-07 -0.3058128E-04 0.2023E-07  1.182    
  14     -0.3051492E-04 0.7331E-07 -0.3057660E-04 0.1950E-07  1.150    
  15     -0.3050272E-04 0.7123E-07 -0.3057148E-04 0.1881E-07  1.139    
  16     -0.3053555E-04 0.7064E-07 -0.3056910E-04 0.1817E-07  1.080    
  17     -0.3060693E-04 0.7229E-07 -0.3057136E-04 0.1763E-07  1.028    
  18     -0.3070456E-04 0.7040E-07 -0.3057928E-04 0.1710E-07  1.167    
  19     -0.3059047E-04 0.7010E-07 -0.3057991E-04 0.1661E-07  1.103    
  20     -0.3047074E-04 0.7259E-07 -0.3057451E-04 0.1619E-07  1.158    
   
   
 Integral [real-dipole]:  -3.0574512446253104E-005 +-   1.6192191708713627E-008
 with chisq    =   1.1579799020826498     
  
  
  
 For xq =          400 
  
 RM48 INITIALIZED:        40           0         0



 INPUT PARAMETERS FOR VEGAS:  NDIM=  6  NCALL=   48275138.
                              IT=    0  ITMX=   10
                              MDS=  1   ND=  50
   1     -0.7911889E-05 0.4369E-06 -0.7911889E-05 0.4369E-06  0.000    
   2     -0.8159818E-05 0.1434E-06 -0.8137032E-05 0.1345E-06 0.2834    
   3     -0.8113445E-05 0.9708E-07 -0.8121419E-05 0.7848E-07 0.1509    
   4     -0.8199319E-05 0.7408E-07 -0.8163270E-05 0.5362E-07 0.2747    
   5     -0.8022190E-05 0.6583E-07 -0.8107633E-05 0.4165E-07 0.8919    
   6     -0.8092519E-05 0.6232E-07 -0.8102958E-05 0.3462E-07 0.7213    
   7     -0.8163419E-05 0.6131E-07 -0.8117796E-05 0.3012E-07 0.7238    
   8     -0.8175329E-05 0.6242E-07 -0.8128836E-05 0.2711E-07 0.7186    
   9     -0.8090976E-05 0.6383E-07 -0.8123069E-05 0.2495E-07 0.6662    
  10     -0.8120159E-05 0.6132E-07 -0.8122654E-05 0.2311E-07 0.5922    



 INPUT PARAMETERS FOR VEGAS:  NDIM=  6  NCALL=  488281250.
                              IT=    0  ITMX=   20
                              MDS= -1   ND=  25
   1     -0.8157139E-05 0.2137E-07 -0.8157139E-05 0.2137E-07  0.000    
   2     -0.8087454E-05 0.2042E-07 -0.8121007E-05 0.1477E-07  5.561    
   3     -0.8096525E-05 0.2110E-07 -0.8112993E-05 0.1210E-07  3.237    
   4     -0.8081303E-05 0.2038E-07 -0.8104787E-05 0.1040E-07  2.756    
   5     -0.8098808E-05 0.2021E-07 -0.8103536E-05 0.9250E-08  2.085    
   6     -0.8064275E-05 0.2150E-07 -0.8097453E-05 0.8496E-08  2.230    
   7     -0.8099186E-05 0.2158E-07 -0.8097686E-05 0.7906E-08  1.859    
   8     -0.8086874E-05 0.2034E-07 -0.8096270E-05 0.7369E-08  1.629    
   9     -0.8108706E-05 0.2043E-07 -0.8097706E-05 0.6932E-08  1.466    
  10     -0.8099347E-05 0.2038E-07 -0.8097876E-05 0.6562E-08  1.304    
  11     -0.8081575E-05 0.2309E-07 -0.8096662E-05 0.6312E-08  1.220    
  12     -0.8093567E-05 0.2112E-07 -0.8096409E-05 0.6048E-08  1.111    
  13     -0.8073720E-05 0.2037E-07 -0.8094581E-05 0.5798E-08  1.113    
  14     -0.8066092E-05 0.2065E-07 -0.8092512E-05 0.5582E-08  1.163    
  15     -0.8080933E-05 0.2026E-07 -0.8091697E-05 0.5381E-08  1.102    
  16     -0.8071276E-05 0.2215E-07 -0.8090565E-05 0.5229E-08  1.082    
  17     -0.8067279E-05 0.2140E-07 -0.8089259E-05 0.5080E-08  1.084    
  18     -0.8123406E-05 0.2061E-07 -0.8091230E-05 0.4932E-08  1.173    
  19     -0.8110550E-05 0.2062E-07 -0.8092280E-05 0.4797E-08  1.154    
  20     -0.8065032E-05 0.2058E-07 -0.8090885E-05 0.4672E-08  1.181    
   
   
 Integral [real-dipole]:  -8.0908854757688940E-006 +-   4.6715443652567483E-009
 with chisq    =   1.1806335969580168     
  
  
  
 For xq =          500 
  
 RM48 INITIALIZED:        40           0         0



 INPUT PARAMETERS FOR VEGAS:  NDIM=  6  NCALL=   48275138.
                              IT=    0  ITMX=   10
                              MDS=  1   ND=  50
   1     -0.2918575E-05 0.1157E-06 -0.2918575E-05 0.1157E-06  0.000    
   2     -0.2775579E-05 0.3530E-07 -0.2788931E-05 0.3449E-07  1.455    
   3     -0.2798664E-05 0.2834E-07 -0.2794658E-05 0.2200E-07 0.7598    
   4     -0.2749842E-05 0.2416E-07 -0.2774996E-05 0.1636E-07  1.130    
   5     -0.2745758E-05 0.2298E-07 -0.2765465E-05 0.1337E-07  1.118    
   6     -0.2801879E-05 0.2275E-07 -0.2774835E-05 0.1153E-07  1.275    
   7     -0.2791032E-05 0.2267E-07 -0.2778147E-05 0.1028E-07  1.131    
   8     -0.2811774E-05 0.2339E-07 -0.2783634E-05 0.9406E-08  1.217    
   9     -0.2797618E-05 0.2315E-07 -0.2785613E-05 0.8715E-08  1.105    
  10     -0.2805463E-05 0.2251E-07 -0.2788210E-05 0.8126E-08  1.057    



 INPUT PARAMETERS FOR VEGAS:  NDIM=  6  NCALL=  488281250.
                              IT=    0  ITMX=   20
                              MDS= -1   ND=  25
   1     -0.2766922E-05 0.7485E-08 -0.2766922E-05 0.7485E-08  0.000    
   2     -0.2785157E-05 0.8269E-08 -0.2775194E-05 0.5551E-08  2.675    
   3     -0.2775693E-05 0.7567E-08 -0.2775369E-05 0.4476E-08  1.339    
   4     -0.2784381E-05 0.7455E-08 -0.2777767E-05 0.3837E-08  1.250    
   5     -0.2766119E-05 0.7617E-08 -0.2775425E-05 0.3427E-08  1.403    
   6     -0.2776646E-05 0.7531E-08 -0.2775635E-05 0.3119E-08  1.127    
   7     -0.2766277E-05 0.7690E-08 -0.2774320E-05 0.2890E-08  1.151    
   8     -0.2768746E-05 0.7407E-08 -0.2773586E-05 0.2693E-08  1.057    
   9     -0.2778284E-05 0.7563E-08 -0.2774116E-05 0.2537E-08 0.9674    
  10     -0.2775962E-05 0.7982E-08 -0.2774286E-05 0.2418E-08 0.8652    
  11     -0.2764400E-05 0.7521E-08 -0.2773366E-05 0.2302E-08 0.9349    
  12     -0.2765764E-05 0.7567E-08 -0.2772726E-05 0.2202E-08 0.9339    
  13     -0.2782745E-05 0.7543E-08 -0.2773518E-05 0.2114E-08 0.9919    
  14     -0.2772732E-05 0.7939E-08 -0.2773466E-05 0.2043E-08 0.9163    
  15     -0.2781063E-05 0.7594E-08 -0.2773981E-05 0.1972E-08 0.9175    
  16     -0.2771709E-05 0.7554E-08 -0.2773836E-05 0.1909E-08 0.8621    
  17     -0.2781526E-05 0.7518E-08 -0.2774304E-05 0.1850E-08 0.8697    
  18     -0.2776557E-05 0.7893E-08 -0.2774422E-05 0.1801E-08 0.8230    
  19     -0.2767075E-05 0.7631E-08 -0.2774036E-05 0.1753E-08 0.8260    
  20     -0.2764613E-05 0.7425E-08 -0.2773542E-05 0.1706E-08 0.8626    
   
   
 Integral [real-dipole]:  -2.7735417625610199E-006 +-   1.7059994984511731E-009
 with chisq    =  0.86262024179677421     
  
  
  
 For xq =          600 
  
 RM48 INITIALIZED:        40           0         0



 INPUT PARAMETERS FOR VEGAS:  NDIM=  6  NCALL=   48275138.
                              IT=    0  ITMX=   10
                              MDS=  1   ND=  50
   1     -0.1185108E-05 0.5507E-07 -0.1185108E-05 0.5507E-07  0.000    
   2     -0.1071028E-05 0.5953E-07 -0.1138171E-05 0.4027E-07  1.943    
   3     -0.1119070E-05 0.2546E-07 -0.1124596E-05 0.2159E-07  1.058    
   4     -0.1101121E-05 0.1209E-07 -0.1106914E-05 0.1067E-07  1.013    
   5     -0.1118388E-05 0.1032E-07 -0.1112831E-05 0.7422E-08 0.9095    
   6     -0.1107849E-05 0.9747E-08 -0.1111027E-05 0.5917E-08 0.7629    
   7     -0.1122035E-05 0.9688E-08 -0.1114035E-05 0.5047E-08 0.7925    
   8     -0.1120381E-05 0.9524E-08 -0.1115431E-05 0.4459E-08 0.7286    
   9     -0.1129384E-05 0.9615E-08 -0.1117940E-05 0.4043E-08 0.8558    
  10     -0.1112090E-05 0.9544E-08 -0.1117060E-05 0.3724E-08 0.7968    



 INPUT PARAMETERS FOR VEGAS:  NDIM=  6  NCALL=  488281250.
                              IT=    0  ITMX=   20
                              MDS= -1   ND=  25
   1     -0.1120811E-05 0.3275E-08 -0.1120811E-05 0.3275E-08  0.000    
   2     -0.1120041E-05 0.3375E-08 -0.1120438E-05 0.2350E-08 0.2684E-01
   3     -0.1125584E-05 0.3389E-08 -0.1122120E-05 0.1931E-08 0.7946    
   4     -0.1128133E-05 0.3261E-08 -0.1123693E-05 0.1662E-08  1.372    
   5     -0.1123842E-05 0.3183E-08 -0.1123725E-05 0.1473E-08  1.029    
   6     -0.1122434E-05 0.3204E-08 -0.1123500E-05 0.1338E-08 0.8505    
   7     -0.1127448E-05 0.3224E-08 -0.1124084E-05 0.1236E-08 0.9222    
   8     -0.1122586E-05 0.3246E-08 -0.1123895E-05 0.1155E-08 0.8173    
   9     -0.1120463E-05 0.3182E-08 -0.1123497E-05 0.1086E-08 0.8435    
  10     -0.1123993E-05 0.3295E-08 -0.1123546E-05 0.1031E-08 0.7520    
  11     -0.1125136E-05 0.3183E-08 -0.1123698E-05 0.9811E-09 0.6992    
  12     -0.1123967E-05 0.3191E-08 -0.1123721E-05 0.9377E-09 0.6362    
  13     -0.1119918E-05 0.3341E-08 -0.1123445E-05 0.9028E-09 0.6830    
  14     -0.1120353E-05 0.3236E-08 -0.1123223E-05 0.8696E-09 0.6956    
  15     -0.1120877E-05 0.3192E-08 -0.1123061E-05 0.8390E-09 0.6818    
  16     -0.1120462E-05 0.3225E-08 -0.1122897E-05 0.8120E-09 0.6770    
  17     -0.1127504E-05 0.3681E-08 -0.1123112E-05 0.7930E-09 0.7284    
  18     -0.1120290E-05 0.3247E-08 -0.1122954E-05 0.7703E-09 0.7275    
  19     -0.1120387E-05 0.3260E-08 -0.1122819E-05 0.7497E-09 0.7198    
  20     -0.1127665E-05 0.3265E-08 -0.1123064E-05 0.7307E-09 0.7925    
   
   
 Integral [real-dipole]:  -1.1230638152497706E-006 +-   7.3069465586505219E-010
 with chisq    =  0.79254035790995769     
  
  
  
 For xq =          700 
  
 RM48 INITIALIZED:        40           0         0



 INPUT PARAMETERS FOR VEGAS:  NDIM=  6  NCALL=   48275138.
                              IT=    0  ITMX=   10
                              MDS=  1   ND=  50
   1     -0.5242381E-06 0.1880E-07 -0.5242381E-06 0.1880E-07  0.000    
   2     -0.5005860E-06 0.7593E-08 -0.5041750E-06 0.7161E-08  1.404    
   3     -0.5106062E-06 0.6093E-08 -0.5078934E-06 0.4645E-08 0.9377    
   4     -0.5065388E-06 0.4864E-08 -0.5072545E-06 0.3367E-08 0.6419    
   5     -0.5159599E-06 0.4740E-08 -0.5102153E-06 0.2741E-08  1.045    
   6     -0.5051583E-06 0.4867E-08 -0.5090209E-06 0.2391E-08  1.001    
   7     -0.5086927E-06 0.4639E-08 -0.5089525E-06 0.2126E-08 0.8359    
   8     -0.5195463E-06 0.4618E-08 -0.5108600E-06 0.1929E-08  1.349    
   9     -0.5032910E-06 0.4498E-08 -0.5097156E-06 0.1774E-08  1.477    
  10     -0.5151227E-06 0.4566E-08 -0.5104358E-06 0.1653E-08  1.447    



 INPUT PARAMETERS FOR VEGAS:  NDIM=  6  NCALL=  488281250.
                              IT=    0  ITMX=   20
                              MDS= -1   ND=  25
   1     -0.5074448E-06 0.1536E-08 -0.5074448E-06 0.1536E-08  0.000    
   2     -0.5070898E-06 0.1555E-08 -0.5072696E-06 0.1093E-08 0.2637E-01
   3     -0.5076542E-06 0.1504E-08 -0.5074027E-06 0.8839E-09 0.3460E-01
   4     -0.5099819E-06 0.1513E-08 -0.5080641E-06 0.7632E-09 0.7489    
   5     -0.5113445E-06 0.1524E-08 -0.5087288E-06 0.6824E-09  1.494    
   6     -0.5061866E-06 0.1541E-08 -0.5083155E-06 0.6239E-09  1.649    
   7     -0.5089812E-06 0.1554E-08 -0.5084081E-06 0.5790E-09  1.400    
   8     -0.5106166E-06 0.1576E-08 -0.5086726E-06 0.5435E-09  1.448    
   9     -0.5095642E-06 0.1503E-08 -0.5087761E-06 0.5111E-09  1.305    
  10     -0.5116366E-06 0.1603E-08 -0.5090427E-06 0.4870E-09  1.483    
  11     -0.5087044E-06 0.1528E-08 -0.5090115E-06 0.4640E-09  1.339    
  12     -0.5105870E-06 0.1604E-08 -0.5091338E-06 0.4457E-09  1.298    
  13     -0.5096821E-06 0.1551E-08 -0.5091757E-06 0.4284E-09  1.199    
  14     -0.5104638E-06 0.1537E-08 -0.5092690E-06 0.4126E-09  1.157    
  15     -0.5083945E-06 0.1520E-08 -0.5092092E-06 0.3982E-09  1.097    
  16     -0.5068204E-06 0.1643E-08 -0.5090779E-06 0.3870E-09  1.156    
  17     -0.5096609E-06 0.1518E-08 -0.5091135E-06 0.3750E-09  1.092    
  18     -0.5099083E-06 0.1558E-08 -0.5091572E-06 0.3646E-09  1.042    
  19     -0.5061004E-06 0.2736E-08 -0.5091044E-06 0.3613E-09  1.053    
  20     -0.5083412E-06 0.1566E-08 -0.5090660E-06 0.3521E-09  1.009    
   
   
 Integral [real-dipole]:  -5.0906596114646682E-007 +-   3.5208245342968928E-010
 with chisq    =   1.0091162255413801     
  
  
  
 For xq =          800 
  
 RM48 INITIALIZED:        40           0         0



 INPUT PARAMETERS FOR VEGAS:  NDIM=  6  NCALL=   48275138.
                              IT=    0  ITMX=   10
                              MDS=  1   ND=  50
   1     -0.2697431E-06 0.1094E-07 -0.2697431E-06 0.1094E-07  0.000    
   2     -0.2529426E-06 0.3706E-08 -0.2548813E-06 0.3603E-08  2.219    
   3     -0.2514285E-06 0.2824E-08 -0.2528064E-06 0.2248E-08  1.421    
   4     -0.2535769E-06 0.2520E-08 -0.2531409E-06 0.1683E-08 0.9729    
   5     -0.2509947E-06 0.2471E-08 -0.2524823E-06 0.1395E-08 0.8624    
   6     -0.2514755E-06 0.2345E-08 -0.2522259E-06 0.1201E-08 0.7205    
   7     -0.2524350E-06 0.2346E-08 -0.2522686E-06 0.1070E-08 0.6033    
   8     -0.2541728E-06 0.2369E-08 -0.2525900E-06 0.9749E-09 0.5938    
   9     -0.2532586E-06 0.2297E-08 -0.2526910E-06 0.8977E-09 0.5291    
  10     -0.2510275E-06 0.2277E-08 -0.2524726E-06 0.8355E-09 0.5219    



 INPUT PARAMETERS FOR VEGAS:  NDIM=  6  NCALL=  488281250.
                              IT=    0  ITMX=   20
                              MDS= -1   ND=  25
   1     -0.2513527E-06 0.8100E-09 -0.2513527E-06 0.8100E-09  0.000    
   2     -0.2507942E-06 0.8010E-09 -0.2510710E-06 0.5696E-09 0.2404    
   3     -0.2514497E-06 0.8967E-09 -0.2511801E-06 0.4808E-09 0.1837    
   4     -0.2503411E-06 0.7805E-09 -0.2509504E-06 0.4094E-09 0.4010    
   5     -0.2513492E-06 0.7844E-09 -0.2510360E-06 0.3629E-09 0.3515    
   6     -0.2508707E-06 0.8143E-09 -0.2510086E-06 0.3315E-09 0.2881    
   7     -0.2516686E-06 0.7749E-09 -0.2511112E-06 0.3048E-09 0.3425    
   8     -0.2512186E-06 0.7886E-09 -0.2511251E-06 0.2843E-09 0.2958    
   9     -0.2519811E-06 0.7902E-09 -0.2512238E-06 0.2675E-09 0.3892    
  10     -0.2518535E-06 0.8843E-09 -0.2512768E-06 0.2560E-09 0.3976    
  11     -0.2518423E-06 0.7889E-09 -0.2513310E-06 0.2435E-09 0.4043    
  12     -0.2518359E-06 0.8057E-09 -0.2513734E-06 0.2331E-09 0.4003    
  13     -0.2511952E-06 0.7870E-09 -0.2513590E-06 0.2235E-09 0.3709    
  14     -0.2530368E-06 0.7815E-09 -0.2514875E-06 0.2149E-09 0.6735    
  15     -0.2523302E-06 0.7930E-09 -0.2515455E-06 0.2074E-09 0.7007    
  16     -0.2519968E-06 0.7756E-09 -0.2515757E-06 0.2004E-09 0.6750    
  17     -0.2519840E-06 0.7893E-09 -0.2516005E-06 0.1942E-09 0.6484    
  18     -0.2498678E-06 0.7876E-09 -0.2515025E-06 0.1886E-09 0.8759    
  19     -0.2525429E-06 0.8086E-09 -0.2515565E-06 0.1836E-09 0.9148    
  20     -0.2522004E-06 0.8027E-09 -0.2515887E-06 0.1790E-09 0.8987    
   
   
 Integral [real-dipole]:  -2.5158872303621046E-007 +-   1.7901368737002025E-010
 with chisq    =  0.89871809045199180     
  
  
  
 For xq =          900 
  
 RM48 INITIALIZED:        40           0         0



 INPUT PARAMETERS FOR VEGAS:  NDIM=  6  NCALL=   48275138.
                              IT=    0  ITMX=   10
                              MDS=  1   ND=  50
   1     -0.1298946E-06 0.4876E-08 -0.1298946E-06 0.4876E-08  0.000    
   2     -0.1294393E-06 0.1939E-08 -0.1295019E-06 0.1804E-08 0.7546E-02
   3     -0.1341414E-06 0.1432E-08 -0.1324213E-06 0.1111E-08  2.038    
   4     -0.1322218E-06 0.1512E-08 -0.1323506E-06 0.8945E-09  1.357    
   5     -0.1321153E-06 0.1359E-08 -0.1322789E-06 0.7467E-09  1.021    
   6     -0.1313542E-06 0.1301E-08 -0.1320504E-06 0.6477E-09 0.8929    
   7     -0.1316027E-06 0.1259E-08 -0.1319566E-06 0.5759E-09 0.7607    
   8     -0.1334026E-06 0.1257E-08 -0.1322133E-06 0.5233E-09 0.8090    
   9     -0.1342753E-06 0.1270E-08 -0.1325225E-06 0.4835E-09 0.9947    
  10     -0.1321739E-06 0.1245E-08 -0.1324767E-06 0.4507E-09 0.8916    



 INPUT PARAMETERS FOR VEGAS:  NDIM=  6  NCALL=  488281250.
                              IT=    0  ITMX=   20
                              MDS= -1   ND=  25
   1     -0.1325071E-06 0.4214E-09 -0.1325071E-06 0.4214E-09  0.000    
   2     -0.1329129E-06 0.9943E-09 -0.1325692E-06 0.3884E-09 0.1416    
   3     -0.1319034E-06 0.4208E-09 -0.1322649E-06 0.2857E-09 0.7451    
   4     -0.1323441E-06 0.4260E-09 -0.1322895E-06 0.2373E-09 0.5048    
   5     -0.1329424E-06 0.4224E-09 -0.1324470E-06 0.2068E-09 0.8342    
   6     -0.1325744E-06 0.4229E-09 -0.1324716E-06 0.1858E-09 0.6819    
   7     -0.1325411E-06 0.4332E-09 -0.1324824E-06 0.1708E-09 0.5719    
   8     -0.1325518E-06 0.4249E-09 -0.1324921E-06 0.1584E-09 0.4934    
   9     -0.1321856E-06 0.4318E-09 -0.1324559E-06 0.1487E-09 0.4873    
  10     -0.1324666E-06 0.4245E-09 -0.1324570E-06 0.1404E-09 0.4332    
  11     -0.1330934E-06 0.4234E-09 -0.1325206E-06 0.1332E-09 0.5946    
  12     -0.1321868E-06 0.4222E-09 -0.1324905E-06 0.1271E-09 0.5922    
  13     -0.1320578E-06 0.4276E-09 -0.1324556E-06 0.1218E-09 0.6212    
  14     -0.1325308E-06 0.4325E-09 -0.1324611E-06 0.1172E-09 0.5755    
  15     -0.1325676E-06 0.4296E-09 -0.1324685E-06 0.1131E-09 0.5384    
  16     -0.1327773E-06 0.4277E-09 -0.1324888E-06 0.1093E-09 0.5350    
  17     -0.1318067E-06 0.4323E-09 -0.1324482E-06 0.1060E-09 0.6467    
  18     -0.1323353E-06 0.4217E-09 -0.1324415E-06 0.1028E-09 0.6127    
  19     -0.1326137E-06 0.4213E-09 -0.1324512E-06 0.9988E-10 0.5874    
  20     -0.1327807E-06 0.4290E-09 -0.1324682E-06 0.9727E-10 0.5859    
   
   
 Integral [real-dipole]:  -1.3246821268448044E-007 +-   9.7273593646976476E-011
 with chisq    =  0.58591752119624940     
  
  
  
 For xq =         1000 
  
 RM48 INITIALIZED:        40           0         0



 INPUT PARAMETERS FOR VEGAS:  NDIM=  6  NCALL=   48275138.
                              IT=    0  ITMX=   10
                              MDS=  1   ND=  50
   1     -0.7904837E-07 0.3535E-08 -0.7904837E-07 0.3535E-08  0.000    
   2     -0.7243946E-07 0.1082E-08 -0.7310271E-07 0.1074E-08  3.419    
   3     -0.7327306E-07 0.8038E-09 -0.7320921E-07 0.6503E-09  1.756    
   4     -0.7269209E-07 0.7448E-09 -0.7299336E-07 0.4926E-09  1.278    
   5     -0.7334278E-07 0.7202E-09 -0.7310255E-07 0.4073E-09  1.003    
   6     -0.7303304E-07 0.7199E-09 -0.7308610E-07 0.3549E-09 0.8083    
   7     -0.7230662E-07 0.7110E-09 -0.7293632E-07 0.3180E-09 0.8334    
   8     -0.7252686E-07 0.7022E-09 -0.7286859E-07 0.2899E-09 0.7567    
   9     -0.7331782E-07 0.7139E-09 -0.7293172E-07 0.2686E-09 0.7049    
  10     -0.7296281E-07 0.6997E-09 -0.7293566E-07 0.2508E-09 0.6279    



 INPUT PARAMETERS FOR VEGAS:  NDIM=  6  NCALL=  488281250.
                              IT=    0  ITMX=   20
                              MDS= -1   ND=  25
   1     -0.7325551E-07 0.2880E-09 -0.7325551E-07 0.2880E-09  0.000    
   2     -0.7292558E-07 0.2448E-09 -0.7306470E-07 0.1866E-09 0.7624    
   3     -0.7351626E-07 0.2432E-09 -0.7323329E-07 0.1480E-09  1.469    
   4     -0.7325080E-07 0.2478E-09 -0.7323789E-07 0.1271E-09 0.9802    
   5     -0.7357612E-07 0.2631E-09 -0.7330235E-07 0.1144E-09  1.071    
   6     -0.7331420E-07 0.2454E-09 -0.7330447E-07 0.1037E-09 0.8570    
   7     -0.7350113E-07 0.2435E-09 -0.7333480E-07 0.9541E-10 0.8060    
   8     -0.7328112E-07 0.2431E-09 -0.7332764E-07 0.8881E-10 0.6970    
   9     -0.7332220E-07 0.2430E-09 -0.7332700E-07 0.8341E-10 0.6099    
  10     -0.7389429E-07 0.3307E-09 -0.7336144E-07 0.8091E-10 0.8528    
  11     -0.7366138E-07 0.2535E-09 -0.7338935E-07 0.7708E-10 0.8948    
  12     -0.7360612E-07 0.2432E-09 -0.7340923E-07 0.7347E-10 0.8790    
  13     -0.7332859E-07 0.2475E-09 -0.7340271E-07 0.7043E-10 0.8140    
  14     -0.7336671E-07 0.2474E-09 -0.7340001E-07 0.6774E-10 0.7530    
  15     -0.7342037E-07 0.2440E-09 -0.7340147E-07 0.6527E-10 0.6997    
  16     -0.7308501E-07 0.2423E-09 -0.7338024E-07 0.6303E-10 0.7586    
  17     -0.7355973E-07 0.2415E-09 -0.7339174E-07 0.6099E-10 0.7434    
  18     -0.7363015E-07 0.2405E-09 -0.7340623E-07 0.5911E-10 0.7541    
  19     -0.7326855E-07 0.2453E-09 -0.7339869E-07 0.5747E-10 0.7288    
  20     -0.7307275E-07 0.2429E-09 -0.7338157E-07 0.5592E-10 0.7798    
   
   
 Integral [real-dipole]:  -7.3381566725367400E-008 +-   5.5924964065028308E-011
 with chisq    =  0.77977612980086286     
  
  
  
 For xq =         1100 
  
 RM48 INITIALIZED:        40           0         0



 INPUT PARAMETERS FOR VEGAS:  NDIM=  6  NCALL=   48275138.
                              IT=    0  ITMX=   10
                              MDS=  1   ND=  50
   1     -0.4145862E-07 0.1392E-08 -0.4145862E-07 0.1392E-08  0.000    
   2     -0.4099645E-07 0.6405E-09 -0.4107869E-07 0.5840E-09 0.9160E-01
   3     -0.4242310E-07 0.5399E-09 -0.4182259E-07 0.3941E-09  1.483    
   4     -0.4249788E-07 0.4527E-09 -0.4212060E-07 0.2961E-09  1.406    
   5     -0.4192628E-07 0.4413E-09 -0.4206011E-07 0.2459E-09  1.087    
   6     -0.4248522E-07 0.4275E-09 -0.4216812E-07 0.2129E-09  1.016    
   7     -0.4296958E-07 0.4307E-09 -0.4233148E-07 0.1906E-09  1.319    
   8     -0.4246442E-07 0.4278E-09 -0.4235380E-07 0.1740E-09  1.140    
   9     -0.4289514E-07 0.4372E-09 -0.4243008E-07 0.1616E-09  1.164    
  10     -0.4222130E-07 0.4185E-09 -0.4240301E-07 0.1508E-09  1.058    



 INPUT PARAMETERS FOR VEGAS:  NDIM=  6  NCALL=  488281250.
                              IT=    0  ITMX=   20
                              MDS= -1   ND=  25
   1     -0.4232010E-07 0.1457E-09 -0.4232010E-07 0.1457E-09  0.000    
   2     -0.4198025E-07 0.1642E-09 -0.4217177E-07 0.1089E-09  2.395    
   3     -0.4210953E-07 0.1426E-09 -0.4214887E-07 0.8656E-10  1.258    
   4     -0.4203754E-07 0.1434E-09 -0.4211925E-07 0.7411E-10 0.9866    
   5     -0.4221560E-07 0.1420E-09 -0.4213995E-07 0.6570E-10 0.8299    
   6     -0.4245292E-07 0.1482E-09 -0.4219202E-07 0.6007E-10  1.415    
   7     -0.4206381E-07 0.1456E-09 -0.4217347E-07 0.5553E-10  1.291    
   8     -0.4226824E-07 0.1465E-09 -0.4218542E-07 0.5192E-10  1.158    
   9     -0.4217058E-07 0.1448E-09 -0.4218373E-07 0.4887E-10  1.014    
  10     -0.4233094E-07 0.1537E-09 -0.4219733E-07 0.4658E-10 0.9942    
  11     -0.4210620E-07 0.1442E-09 -0.4218876E-07 0.4432E-10 0.9312    
  12     -0.4227866E-07 0.1458E-09 -0.4219640E-07 0.4240E-10 0.8780    
  13     -0.4254093E-07 0.1472E-09 -0.4222319E-07 0.4075E-10  1.231    
  14     -0.4226880E-07 0.1503E-09 -0.4222632E-07 0.3933E-10  1.143    
  15     -0.4244586E-07 0.1458E-09 -0.4224136E-07 0.3797E-10  1.213    
  16     -0.4231973E-07 0.1433E-09 -0.4224652E-07 0.3670E-10  1.150    
  17     -0.4238502E-07 0.1454E-09 -0.4225487E-07 0.3559E-10  1.132    
  18     -0.4222231E-07 0.1433E-09 -0.4225298E-07 0.3454E-10  1.068    
  19     -0.4215636E-07 0.1437E-09 -0.4224772E-07 0.3358E-10  1.033    
  20     -0.4220628E-07 0.1449E-09 -0.4224562E-07 0.3271E-10 0.9824    
   
   
 Integral [real-dipole]:  -4.2245615068515132E-008 +-   3.2714161903625078E-011
 with chisq    =  0.98244872143863282     
  
  
  
 For xq =         1200 
  
 RM48 INITIALIZED:        40           0         0



 INPUT PARAMETERS FOR VEGAS:  NDIM=  6  NCALL=   48275138.
                              IT=    0  ITMX=   10
                              MDS=  1   ND=  50
   1     -0.2364559E-07 0.8127E-09 -0.2364559E-07 0.8127E-09  0.000    
   2     -0.2547779E-07 0.3575E-09 -0.2521605E-07 0.3193E-09  4.032    
   3     -0.2563183E-07 0.2920E-09 -0.2545109E-07 0.2136E-09  2.425    
   4     -0.2523177E-07 0.2656E-09 -0.2536372E-07 0.1661E-09  1.746    
   5     -0.2509415E-07 0.2636E-09 -0.2528672E-07 0.1405E-09  1.495    
   6     -0.2576031E-07 0.2587E-09 -0.2539949E-07 0.1233E-09  1.720    
   7     -0.2590583E-07 0.2648E-09 -0.2549415E-07 0.1116E-09  1.942    
   8     -0.2523653E-07 0.2591E-09 -0.2545388E-07 0.1025E-09  1.784    
   9     -0.2505049E-07 0.2865E-09 -0.2540875E-07 0.9653E-10  1.781    
  10     -0.2499429E-07 0.2703E-09 -0.2536266E-07 0.9092E-10  1.814    



 INPUT PARAMETERS FOR VEGAS:  NDIM=  6  NCALL=  488281250.
                              IT=    0  ITMX=   20
                              MDS= -1   ND=  25
   1     -0.2518399E-07 0.8783E-10 -0.2518399E-07 0.8783E-10  0.000    
   2     -0.2502918E-07 0.8751E-10 -0.2510678E-07 0.6199E-10  1.559    
   3     -0.2511838E-07 0.8826E-10 -0.2511061E-07 0.5073E-10 0.7849    
   4     -0.2513232E-07 0.8922E-10 -0.2511592E-07 0.4410E-10 0.5380    
   5     -0.2516243E-07 0.8773E-10 -0.2512533E-07 0.3940E-10 0.4594    
   6     -0.2518838E-07 0.8909E-10 -0.2513569E-07 0.3604E-10 0.4513    
   7     -0.2521968E-07 0.9108E-10 -0.2514712E-07 0.3351E-10 0.4988    
   8     -0.2518150E-07 0.8712E-10 -0.2515156E-07 0.3127E-10 0.4468    
   9     -0.2520926E-07 0.9176E-10 -0.2515759E-07 0.2960E-10 0.4352    
  10     -0.2524858E-07 0.9012E-10 -0.2516651E-07 0.2813E-10 0.4894    
  11     -0.2507629E-07 0.9953E-10 -0.2515989E-07 0.2706E-10 0.5164    
  12     -0.2509230E-07 0.8937E-10 -0.2515424E-07 0.2590E-10 0.5171    
  13     -0.2502736E-07 0.9068E-10 -0.2514475E-07 0.2491E-10 0.6239    
  14     -0.2506769E-07 0.8961E-10 -0.2513926E-07 0.2400E-10 0.6287    
  15     -0.2512744E-07 0.8770E-10 -0.2513844E-07 0.2315E-10 0.5850    
  16     -0.2518889E-07 0.8959E-10 -0.2514161E-07 0.2241E-10 0.5658    
  17     -0.2528607E-07 0.8792E-10 -0.2515051E-07 0.2171E-10 0.6901    
  18     -0.2516178E-07 0.9034E-10 -0.2515113E-07 0.2111E-10 0.6503    
  19     -0.2502990E-07 0.9093E-10 -0.2514498E-07 0.2057E-10 0.7074    
  20     -0.2527538E-07 0.8890E-10 -0.2515167E-07 0.2004E-10 0.7783    
   
   
 Integral [real-dipole]:  -2.5151674379852548E-008 +-   2.0037045492343393E-011
 with chisq    =  0.77830807609820640     
  
  
  
 For xq =         1300 
  
 RM48 INITIALIZED:        40           0         0



 INPUT PARAMETERS FOR VEGAS:  NDIM=  6  NCALL=   48275138.
                              IT=    0  ITMX=   10
                              MDS=  1   ND=  50
   1     -0.1481602E-07 0.5276E-09 -0.1481602E-07 0.5276E-09  0.000    
   2     -0.1504977E-07 0.2494E-09 -0.1500817E-07 0.2244E-09 0.1588    
   3     -0.1558149E-07 0.1996E-09 -0.1534014E-07 0.1477E-09  1.913    
   4     -0.1554564E-07 0.1690E-09 -0.1543171E-07 0.1107E-09  1.543    
   5     -0.1542039E-07 0.1808E-09 -0.1542857E-07 0.9433E-10  1.153    
   6     -0.1506499E-07 0.1717E-09 -0.1534616E-07 0.8276E-10  1.603    
   7     -0.1548856E-07 0.1686E-09 -0.1537452E-07 0.7423E-10  1.428    
   8     -0.1533872E-07 0.1611E-09 -0.1536822E-07 0.6740E-10  1.229    
   9     -0.1566556E-07 0.1707E-09 -0.1541002E-07 0.6266E-10  1.409    
  10     -0.1537076E-07 0.1653E-09 -0.1540506E-07 0.5859E-10  1.258    



 INPUT PARAMETERS FOR VEGAS:  NDIM=  6  NCALL=  488281250.
                              IT=    0  ITMX=   20
                              MDS= -1   ND=  25
   1     -0.1538477E-07 0.5501E-10 -0.1538477E-07 0.5501E-10  0.000    
   2     -0.1552377E-07 0.1697E-09 -0.1539820E-07 0.5252E-10 0.6113    
   3     -0.1543049E-07 0.5366E-10 -0.1541397E-07 0.3754E-10 0.3984    
   4     -0.1541153E-07 0.5439E-10 -0.1541319E-07 0.3090E-10 0.2664    
   5     -0.1553377E-07 0.5375E-10 -0.1544342E-07 0.2678E-10  1.151    
   6     -0.1542443E-07 0.5526E-10 -0.1543982E-07 0.2410E-10 0.9409    
   7     -0.1543729E-07 0.5329E-10 -0.1543939E-07 0.2196E-10 0.7846    
   8     -0.1532475E-07 0.5476E-10 -0.1542373E-07 0.2038E-10  1.207    
   9     -0.1535977E-07 0.5639E-10 -0.1541640E-07 0.1917E-10  1.198    
  10     -0.1537403E-07 0.5491E-10 -0.1541183E-07 0.1810E-10  1.124    
  11     -0.1543173E-07 0.5404E-10 -0.1541384E-07 0.1716E-10  1.024    
  12     -0.1546397E-07 0.5453E-10 -0.1541838E-07 0.1637E-10  1.001    
  13     -0.1554673E-07 0.5634E-10 -0.1542852E-07 0.1572E-10  1.320    
  14     -0.1547802E-07 0.5585E-10 -0.1543217E-07 0.1513E-10  1.275    
  15     -0.1546102E-07 0.5387E-10 -0.1543429E-07 0.1457E-10  1.202    
  16     -0.1548500E-07 0.5486E-10 -0.1543765E-07 0.1408E-10  1.175    
  17     -0.1551002E-07 0.6688E-10 -0.1544074E-07 0.1378E-10  1.172    
  18     -0.1544959E-07 0.5865E-10 -0.1544121E-07 0.1341E-10  1.104    
  19     -0.1546319E-07 0.5400E-10 -0.1544249E-07 0.1302E-10  1.051    
  20     -0.1547222E-07 0.5478E-10 -0.1544408E-07 0.1267E-10  1.011    
   
   
 Integral [real-dipole]:  -1.5444080620266770E-008 +-   1.2665238362583625E-011
 with chisq    =   1.0106526483594418     
  
  
  
 For xq =         1400 
  
 RM48 INITIALIZED:        40           0         0



 INPUT PARAMETERS FOR VEGAS:  NDIM=  6  NCALL=   48275138.
                              IT=    0  ITMX=   10
                              MDS=  1   ND=  50
   1     -0.9634470E-08 0.3482E-09 -0.9634470E-08 0.3482E-09  0.000    
   2     -0.9809681E-08 0.1545E-09 -0.9781714E-08 0.1404E-09 0.2089    
   3     -0.9472617E-08 0.1480E-09 -0.9639357E-08 0.1022E-09  1.242    
   4     -0.9872744E-08 0.1223E-09 -0.9738103E-08 0.7812E-10  1.544    
   5     -0.9723819E-08 0.1162E-09 -0.9733642E-08 0.6482E-10  1.159    
   6     -0.9539015E-08 0.1081E-09 -0.9683444E-08 0.5568E-10  1.400    
   7     -0.9635819E-08 0.1068E-09 -0.9673331E-08 0.4939E-10  1.194    
   8     -0.9806110E-08 0.1339E-09 -0.9689634E-08 0.4634E-10  1.146    
   9     -0.9753965E-08 0.1198E-09 -0.9698103E-08 0.4321E-10  1.033    
  10     -0.9737725E-08 0.1051E-09 -0.9703871E-08 0.3996E-10 0.9313    



 INPUT PARAMETERS FOR VEGAS:  NDIM=  6  NCALL=  488281250.
                              IT=    0  ITMX=   20
                              MDS= -1   ND=  25
   1     -0.9670096E-08 0.3552E-10 -0.9670096E-08 0.3552E-10  0.000    
   2     -0.9628441E-08 0.3464E-10 -0.9648835E-08 0.2480E-10 0.7048    
   3     -0.9653499E-08 0.3415E-10 -0.9650446E-08 0.2007E-10 0.3584    
   4     -0.9596281E-08 0.4392E-10 -0.9641179E-08 0.1825E-10 0.6563    
   5     -0.9733946E-08 0.3857E-10 -0.9658424E-08 0.1650E-10  1.687    
   6     -0.9720821E-08 0.3583E-10 -0.9669456E-08 0.1498E-10  1.851    
   7     -0.9729920E-08 0.3474E-10 -0.9679044E-08 0.1376E-10  1.969    
   8     -0.9623582E-08 0.4652E-10 -0.9674628E-08 0.1319E-10  1.875    
   9     -0.9695030E-08 0.3491E-10 -0.9677188E-08 0.1234E-10  1.678    
  10     -0.9640016E-08 0.3399E-10 -0.9672886E-08 0.1160E-10  1.609    
  11     -0.9645830E-08 0.3461E-10 -0.9670167E-08 0.1100E-10  1.503    
  12     -0.9728842E-08 0.3714E-10 -0.9674954E-08 0.1054E-10  1.576    
  13     -0.9737445E-08 0.3510E-10 -0.9680192E-08 0.1010E-10  1.688    
  14     -0.9626516E-08 0.3596E-10 -0.9676306E-08 0.9722E-11  1.717    
  15     -0.9722470E-08 0.3453E-10 -0.9679729E-08 0.9358E-11  1.713    
  16     -0.9689104E-08 0.3522E-10 -0.9680348E-08 0.9044E-11  1.603    
  17     -0.9701217E-08 0.3433E-10 -0.9681709E-08 0.8746E-11  1.524    
  18     -0.9684534E-08 0.3468E-10 -0.9681878E-08 0.8480E-11  1.434    
  19     -0.9706489E-08 0.3595E-10 -0.9683182E-08 0.8254E-11  1.379    
  20     -0.9739907E-08 0.3480E-10 -0.9686238E-08 0.8031E-11  1.440    
   
   
 Integral [real-dipole]:  -9.6862380901726175E-009 +-   8.0306489116050048E-012
 with chisq    =   1.4396418386058745     
  
  
  
 For xq =         1500 
  
 RM48 INITIALIZED:        40           0         0



 INPUT PARAMETERS FOR VEGAS:  NDIM=  6  NCALL=   48275138.
                              IT=    0  ITMX=   10
                              MDS=  1   ND=  50
   1     -0.6567934E-08 0.2102E-09 -0.6567934E-08 0.2102E-09  0.000    
   2     -0.6137774E-08 0.1130E-09 -0.6244737E-08 0.1014E-09  3.360    
   3     -0.6151541E-08 0.8132E-10 -0.6189471E-08 0.6402E-10  1.972    
   4     -0.6142275E-08 0.6933E-10 -0.6168300E-08 0.4727E-10  1.412    
   5     -0.6366812E-08 0.6948E-10 -0.6232667E-08 0.3900E-10  2.471    
   6     -0.6246821E-08 0.6771E-10 -0.6236169E-08 0.3381E-10  1.986    
   7     -0.6196478E-08 0.6628E-10 -0.6228128E-08 0.3014E-10  1.707    
   8     -0.6200367E-08 0.6763E-10 -0.6223602E-08 0.2754E-10  1.487    
   9     -0.6159862E-08 0.7988E-10 -0.6217010E-08 0.2603E-10  1.375    
  10     -0.6152897E-08 0.7405E-10 -0.6210136E-08 0.2456E-10  1.298    



 INPUT PARAMETERS FOR VEGAS:  NDIM=  6  NCALL=  488281250.
                              IT=    0  ITMX=   20
                              MDS= -1   ND=  25
   1     -0.6228815E-08 0.2267E-10 -0.6228815E-08 0.2267E-10  0.000    
   2     -0.6215509E-08 0.2284E-10 -0.6222228E-08 0.1609E-10 0.1710    
   3     -0.6232831E-08 0.2260E-10 -0.6225802E-08 0.1311E-10 0.1585    
   4     -0.6177372E-08 0.2231E-10 -0.6213515E-08 0.1130E-10  1.265    
   5     -0.6224637E-08 0.2245E-10 -0.6215770E-08 0.1009E-10 0.9972    
   6     -0.6168877E-08 0.2260E-10 -0.6208071E-08 0.9217E-11  1.510    
   7     -0.6174653E-08 0.2271E-10 -0.6203389E-08 0.8540E-11  1.568    
   8     -0.6160463E-08 0.2284E-10 -0.6198188E-08 0.7999E-11  1.784    
   9     -0.6201436E-08 0.2259E-10 -0.6198550E-08 0.7541E-11  1.563    
  10     -0.6220904E-08 0.2411E-10 -0.6200555E-08 0.7197E-11  1.476    
  11     -0.6172237E-08 0.2259E-10 -0.6197967E-08 0.6858E-11  1.471    
  12     -0.6225302E-08 0.2305E-10 -0.6200208E-08 0.6573E-11  1.455    
  13     -0.6196740E-08 0.2244E-10 -0.6199935E-08 0.6308E-11  1.336    
  14     -0.6216675E-08 0.2284E-10 -0.6201127E-08 0.6080E-11  1.271    
  15     -0.6244108E-08 0.2261E-10 -0.6204063E-08 0.5872E-11  1.423    
  16     -0.6235937E-08 0.2245E-10 -0.6206124E-08 0.5681E-11  1.454    
  17     -0.6212241E-08 0.2224E-10 -0.6206499E-08 0.5504E-11  1.367    
  18     -0.6211217E-08 0.2260E-10 -0.6206763E-08 0.5348E-11  1.289    
  19     -0.6252473E-08 0.2249E-10 -0.6209244E-08 0.5202E-11  1.437    
  20     -0.6216657E-08 0.2250E-10 -0.6209621E-08 0.5069E-11  1.366    
   
   
 Integral [real-dipole]:  -6.2096211678175141E-009 +-   5.0687414312879730E-012
 with chisq    =   1.3663405402876598     
  
  
  
 For xq =         1600 
  
 RM48 INITIALIZED:        40           0         0



 INPUT PARAMETERS FOR VEGAS:  NDIM=  6  NCALL=   48275138.
                              IT=    0  ITMX=   10
                              MDS=  1   ND=  50
   1     -0.3967500E-08 0.1264E-09 -0.3967500E-08 0.1264E-09  0.000    
   2     -0.4069179E-08 0.6384E-10 -0.4049333E-08 0.5656E-10 0.5077    
   3     -0.3959161E-08 0.4942E-10 -0.3998865E-08 0.3735E-10 0.9747    
   4     -0.4006871E-08 0.4677E-10 -0.4001989E-08 0.2918E-10 0.6552    
   5     -0.4042718E-08 0.4677E-10 -0.4013571E-08 0.2473E-10 0.6273    
   6     -0.3972941E-08 0.4495E-10 -0.4004261E-08 0.2168E-10 0.6274    
   7     -0.4045798E-08 0.4327E-10 -0.4012739E-08 0.1937E-10 0.6457    
   8     -0.4093408E-08 0.4326E-10 -0.4026689E-08 0.1767E-10 0.9766    
   9     -0.4054772E-08 0.4387E-10 -0.4030666E-08 0.1638E-10 0.8975    
  10     -0.4124389E-08 0.4354E-10 -0.4042802E-08 0.1532E-10  1.262    



 INPUT PARAMETERS FOR VEGAS:  NDIM=  6  NCALL=  488281250.
                              IT=    0  ITMX=   20
                              MDS= -1   ND=  25
   1     -0.4075943E-08 0.1680E-10 -0.4075943E-08 0.1680E-10  0.000    
   2     -0.4063421E-08 0.1521E-10 -0.4069083E-08 0.1128E-10 0.3054    
   3     -0.4045009E-08 0.1505E-10 -0.4060490E-08 0.9026E-11 0.9698    
   4     -0.4057250E-08 0.1597E-10 -0.4059707E-08 0.7857E-11 0.6572    
   5     -0.4053528E-08 0.1513E-10 -0.4058398E-08 0.6973E-11 0.5260    
   6     -0.4065650E-08 0.1932E-10 -0.4059236E-08 0.6560E-11 0.4456    
   7     -0.4021943E-08 0.1640E-10 -0.4054175E-08 0.6090E-11  1.105    
   8     -0.4062750E-08 0.1540E-10 -0.4055339E-08 0.5663E-11 0.9853    
   9     -0.4046544E-08 0.1505E-10 -0.4054253E-08 0.5301E-11 0.8998    
  10     -0.4076636E-08 0.1692E-10 -0.4056273E-08 0.5059E-11 0.9776    
  11     -0.4054630E-08 0.1506E-10 -0.4056107E-08 0.4795E-11 0.8810    
  12     -0.4064533E-08 0.1517E-10 -0.4056875E-08 0.4572E-11 0.8262    
  13     -0.4052158E-08 0.1505E-10 -0.4056477E-08 0.4375E-11 0.7650    
  14     -0.4068730E-08 0.1581E-10 -0.4057353E-08 0.4216E-11 0.7490    
  15     -0.4048581E-08 0.1617E-10 -0.4056797E-08 0.4080E-11 0.7153    
  16     -0.4043202E-08 0.1578E-10 -0.4055951E-08 0.3950E-11 0.7140    
  17     -0.4048690E-08 0.1512E-10 -0.4055488E-08 0.3822E-11 0.6830    
  18     -0.4044296E-08 0.1558E-10 -0.4054856E-08 0.3712E-11 0.6715    
  19     -0.4073762E-08 0.1511E-10 -0.4055941E-08 0.3605E-11 0.7165    
  20     -0.4064872E-08 0.1519E-10 -0.4056419E-08 0.3507E-11 0.6960    
   
   
 Integral [real-dipole]:  -4.0564189668348051E-009 +-   3.5071063670433900E-012
 with chisq    =  0.69596550240489807     
  
  
  
 For xq =         1700 
  
 RM48 INITIALIZED:        40           0         0



 INPUT PARAMETERS FOR VEGAS:  NDIM=  6  NCALL=   48275138.
                              IT=    0  ITMX=   10
                              MDS=  1   ND=  50
   1     -0.2725490E-08 0.1078E-09 -0.2725490E-08 0.1078E-09  0.000    
   2     -0.2683373E-08 0.4601E-10 -0.2690035E-08 0.4255E-10 0.1305    
   3     -0.2637918E-08 0.3303E-10 -0.2658131E-08 0.2628E-10 0.5331    
   4     -0.2677503E-08 0.3147E-10 -0.2666072E-08 0.2018E-10 0.4300    
   5     -0.2672147E-08 0.3009E-10 -0.2667948E-08 0.1677E-10 0.3300    
   6     -0.2666882E-08 0.2988E-10 -0.2667695E-08 0.1463E-10 0.2646    
   7     -0.2673784E-08 0.3078E-10 -0.2668814E-08 0.1321E-10 0.2259    
   8     -0.2719324E-08 0.3011E-10 -0.2677188E-08 0.1209E-10 0.5377    
   9     -0.2634477E-08 0.2924E-10 -0.2671140E-08 0.1118E-10 0.6940    
  10     -0.2646590E-08 0.3043E-10 -0.2668278E-08 0.1050E-10 0.6809    



 INPUT PARAMETERS FOR VEGAS:  NDIM=  6  NCALL=  488281250.
                              IT=    0  ITMX=   20
                              MDS= -1   ND=  25
   1     -0.2682557E-08 0.1035E-10 -0.2682557E-08 0.1035E-10  0.000    
   2     -0.2699563E-08 0.1052E-10 -0.2690977E-08 0.7379E-11  1.328    
   3     -0.2680624E-08 0.1024E-10 -0.2687458E-08 0.5987E-11  1.001    
   4     -0.2674627E-08 0.1045E-10 -0.2684310E-08 0.5195E-11  1.045    
   5     -0.2670547E-08 0.1025E-10 -0.2681521E-08 0.4634E-11  1.142    
   6     -0.2684997E-08 0.1025E-10 -0.2682112E-08 0.4223E-11 0.9323    
   7     -0.2670898E-08 0.1023E-10 -0.2680490E-08 0.3903E-11 0.9480    
   8     -0.2685390E-08 0.1176E-10 -0.2680978E-08 0.3705E-11 0.8346    
   9     -0.2688143E-08 0.1032E-10 -0.2681799E-08 0.3487E-11 0.7834    
  10     -0.2695303E-08 0.1048E-10 -0.2683159E-08 0.3308E-11 0.8632    
  11     -0.2696408E-08 0.1012E-10 -0.2684450E-08 0.3144E-11 0.9324    
  12     -0.2678569E-08 0.1027E-10 -0.2683948E-08 0.3007E-11 0.8752    
  13     -0.2687206E-08 0.1025E-10 -0.2684207E-08 0.2885E-11 0.8099    
  14     -0.2702830E-08 0.1019E-10 -0.2685607E-08 0.2776E-11 0.9875    
  15     -0.2671032E-08 0.1078E-10 -0.2684709E-08 0.2688E-11  1.039    
  16     -0.2671656E-08 0.1021E-10 -0.2683871E-08 0.2599E-11  1.071    
  17     -0.2704950E-08 0.1379E-10 -0.2684605E-08 0.2555E-11  1.146    
  18     -0.2690282E-08 0.1029E-10 -0.2684936E-08 0.2480E-11  1.096    
  19     -0.2688437E-08 0.1035E-10 -0.2685126E-08 0.2412E-11  1.041    
  20     -0.2689416E-08 0.1017E-10 -0.2685355E-08 0.2346E-11 0.9946    
   
   
 Integral [real-dipole]:  -2.6853553089567031E-009 +-   2.3464368111591734E-012
 with chisq    =  0.99464984805783274     
  
  
  
 For xq =         1800 
  
 RM48 INITIALIZED:        40           0         0



 INPUT PARAMETERS FOR VEGAS:  NDIM=  6  NCALL=   48275138.
                              IT=    0  ITMX=   10
                              MDS=  1   ND=  50
   1     -0.1799296E-08 0.7123E-10 -0.1799296E-08 0.7123E-10  0.000    
   2     -0.1834216E-08 0.3885E-10 -0.1826444E-08 0.3393E-10 0.1833    
   3     -0.1809470E-08 0.2697E-10 -0.1816074E-08 0.2113E-10 0.1685    
   4     -0.1800011E-08 0.2792E-10 -0.1810281E-08 0.1687E-10 0.1825    
   5     -0.1777942E-08 0.2459E-10 -0.1800193E-08 0.1394E-10 0.4267    
   6     -0.1806427E-08 0.2121E-10 -0.1802076E-08 0.1165E-10 0.3533    
   7     -0.1798156E-08 0.2025E-10 -0.1801107E-08 0.1010E-10 0.2994    
   8     -0.1795354E-08 0.2013E-10 -0.1799958E-08 0.9030E-11 0.2662    
   9     -0.1788638E-08 0.2001E-10 -0.1798067E-08 0.8234E-11 0.2662    
  10     -0.1811326E-08 0.1996E-10 -0.1800014E-08 0.7610E-11 0.2786    



 INPUT PARAMETERS FOR VEGAS:  NDIM=  6  NCALL=  488281250.
                              IT=    0  ITMX=   20
                              MDS= -1   ND=  25
   1     -0.1808679E-08 0.6928E-11 -0.1808679E-08 0.6928E-11  0.000    
   2     -0.1799281E-08 0.6735E-11 -0.1803872E-08 0.4829E-11 0.9462    
   3     -0.1808512E-08 0.6825E-11 -0.1805425E-08 0.3942E-11 0.6266    
   4     -0.1798338E-08 0.6988E-11 -0.1803725E-08 0.3433E-11 0.6775    
   5     -0.1794160E-08 0.6864E-11 -0.1801827E-08 0.3071E-11 0.8950    
   6     -0.1801758E-08 0.6786E-11 -0.1801815E-08 0.2798E-11 0.7161    
   7     -0.1803504E-08 0.6909E-11 -0.1802053E-08 0.2593E-11 0.6051    
   8     -0.1813554E-08 0.8379E-11 -0.1803070E-08 0.2478E-11 0.7659    
   9     -0.1792447E-08 0.6954E-11 -0.1801886E-08 0.2334E-11 0.9275    
  10     -0.1803512E-08 0.6965E-11 -0.1802051E-08 0.2213E-11 0.8297    
  11     -0.1811962E-08 0.6955E-11 -0.1802971E-08 0.2109E-11 0.9321    
  12     -0.1808407E-08 0.6872E-11 -0.1803441E-08 0.2016E-11 0.8992    
  13     -0.1787468E-08 0.6810E-11 -0.1802175E-08 0.1933E-11  1.241    
  14     -0.1801957E-08 0.6956E-11 -0.1802159E-08 0.1863E-11  1.145    
  15     -0.1798322E-08 0.6891E-11 -0.1801899E-08 0.1798E-11  1.084    
  16     -0.1802723E-08 0.6882E-11 -0.1801952E-08 0.1740E-11  1.013    
  17     -0.1797278E-08 0.6858E-11 -0.1801671E-08 0.1686E-11 0.9770    
  18     -0.1812622E-08 0.7129E-11 -0.1802258E-08 0.1641E-11  1.052    
  19     -0.1791840E-08 0.1323E-10 -0.1802102E-08 0.1628E-11  1.028    
  20     -0.1799828E-08 0.6760E-11 -0.1801977E-08 0.1583E-11 0.9792    
   
   
 Integral [real-dipole]:  -1.8019771917354641E-009 +-   1.5829324247508025E-012
 with chisq    =  0.97917325705932645     
  
  
  
 For xq =         1900 
  
 RM48 INITIALIZED:        40           0         0



 INPUT PARAMETERS FOR VEGAS:  NDIM=  6  NCALL=   48275138.
                              IT=    0  ITMX=   10
                              MDS=  1   ND=  50
   1     -0.1086592E-08 0.6505E-10 -0.1086592E-08 0.6505E-10  0.000    
   2     -0.1187992E-08 0.2193E-10 -0.1179188E-08 0.2008E-10  2.022    
   3     -0.1200131E-08 0.1519E-10 -0.1193013E-08 0.1192E-10  1.321    
   4     -0.1241348E-08 0.1640E-10 -0.1211243E-08 0.9579E-11  2.843    
   5     -0.1205944E-08 0.1498E-10 -0.1209659E-08 0.8055E-11  2.137    
   6     -0.1230576E-08 0.1404E-10 -0.1215134E-08 0.6965E-11  2.036    
   7     -0.1203664E-08 0.1371E-10 -0.1212747E-08 0.6206E-11  1.786    
   8     -0.1215680E-08 0.1355E-10 -0.1213270E-08 0.5638E-11  1.530    
   9     -0.1241029E-08 0.1427E-10 -0.1217256E-08 0.5239E-11  1.759    
  10     -0.1218934E-08 0.1474E-10 -0.1217449E-08 0.4936E-11  1.561    



 INPUT PARAMETERS FOR VEGAS:  NDIM=  6  NCALL=  488281250.
                              IT=    0  ITMX=   20
                              MDS= -1   ND=  25
   1     -0.1227717E-08 0.4884E-11 -0.1227717E-08 0.4884E-11  0.000    
   2     -0.1226771E-08 0.4958E-11 -0.1227252E-08 0.3479E-11 0.1848E-01
   3     -0.1221863E-08 0.4934E-11 -0.1225472E-08 0.2843E-11 0.4065    
   4     -0.1227445E-08 0.5003E-11 -0.1225955E-08 0.2472E-11 0.3100    
   5     -0.1223265E-08 0.4936E-11 -0.1225418E-08 0.2210E-11 0.2919    
   6     -0.1224829E-08 0.5020E-11 -0.1225322E-08 0.2023E-11 0.2358    
   7     -0.1210282E-08 0.1101E-10 -0.1224843E-08 0.1987E-11 0.4918    
   8     -0.1222401E-08 0.5252E-11 -0.1224537E-08 0.1859E-11 0.4486    
   9     -0.1222030E-08 0.4903E-11 -0.1224223E-08 0.1738E-11 0.4211    
  10     -0.1223296E-08 0.4972E-11 -0.1224122E-08 0.1641E-11 0.3777    
  11     -0.1222378E-08 0.4937E-11 -0.1223949E-08 0.1557E-11 0.3512    
  12     -0.1224628E-08 0.4993E-11 -0.1224009E-08 0.1486E-11 0.3208    
  13     -0.1222694E-08 0.4868E-11 -0.1223897E-08 0.1421E-11 0.2996    
  14     -0.1234016E-08 0.5009E-11 -0.1224664E-08 0.1367E-11 0.5712    
  15     -0.1223207E-08 0.4923E-11 -0.1224560E-08 0.1318E-11 0.5362    
  16     -0.1221267E-08 0.4943E-11 -0.1224342E-08 0.1273E-11 0.5281    
  17     -0.1224308E-08 0.5006E-11 -0.1224340E-08 0.1234E-11 0.4951    
  18     -0.1223576E-08 0.4959E-11 -0.1224295E-08 0.1197E-11 0.4673    
  19     -0.1218098E-08 0.5025E-11 -0.1223965E-08 0.1165E-11 0.5208    
  20     -0.1228351E-08 0.4904E-11 -0.1224201E-08 0.1133E-11 0.5333    
   
   
 Integral [real-dipole]:  -1.2242012320387151E-009 +-   1.1332076429960265E-012
 with chisq    =  0.53334943896287423     
  
  
  
 For xq =         2000 
  
 RM48 INITIALIZED:        40           0         0



 INPUT PARAMETERS FOR VEGAS:  NDIM=  6  NCALL=   48275138.
                              IT=    0  ITMX=   10
                              MDS=  1   ND=  50
   1     -0.8482609E-09 0.2999E-10 -0.8482609E-09 0.2999E-10  0.000    
   2     -0.8366723E-09 0.1164E-10 -0.8382266E-09 0.1091E-10 0.1311    
   3     -0.8220457E-09 0.9866E-11 -0.8295231E-09 0.7356E-11 0.6680    
   4     -0.8563031E-09 0.1000E-10 -0.8392219E-09 0.5911E-11  2.020    
   5     -0.8602093E-09 0.1033E-10 -0.8445749E-09 0.5126E-11  2.298    
   6     -0.8262371E-09 0.9919E-11 -0.8408442E-09 0.4558E-11  2.376    
   7     -0.8550158E-09 0.9555E-11 -0.8435390E-09 0.4111E-11  2.276    
   8     -0.8290272E-09 0.9382E-11 -0.8412690E-09 0.3768E-11  2.239    
   9     -0.8482347E-09 0.9452E-11 -0.8422366E-09 0.3499E-11  2.015    
  10     -0.8494531E-09 0.9546E-11 -0.8431038E-09 0.3285E-11  1.845    



 INPUT PARAMETERS FOR VEGAS:  NDIM=  6  NCALL=  488281250.
                              IT=    0  ITMX=   20
                              MDS= -1   ND=  25
   1     -0.8387371E-09 0.3357E-11 -0.8387371E-09 0.3357E-11  0.000    
   2     -0.8405002E-09 0.3291E-11 -0.8396381E-09 0.2350E-11 0.1406    
   3     -0.8369712E-09 0.3412E-11 -0.8387837E-09 0.1935E-11 0.2772    
   4     -0.8373105E-09 0.3296E-11 -0.8384069E-09 0.1669E-11 0.2344    
   5     -0.8408461E-09 0.3284E-11 -0.8389098E-09 0.1488E-11 0.2856    
   6     -0.8412851E-09 0.5940E-11 -0.8390507E-09 0.1444E-11 0.2585    
   7     -0.8342595E-09 0.3353E-11 -0.8383089E-09 0.1326E-11 0.5005    
   8     -0.8425676E-09 0.3298E-11 -0.8389064E-09 0.1230E-11 0.6350    
   9     -0.8409976E-09 0.3631E-11 -0.8391226E-09 0.1165E-11 0.5927    
  10     -0.8369092E-09 0.3273E-11 -0.8388749E-09 0.1098E-11 0.5720    
  11     -0.8407170E-09 0.3287E-11 -0.8390603E-09 0.1041E-11 0.5430    
  12     -0.8416114E-09 0.3524E-11 -0.8392663E-09 0.9985E-12 0.5374    
  13     -0.8266545E-09 0.5661E-11 -0.8388969E-09 0.9827E-12 0.8840    
  14     -0.8401908E-09 0.3272E-11 -0.8390043E-09 0.9411E-12 0.8269    
  15     -0.8528443E-09 0.8219E-11 -0.8391895E-09 0.9359E-12 0.9723    
  16     -0.8364537E-09 0.3309E-11 -0.8389883E-09 0.9006E-12 0.9498    
  17     -0.8446536E-09 0.3240E-11 -0.8393995E-09 0.8676E-12  1.069    
  18     -0.8421893E-09 0.3578E-11 -0.8395553E-09 0.8432E-12  1.040    
  19     -0.8354234E-09 0.7043E-11 -0.8394975E-09 0.8370E-12  1.001    
  20     -0.8359248E-09 0.3264E-11 -0.8392789E-09 0.8108E-12  1.008    
   
   
 Integral [real-dipole]:  -8.3927891126216721E-010 +-   8.1084476934499927E-013
 with chisq    =   1.0077043682400160     
  
  
  
 For xq =         2100 
  
 RM48 INITIALIZED:        40           0         0



 INPUT PARAMETERS FOR VEGAS:  NDIM=  6  NCALL=   48275138.
                              IT=    0  ITMX=   10
                              MDS=  1   ND=  50
   1     -0.5947518E-09 0.1991E-10 -0.5947518E-09 0.1991E-10  0.000    
   2     -0.5862019E-09 0.8671E-11 -0.5875987E-09 0.7989E-11 0.1565    
   3     -0.5829182E-09 0.7281E-11 -0.5850718E-09 0.5396E-11 0.1724    
   4     -0.5911774E-09 0.7074E-11 -0.5873331E-09 0.4288E-11 0.2722    
   5     -0.5805412E-09 0.6892E-11 -0.5854760E-09 0.3645E-11 0.3778    
   6     -0.5889001E-09 0.6851E-11 -0.5862348E-09 0.3217E-11 0.3410    
   7     -0.5688936E-09 0.6566E-11 -0.5830479E-09 0.2894E-11  1.185    
   8     -0.5818121E-09 0.6503E-11 -0.5828454E-09 0.2644E-11  1.021    
   9     -0.5870194E-09 0.8332E-11 -0.5832304E-09 0.2521E-11 0.9212    
  10     -0.5848590E-09 0.7604E-11 -0.5833917E-09 0.2393E-11 0.8234    



 INPUT PARAMETERS FOR VEGAS:  NDIM=  6  NCALL=  488281250.
                              IT=    0  ITMX=   20
                              MDS= -1   ND=  25
   1     -0.5832681E-09 0.2410E-11 -0.5832681E-09 0.2410E-11  0.000    
   2     -0.5812286E-09 0.2451E-11 -0.5822695E-09 0.1718E-11 0.3520    
   3     -0.5815388E-09 0.2373E-11 -0.5820185E-09 0.1392E-11 0.2072    
   4     -0.5809576E-09 0.2374E-11 -0.5817480E-09 0.1201E-11 0.1877    
   5     -0.5796820E-09 0.2511E-11 -0.5813657E-09 0.1083E-11 0.2781    
   6     -0.5786781E-09 0.2422E-11 -0.5809213E-09 0.9889E-12 0.4267    
   7     -0.5827422E-09 0.2346E-11 -0.5811974E-09 0.9112E-12 0.4409    
   8     -0.5816638E-09 0.2382E-11 -0.5812571E-09 0.8510E-12 0.3826    
   9     -0.5801113E-09 0.2387E-11 -0.5811283E-09 0.8016E-12 0.3604    
  10     -0.5825383E-09 0.2691E-11 -0.5812438E-09 0.7683E-12 0.3484    
  11     -0.5817844E-09 0.2740E-11 -0.5812832E-09 0.7398E-12 0.3171    
  12     -0.5799660E-09 0.2350E-11 -0.5811650E-09 0.7056E-12 0.3143    
  13     -0.5819274E-09 0.2392E-11 -0.5812262E-09 0.6768E-12 0.2958    
  14     -0.5834897E-09 0.2555E-11 -0.5813757E-09 0.6542E-12 0.3297    
  15     -0.5784629E-09 0.2409E-11 -0.5811775E-09 0.6314E-12 0.4027    
  16     -0.5805826E-09 0.2387E-11 -0.5811387E-09 0.6104E-12 0.3798    
  17     -0.5831474E-09 0.2362E-11 -0.5812652E-09 0.5910E-12 0.3986    
  18     -0.5762082E-09 0.2372E-11 -0.5809746E-09 0.5735E-12 0.6232    
  19     -0.5784961E-09 0.2413E-11 -0.5808432E-09 0.5579E-12 0.6439    
  20     -0.5816014E-09 0.2399E-11 -0.5808822E-09 0.5434E-12 0.6150    
   
   
 Integral [real-dipole]:  -5.8088224872504590E-010 +-   5.4342316146088861E-013
 with chisq    =  0.61495162316044039     
  
  
  
 For xq =         2200 
  
 RM48 INITIALIZED:        40           0         0



 INPUT PARAMETERS FOR VEGAS:  NDIM=  6  NCALL=   48275138.
                              IT=    0  ITMX=   10
                              MDS=  1   ND=  50
   1     -0.4037369E-09 0.1366E-10 -0.4037369E-09 0.1366E-10  0.000    
   2     -0.4073259E-09 0.7169E-11 -0.4065614E-09 0.6331E-11 0.5387E-01
   3     -0.4198162E-09 0.5659E-11 -0.4141554E-09 0.4187E-11  1.252    
   4     -0.4177609E-09 0.4928E-11 -0.4156985E-09 0.3181E-11 0.9323    
   5     -0.4076136E-09 0.4767E-11 -0.4132463E-09 0.2649E-11  1.194    
   6     -0.4067111E-09 0.4793E-11 -0.4117430E-09 0.2320E-11  1.240    
   7     -0.4103736E-09 0.5059E-11 -0.4115051E-09 0.2109E-11  1.044    
   8     -0.4041781E-09 0.4853E-11 -0.4103713E-09 0.1935E-11  1.166    
   9     -0.4029673E-09 0.4594E-11 -0.4092864E-09 0.1785E-11  1.293    
  10     -0.4073118E-09 0.4669E-11 -0.4090365E-09 0.1667E-11  1.167    



 INPUT PARAMETERS FOR VEGAS:  NDIM=  6  NCALL=  488281250.
                              IT=    0  ITMX=   20
                              MDS= -1   ND=  25
   1     -0.4069990E-09 0.1597E-11 -0.4069990E-09 0.1597E-11  0.000    
   2     -0.4053509E-09 0.1597E-11 -0.4061784E-09 0.1129E-11 0.5326    
   3     -0.4082990E-09 0.1621E-11 -0.4068762E-09 0.9265E-12 0.8436    
   4     -0.4061571E-09 0.1762E-11 -0.4067209E-09 0.8201E-12 0.6063    
   5     -0.4066801E-09 0.1622E-11 -0.4067126E-09 0.7318E-12 0.4549    
   6     -0.4051166E-09 0.1707E-11 -0.4064663E-09 0.6725E-12 0.5113    
   7     -0.4063254E-09 0.1768E-11 -0.4064485E-09 0.6286E-12 0.4271    
   8     -0.4062756E-09 0.1644E-11 -0.4064265E-09 0.5871E-12 0.3675    
   9     -0.4087384E-09 0.1632E-11 -0.4066942E-09 0.5524E-12 0.5453    
  10     -0.4076306E-09 0.1620E-11 -0.4067922E-09 0.5229E-12 0.5179    
  11     -0.4080483E-09 0.1619E-11 -0.4069116E-09 0.4975E-12 0.5206    
  12     -0.4031373E-09 0.1604E-11 -0.4065860E-09 0.4752E-12 0.9260    
  13     -0.4065461E-09 0.1602E-11 -0.4065827E-09 0.4556E-12 0.8489    
  14     -0.4056361E-09 0.1677E-11 -0.4065179E-09 0.4397E-12 0.8066    
  15     -0.4067195E-09 0.1577E-11 -0.4065325E-09 0.4235E-12 0.7500    
  16     -0.4021040E-09 0.1894E-11 -0.4063259E-09 0.4133E-12  1.041    
  17     -0.4020290E-09 0.1589E-11 -0.4060588E-09 0.4000E-12  1.398    
  18     -0.4063984E-09 0.1626E-11 -0.4060782E-09 0.3884E-12  1.318    
  19     -0.4073753E-09 0.1608E-11 -0.4061502E-09 0.3775E-12  1.279    
  20     -0.4038942E-09 0.1750E-11 -0.4060509E-09 0.3690E-12  1.295    
   
   
 Integral [real-dipole]:  -4.0605087576730145E-010 +-   3.6901668337598502E-013
 with chisq    =   1.2948818525970469     
  
  
  
 For xq =         2300 
  
 RM48 INITIALIZED:        40           0         0



 INPUT PARAMETERS FOR VEGAS:  NDIM=  6  NCALL=   48275138.
                              IT=    0  ITMX=   10
                              MDS=  1   ND=  50
   1     -0.2889059E-09 0.1006E-10 -0.2889059E-09 0.1006E-10  0.000    
   2     -0.2897671E-09 0.4058E-11 -0.2896472E-09 0.3759E-11 0.6289E-02
   3     -0.2827044E-09 0.3634E-11 -0.2861385E-09 0.2624E-11 0.8782    
   4     -0.2850561E-09 0.3611E-11 -0.2857680E-09 0.2124E-11 0.6071    
   5     -0.2923701E-09 0.3898E-11 -0.2873264E-09 0.1864E-11  1.017    
   6     -0.2857909E-09 0.3585E-11 -0.2870031E-09 0.1654E-11 0.8442    
   7     -0.2811832E-09 0.3401E-11 -0.2859284E-09 0.1489E-11  1.091    
   8     -0.2836366E-09 0.3348E-11 -0.2855562E-09 0.1361E-11 0.9927    
   9     -0.2896726E-09 0.3330E-11 -0.2861580E-09 0.1260E-11  1.033    
  10     -0.2871744E-09 0.3318E-11 -0.2862864E-09 0.1177E-11 0.9269    



 INPUT PARAMETERS FOR VEGAS:  NDIM=  6  NCALL=  488281250.
                              IT=    0  ITMX=   20
                              MDS= -1   ND=  25
   1     -0.2873154E-09 0.1168E-11 -0.2873154E-09 0.1168E-11  0.000    
   2     -0.2860205E-09 0.1150E-11 -0.2866606E-09 0.8195E-12 0.6241    
   3     -0.2819912E-09 0.1152E-11 -0.2851258E-09 0.6678E-12  5.709    
   4     -0.2858256E-09 0.1127E-11 -0.2853084E-09 0.5745E-12  3.897    
   5     -0.2854680E-09 0.1164E-11 -0.2853397E-09 0.5152E-12  2.926    
   6     -0.2832077E-09 0.1130E-11 -0.2849774E-09 0.4688E-12  2.930    
   7     -0.2839218E-09 0.1144E-11 -0.2848266E-09 0.4338E-12  2.565    
   8     -0.2821303E-09 0.1191E-11 -0.2845163E-09 0.4076E-12  2.840    
   9     -0.2857685E-09 0.1176E-11 -0.2846517E-09 0.3851E-12  2.610    
  10     -0.2873034E-09 0.1132E-11 -0.2849315E-09 0.3646E-12  2.871    
  11     -0.2875299E-09 0.1165E-11 -0.2851670E-09 0.3479E-12  3.039    
  12     -0.2851577E-09 0.1124E-11 -0.2851662E-09 0.3324E-12  2.763    
  13     -0.2847169E-09 0.1202E-11 -0.2851344E-09 0.3203E-12  2.544    
  14     -0.2874717E-09 0.1136E-11 -0.2853093E-09 0.3083E-12  2.652    
  15     -0.2856533E-09 0.1143E-11 -0.2853327E-09 0.2977E-12  2.468    
  16     -0.2862460E-09 0.1131E-11 -0.2853923E-09 0.2879E-12  2.343    
  17     -0.2872550E-09 0.1205E-11 -0.2854940E-09 0.2800E-12  2.338    
  18     -0.2834563E-09 0.1128E-11 -0.2853773E-09 0.2717E-12  2.381    
  19     -0.2847606E-09 0.1237E-11 -0.2853490E-09 0.2654E-12  2.262    
  20     -0.2854092E-09 0.1128E-11 -0.2853522E-09 0.2584E-12  2.143    
   
   
 Integral [real-dipole]:  -2.8535219720123014E-010 +-   2.5835941959358078E-013
 with chisq    =   2.1431627012244632     
  
  
  
 For xq =         2400 
  
 RM48 INITIALIZED:        40           0         0



 INPUT PARAMETERS FOR VEGAS:  NDIM=  6  NCALL=   48275138.
                              IT=    0  ITMX=   10
                              MDS=  1   ND=  50
   1     -0.2153357E-09 0.9234E-11 -0.2153357E-09 0.9234E-11  0.000    
   2     -0.1956899E-09 0.3056E-11 -0.1979906E-09 0.3019E-11  4.377    
   3     -0.2008533E-09 0.2622E-11 -0.1995887E-09 0.1991E-11  2.478    
   4     -0.2024989E-09 0.2510E-11 -0.2007018E-09 0.1562E-11  1.932    
   5     -0.1994616E-09 0.2403E-11 -0.2003443E-09 0.1312E-11  1.507    
   6     -0.2004658E-09 0.2350E-11 -0.2003727E-09 0.1146E-11  1.211    
   7     -0.2046139E-09 0.2395E-11 -0.2011768E-09 0.1034E-11  1.437    
   8     -0.2068597E-09 0.2437E-11 -0.2020729E-09 0.9510E-12  1.903    
   9     -0.2027534E-09 0.2624E-11 -0.2021515E-09 0.8941E-12  1.674    
  10     -0.2029074E-09 0.2468E-11 -0.2022390E-09 0.8407E-12  1.497    



 INPUT PARAMETERS FOR VEGAS:  NDIM=  6  NCALL=  488281250.
                              IT=    0  ITMX=   20
                              MDS= -1   ND=  25
   1     -0.2041919E-09 0.8220E-12 -0.2041919E-09 0.8220E-12  0.000    
   2     -0.2017873E-09 0.8388E-12 -0.2030280E-09 0.5870E-12  4.191    
   3     -0.2016417E-09 0.8146E-12 -0.2025583E-09 0.4763E-12  3.054    
   4     -0.2006721E-09 0.1013E-11 -0.2022219E-09 0.4307E-12  2.982    
   5     -0.2012282E-09 0.8034E-12 -0.2020015E-09 0.3796E-12  2.536    
   6     -0.2011950E-09 0.8052E-12 -0.2018557E-09 0.3434E-12  2.194    
   7     -0.2016735E-09 0.8393E-12 -0.2018296E-09 0.3178E-12  1.836    
   8     -0.2029605E-09 0.9570E-12 -0.2019431E-09 0.3017E-12  1.753    
   9     -0.2022802E-09 0.8180E-12 -0.2019836E-09 0.2830E-12  1.552    
  10     -0.2005933E-09 0.8114E-12 -0.2018346E-09 0.2673E-12  1.669    
  11     -0.2021832E-09 0.8159E-12 -0.2018685E-09 0.2540E-12  1.518    
  12     -0.2027091E-09 0.8192E-12 -0.2019428E-09 0.2426E-12  1.467    
  13     -0.2033531E-09 0.8127E-12 -0.2020597E-09 0.2324E-12  1.576    
  14     -0.2012188E-09 0.8075E-12 -0.2019958E-09 0.2234E-12  1.532    
  15     -0.2025625E-09 0.8235E-12 -0.2020349E-09 0.2156E-12  1.454    
  16     -0.2001785E-09 0.8008E-12 -0.2019115E-09 0.2082E-12  1.687    
  17     -0.2024573E-09 0.8014E-12 -0.2019462E-09 0.2015E-12  1.609    
  18     -0.2037734E-09 0.8151E-12 -0.2020533E-09 0.1956E-12  1.796    
  19     -0.2019365E-09 0.8238E-12 -0.2020470E-09 0.1903E-12  1.697    
  20     -0.2026312E-09 0.8271E-12 -0.2020766E-09 0.1855E-12  1.632    
   
   
 Integral [real-dipole]:  -2.0207656113165757E-010 +-   1.8546342144406410E-013
 with chisq    =   1.6323338970233043     
  
  
  
 For xq =         2500 
  
 RM48 INITIALIZED:        40           0         0



 INPUT PARAMETERS FOR VEGAS:  NDIM=  6  NCALL=   48275138.
                              IT=    0  ITMX=   10
                              MDS=  1   ND=  50
   1     -0.1501314E-09 0.5584E-11 -0.1501314E-09 0.5584E-11  0.000    
   2     -0.1408198E-09 0.2081E-11 -0.1420894E-09 0.1999E-11  2.555    
   3     -0.1443719E-09 0.1886E-11 -0.1432876E-09 0.1374E-11  1.628    
   4     -0.1427076E-09 0.1808E-11 -0.1430798E-09 0.1096E-11  1.116    
   5     -0.1444674E-09 0.1721E-11 -0.1434800E-09 0.9247E-12 0.9528    
   6     -0.1426699E-09 0.1731E-11 -0.1433037E-09 0.8162E-12 0.7991    
   7     -0.1427071E-09 0.1782E-11 -0.1432020E-09 0.7423E-12 0.6831    
   8     -0.1430290E-09 0.1719E-11 -0.1431752E-09 0.6816E-12 0.5877    
   9     -0.1445366E-09 0.1885E-11 -0.1433338E-09 0.6410E-12 0.5718    
  10     -0.1380900E-09 0.1761E-11 -0.1427637E-09 0.6027E-12  1.327    



 INPUT PARAMETERS FOR VEGAS:  NDIM=  6  NCALL=  488281250.
                              IT=    0  ITMX=   20
                              MDS= -1   ND=  25
   1     -0.1426102E-09 0.5796E-12 -0.1426102E-09 0.5796E-12  0.000    
   2     -0.1441384E-09 0.5834E-12 -0.1433774E-09 0.4112E-12  3.453    
   3     -0.1435337E-09 0.5776E-12 -0.1434301E-09 0.3350E-12  1.750    
   4     -0.1443402E-09 0.5824E-12 -0.1436585E-09 0.2904E-12  1.778    
   5     -0.1444647E-09 0.5840E-12 -0.1438197E-09 0.2600E-12  1.715    
   6     -0.1440984E-09 0.5746E-12 -0.1438673E-09 0.2369E-12  1.411    
   7     -0.1432791E-09 0.5866E-12 -0.1437854E-09 0.2197E-12  1.320    
   8     -0.1438343E-09 0.6132E-12 -0.1437909E-09 0.2068E-12  1.132    
   9     -0.1443747E-09 0.5901E-12 -0.1438552E-09 0.1952E-12  1.099    
  10     -0.1435406E-09 0.5988E-12 -0.1438252E-09 0.1855E-12  1.005    
  11     -0.1454061E-09 0.5776E-12 -0.1439760E-09 0.1766E-12  1.594    
  12     -0.1444343E-09 0.5851E-12 -0.1440145E-09 0.1691E-12  1.500    
  13     -0.1441262E-09 0.5697E-12 -0.1440236E-09 0.1621E-12  1.378    
  14     -0.1445888E-09 0.6235E-12 -0.1440596E-09 0.1569E-12  1.331    
  15     -0.1441120E-09 0.5877E-12 -0.1440631E-09 0.1516E-12  1.236    
  16     -0.1433561E-09 0.5748E-12 -0.1440176E-09 0.1466E-12  1.248    
  17     -0.1423474E-09 0.5746E-12 -0.1439177E-09 0.1420E-12  1.657    
  18     -0.1444539E-09 0.5888E-12 -0.1439474E-09 0.1381E-12  1.605    
  19     -0.1441138E-09 0.5996E-12 -0.1439558E-09 0.1346E-12  1.520    
  20     -0.1441242E-09 0.8228E-12 -0.1439602E-09 0.1328E-12  1.442    
   
   
 Integral [real-dipole]:  -1.4396020808422710E-010 +-   1.3279892371873877E-013
 with chisq    =   1.4420651684195114     
  
  
  
 For xq =         2600 
  
 RM48 INITIALIZED:        40           0         0



 INPUT PARAMETERS FOR VEGAS:  NDIM=  6  NCALL=   48275138.
                              IT=    0  ITMX=   10
                              MDS=  1   ND=  50
   1     -0.1079468E-09 0.3673E-11 -0.1079468E-09 0.3673E-11  0.000    
   2     -0.1001905E-09 0.1570E-11 -0.1015476E-09 0.1482E-11  3.953    
   3     -0.1025536E-09 0.1318E-11 -0.1021018E-09 0.9883E-12  2.125    
   4     -0.1030316E-09 0.1488E-11 -0.1023843E-09 0.8235E-12  1.510    
   5     -0.1029039E-09 0.1336E-11 -0.1025262E-09 0.7013E-12  1.162    
   6     -0.1037461E-09 0.1310E-11 -0.1027995E-09 0.6182E-12  1.064    
   7     -0.1022770E-09 0.1232E-11 -0.1026962E-09 0.5529E-12 0.9132    
   8     -0.1016832E-09 0.1220E-11 -0.1025279E-09 0.5039E-12 0.8657    
   9     -0.1023913E-09 0.1271E-11 -0.1025096E-09 0.4685E-12 0.7598    
  10     -0.1029249E-09 0.1241E-11 -0.1025613E-09 0.4383E-12 0.6864    



 INPUT PARAMETERS FOR VEGAS:  NDIM=  6  NCALL=  488281250.
                              IT=    0  ITMX=   20
                              MDS= -1   ND=  25
   1     -0.1033892E-09 0.4190E-12 -0.1033892E-09 0.4190E-12  0.000    
   2     -0.1028326E-09 0.4600E-12 -0.1031383E-09 0.3097E-12 0.7997    
   3     -0.1033731E-09 0.4172E-12 -0.1032220E-09 0.2486E-12 0.5014    
   4     -0.1033347E-09 0.4161E-12 -0.1032517E-09 0.2134E-12 0.3521    
   5     -0.1033829E-09 0.4807E-12 -0.1032734E-09 0.1951E-12 0.2795    
   6     -0.1033287E-09 0.5402E-12 -0.1032798E-09 0.1835E-12 0.2254    
   7     -0.1035002E-09 0.4250E-12 -0.1033145E-09 0.1684E-12 0.2256    
   8     -0.1030168E-09 0.4242E-12 -0.1032742E-09 0.1566E-12 0.2541    
   9     -0.1035031E-09 0.4284E-12 -0.1033013E-09 0.1470E-12 0.2538    
  10     -0.1039721E-09 0.4386E-12 -0.1033698E-09 0.1394E-12 0.4614    
  11     -0.1026700E-09 0.4197E-12 -0.1033011E-09 0.1323E-12 0.6635    
  12     -0.1039862E-09 0.4380E-12 -0.1033591E-09 0.1267E-12 0.8085    
  13     -0.1032131E-09 0.4246E-12 -0.1033472E-09 0.1214E-12 0.7503    
  14     -0.1028750E-09 0.4231E-12 -0.1033116E-09 0.1167E-12 0.7809    
  15     -0.1036292E-09 0.4307E-12 -0.1033335E-09 0.1126E-12 0.7612    
  16     -0.1030987E-09 0.4190E-12 -0.1033177E-09 0.1088E-12 0.7301    
  17     -0.1036983E-09 0.5313E-12 -0.1033331E-09 0.1066E-12 0.7151    
  18     -0.1036268E-09 0.4374E-12 -0.1033497E-09 0.1035E-12 0.6980    
  19     -0.1027272E-09 0.4222E-12 -0.1033148E-09 0.1006E-12 0.7723    
  20     -0.1033371E-09 0.4227E-12 -0.1033160E-09 0.9782E-13 0.7318    
   
   
 Integral [real-dipole]:  -1.0331597156926479E-010 +-   9.7820806794129448E-014
 with chisq    =  0.73182417433643943     
  
  
  
 For xq =         2700 
  
 RM48 INITIALIZED:        40           0         0



 INPUT PARAMETERS FOR VEGAS:  NDIM=  6  NCALL=   48275138.
                              IT=    0  ITMX=   10
                              MDS=  1   ND=  50
   1     -0.7313963E-10 0.3309E-11 -0.7313963E-10 0.3309E-11  0.000    
   2     -0.7542380E-10 0.1250E-11 -0.7515361E-10 0.1156E-11 0.4071    
   3     -0.7314316E-10 0.1615E-11 -0.7448654E-10 0.9402E-12 0.7125    
   4     -0.7447336E-10 0.1542E-11 -0.7448293E-10 0.8026E-12 0.4732    
   5     -0.7451252E-10 0.1082E-11 -0.7449351E-10 0.6441E-12 0.3541    
   6     -0.7412431E-10 0.9239E-12 -0.7437282E-10 0.5284E-12 0.3048    
   7     -0.7392835E-10 0.8859E-12 -0.7425668E-10 0.4540E-12 0.2851    
   8     -0.7383624E-10 0.8749E-12 -0.7416801E-10 0.4031E-12 0.2704    
   9     -0.7493328E-10 0.8918E-12 -0.7430032E-10 0.3670E-12 0.3137    
  10     -0.7385434E-10 0.8708E-12 -0.7423353E-10 0.3383E-12 0.3037    



 INPUT PARAMETERS FOR VEGAS:  NDIM=  6  NCALL=  488281250.
                              IT=    0  ITMX=   20
                              MDS= -1   ND=  25
   1     -0.7417417E-10 0.3042E-12 -0.7417417E-10 0.3042E-12  0.000    
   2     -0.7450402E-10 0.3583E-12 -0.7431308E-10 0.2320E-12 0.4928    
   3     -0.7401331E-10 0.3004E-12 -0.7420171E-10 0.1836E-12 0.5582    
   4     -0.7402504E-10 0.3413E-12 -0.7416221E-10 0.1617E-12 0.4417    
   5     -0.7428986E-10 0.3725E-12 -0.7418250E-10 0.1483E-12 0.3558    
   6     -0.7407478E-10 0.3089E-12 -0.7416237E-10 0.1337E-12 0.3046    
   7     -0.7407397E-10 0.3235E-12 -0.7414949E-10 0.1236E-12 0.2645    
   8     -0.7401186E-10 0.3060E-12 -0.7413026E-10 0.1146E-12 0.2516    
   9     -0.7443071E-10 0.3063E-12 -0.7416740E-10 0.1073E-12 0.3261    
  10     -0.7396794E-10 0.3327E-12 -0.7414869E-10 0.1021E-12 0.3261    
  11     -0.7451270E-10 0.3059E-12 -0.7418551E-10 0.9688E-13 0.4215    
  12     -0.7386202E-10 0.3034E-12 -0.7415583E-10 0.9229E-13 0.4766    
  13     -0.7404531E-10 0.3099E-12 -0.7414685E-10 0.8845E-13 0.4467    
  14     -0.7410461E-10 0.3058E-12 -0.7414359E-10 0.8497E-13 0.4137    
  15     -0.7359749E-10 0.3326E-12 -0.7411060E-10 0.8232E-13 0.5630    
  16     -0.7465848E-10 0.3050E-12 -0.7414831E-10 0.7948E-13 0.7280    
  17     -0.7455092E-10 0.3819E-12 -0.7416520E-10 0.7782E-13 0.7493    
  18     -0.7421067E-10 0.3184E-12 -0.7416777E-10 0.7559E-13 0.7063    
  19     -0.7405694E-10 0.3125E-12 -0.7416166E-10 0.7347E-13 0.6738    
  20     -0.7387990E-10 0.3081E-12 -0.7414660E-10 0.7147E-13 0.6799    
   
   
 Integral [real-dipole]:  -7.4146603798812202E-011 +-   7.1470159082947715E-014
 with chisq    =  0.67992347370866779     
  
  
  
 For xq =         2800 
  
 RM48 INITIALIZED:        40           0         0



 INPUT PARAMETERS FOR VEGAS:  NDIM=  6  NCALL=   48275138.
                              IT=    0  ITMX=   10
                              MDS=  1   ND=  50
   1     -0.5040534E-10 0.2144E-11 -0.5040534E-10 0.2144E-11  0.000    
   2     -0.5360494E-10 0.8107E-12 -0.5324592E-10 0.7414E-12  1.855    
   3     -0.5428121E-10 0.7378E-12 -0.5378800E-10 0.5192E-12  1.397    
   4     -0.5278347E-10 0.6762E-12 -0.5341549E-10 0.4118E-12  1.394    
   5     -0.5355168E-10 0.6549E-12 -0.5345488E-10 0.3482E-12  1.047    
   6     -0.5429004E-10 0.6375E-12 -0.5365433E-10 0.3051E-12  1.103    
   7     -0.5359394E-10 0.6983E-12 -0.5364451E-10 0.2795E-12 0.9182    
   8     -0.5369444E-10 0.6959E-12 -0.5365156E-10 0.2594E-12 0.7860    
   9     -0.5253819E-10 0.7029E-12 -0.5352143E-10 0.2434E-12 0.9599    
  10     -0.5452643E-10 0.6890E-12 -0.5363786E-10 0.2294E-12  1.067    



 INPUT PARAMETERS FOR VEGAS:  NDIM=  6  NCALL=  488281250.
                              IT=    0  ITMX=   20
                              MDS= -1   ND=  25
   1     -0.5371933E-10 0.2598E-12 -0.5371933E-10 0.2598E-12  0.000    
   2     -0.5350415E-10 0.2223E-12 -0.5359552E-10 0.1690E-12 0.3963    
   3     -0.5383263E-10 0.2171E-12 -0.5368543E-10 0.1333E-12 0.5700    
   4     -0.5404705E-10 0.2325E-12 -0.5377581E-10 0.1156E-12 0.9898    
   5     -0.5364043E-10 0.2192E-12 -0.5374645E-10 0.1023E-12 0.8175    
   6     -0.5333298E-10 0.2967E-12 -0.5370313E-10 0.9665E-13 0.9989    
   7     -0.5379023E-10 0.2312E-12 -0.5371613E-10 0.8917E-13 0.8521    
   8     -0.5404742E-10 0.2235E-12 -0.5376213E-10 0.8282E-13  1.002    
   9     -0.5366097E-10 0.2328E-12 -0.5375079E-10 0.7803E-13 0.8984    
  10     -0.5341693E-10 0.2199E-12 -0.5371385E-10 0.7354E-13  1.025    
  11     -0.5347096E-10 0.2169E-12 -0.5368900E-10 0.6965E-13  1.035    
  12     -0.5395877E-10 0.2199E-12 -0.5371383E-10 0.6640E-13  1.065    
  13     -0.5395542E-10 0.2325E-12 -0.5373220E-10 0.6385E-13  1.060    
  14     -0.5367526E-10 0.2218E-12 -0.5372785E-10 0.6136E-13 0.9829    
  15     -0.5402942E-10 0.2194E-12 -0.5374996E-10 0.5909E-13  1.038    
  16     -0.5359471E-10 0.2193E-12 -0.5373950E-10 0.5705E-13  1.001    
  17     -0.5361646E-10 0.2210E-12 -0.5373184E-10 0.5524E-13 0.9563    
  18     -0.5314557E-10 0.2172E-12 -0.5369694E-10 0.5354E-13  1.296    
  19     -0.5361760E-10 0.2217E-12 -0.5369258E-10 0.5204E-13  1.231    
  20     -0.5336775E-10 0.2304E-12 -0.5367698E-10 0.5076E-13  1.265    
   
   
 Integral [real-dipole]:  -5.3676983345384624E-011 +-   5.0764656306642399E-014
 with chisq    =   1.2653164255575629     
  
  
  
 For xq =         2900 
  
 RM48 INITIALIZED:        40           0         0



 INPUT PARAMETERS FOR VEGAS:  NDIM=  6  NCALL=   48275138.
                              IT=    0  ITMX=   10
                              MDS=  1   ND=  50
   1     -0.3887899E-10 0.1596E-11 -0.3887899E-10 0.1596E-11  0.000    
   2     -0.3885374E-10 0.6046E-12 -0.3885691E-10 0.5656E-12 0.2190E-03
   3     -0.4049690E-10 0.7411E-12 -0.3949219E-10 0.4489E-12  1.583    
   4     -0.3870919E-10 0.6402E-12 -0.3924032E-10 0.3681E-12  1.394    
   5     -0.3856923E-10 0.5064E-12 -0.3901355E-10 0.2985E-12  1.336    
   6     -0.3927958E-10 0.4811E-12 -0.3908797E-10 0.2535E-12  1.111    
   7     -0.3894447E-10 0.4663E-12 -0.3905548E-10 0.2228E-12 0.9394    
   8     -0.3858620E-10 0.4875E-12 -0.3897618E-10 0.2028E-12 0.9153    
   9     -0.3885660E-10 0.4779E-12 -0.3895808E-10 0.1867E-12 0.8084    
  10     -0.3871667E-10 0.4711E-12 -0.3892576E-10 0.1736E-12 0.7446    



 INPUT PARAMETERS FOR VEGAS:  NDIM=  6  NCALL=  488281250.
                              IT=    0  ITMX=   20
                              MDS= -1   ND=  25
   1     -0.3887511E-10 0.1597E-12 -0.3887511E-10 0.1597E-12  0.000    
   2     -0.3888028E-10 0.1594E-12 -0.3887770E-10 0.1128E-12 0.5255E-03
   3     -0.3880305E-10 0.1590E-12 -0.3885276E-10 0.9201E-13 0.7348E-01
   4     -0.3864071E-10 0.1858E-12 -0.3881135E-10 0.8242E-13 0.3958    
   5     -0.3883169E-10 0.1593E-12 -0.3881565E-10 0.7321E-13 0.3000    
   6     -0.3886367E-10 0.1721E-12 -0.3882303E-10 0.6737E-13 0.2531    
   7     -0.3924900E-10 0.1626E-12 -0.3888665E-10 0.6223E-13  1.202    
   8     -0.3906475E-10 0.2001E-12 -0.3890249E-10 0.5944E-13  1.133    
   9     -0.3857718E-10 0.1605E-12 -0.3886383E-10 0.5574E-13  1.439    
  10     -0.3886300E-10 0.1602E-12 -0.3886374E-10 0.5264E-13  1.279    
  11     -0.3882007E-10 0.1629E-12 -0.3885962E-10 0.5009E-13  1.158    
  12     -0.3911509E-10 0.1604E-12 -0.3888259E-10 0.4781E-13  1.264    
  13     -0.3911489E-10 0.1623E-12 -0.3890136E-10 0.4586E-13  1.316    
  14     -0.3887607E-10 0.1596E-12 -0.3889943E-10 0.4408E-13  1.217    
  15     -0.3891170E-10 0.1613E-12 -0.3890028E-10 0.4252E-13  1.130    
  16     -0.3868122E-10 0.1598E-12 -0.3888595E-10 0.4109E-13  1.172    
  17     -0.3855247E-10 0.1648E-12 -0.3886675E-10 0.3987E-13  1.337    
  18     -0.3918567E-10 0.2314E-12 -0.3887610E-10 0.3930E-13  1.367    
  19     -0.3870711E-10 0.1605E-12 -0.3886662E-10 0.3817E-13  1.349    
  20     -0.3877055E-10 0.1605E-12 -0.3886150E-10 0.3714E-13  1.296    
   
   
 Integral [real-dipole]:  -3.8861503063096119E-011 +-   3.7137940816276919E-014
 with chisq    =   1.2964890566782790     
  
  
  
 For xq =         3000 
  
 RM48 INITIALIZED:        40           0         0



 INPUT PARAMETERS FOR VEGAS:  NDIM=  6  NCALL=   48275138.
                              IT=    0  ITMX=   10
                              MDS=  1   ND=  50
   1     -0.2860864E-10 0.1121E-11 -0.2860864E-10 0.1121E-11  0.000    
   2     -0.2713264E-10 0.3980E-12 -0.2731412E-10 0.3830E-12  1.601    
   3     -0.2729285E-10 0.3387E-12 -0.2730241E-10 0.2549E-12 0.8128    
   4     -0.2826752E-10 0.3435E-12 -0.2765451E-10 0.2043E-12  2.261    
   5     -0.2823471E-10 0.3438E-12 -0.2780912E-10 0.1755E-12  2.220    
   6     -0.2841446E-10 0.3369E-12 -0.2794191E-10 0.1555E-12  2.284    
   7     -0.2848285E-10 0.3708E-12 -0.2802519E-10 0.1434E-12  2.203    
   8     -0.2855043E-10 0.3542E-12 -0.2810134E-10 0.1329E-12  2.157    
   9     -0.2864239E-10 0.3481E-12 -0.2817233E-10 0.1241E-12  2.151    
  10     -0.2807805E-10 0.3461E-12 -0.2816166E-10 0.1168E-12  1.920    



 INPUT PARAMETERS FOR VEGAS:  NDIM=  6  NCALL=  488281250.
                              IT=    0  ITMX=   20
                              MDS= -1   ND=  25
   1     -0.2837587E-10 0.1607E-12 -0.2837587E-10 0.1607E-12  0.000    
   2     -0.2823854E-10 0.1217E-12 -0.2828890E-10 0.9707E-13 0.4648    
   3     -0.2808319E-10 0.1312E-12 -0.2821688E-10 0.7805E-13  1.024    
   4     -0.2830735E-10 0.1227E-12 -0.2824302E-10 0.6585E-13 0.8111    
   5     -0.2843049E-10 0.1207E-12 -0.2828647E-10 0.5779E-13  1.075    
   6     -0.2835752E-10 0.1215E-12 -0.2829963E-10 0.5219E-13 0.9153    
   7     -0.2816929E-10 0.1204E-12 -0.2827918E-10 0.4788E-13 0.9272    
   8     -0.2859783E-10 0.1802E-12 -0.2830064E-10 0.4631E-13  1.217    
   9     -0.2827803E-10 0.1222E-12 -0.2829781E-10 0.4330E-13  1.069    
  10     -0.2830939E-10 0.1218E-12 -0.2829911E-10 0.4080E-13 0.9514    
  11     -0.2815242E-10 0.1199E-12 -0.2828405E-10 0.3863E-13 0.9900    
  12     -0.2833551E-10 0.1343E-12 -0.2828799E-10 0.3712E-13 0.9122    
  13     -0.2832848E-10 0.2062E-12 -0.2828926E-10 0.3654E-13 0.8392    
  14     -0.2844200E-10 0.1214E-12 -0.2830207E-10 0.3498E-13 0.8867    
  15     -0.2821887E-10 0.1200E-12 -0.2829559E-10 0.3359E-13 0.8552    
  16     -0.2842971E-10 0.1481E-12 -0.2830221E-10 0.3276E-13 0.8501    
  17     -0.2811727E-10 0.1183E-12 -0.2828921E-10 0.3157E-13 0.9378    
  18     -0.2829976E-10 0.1221E-12 -0.2828987E-10 0.3057E-13 0.8831    
  19     -0.2818408E-10 0.1192E-12 -0.2828340E-10 0.2961E-13 0.8751    
  20     -0.2809278E-10 0.1221E-12 -0.2827296E-10 0.2878E-13 0.9491    
   
   
 Integral [real-dipole]:  -2.8272962606312743E-011 +-   2.8778299974595771E-014
 with chisq    =  0.94912671125594272     
  
  
  
    xq         Integral [real-dipole]                 error
    100     -0.346652163426757E-02      0.124205733984620E-05
    200     -0.185355899077886E-03      0.869751999631280E-07
    300     -0.305745124462531E-04      0.161921917087136E-07
    400     -0.809088547576889E-05      0.467154436525675E-08
    500     -0.277354176256102E-05      0.170599949845117E-08
    600     -0.112306381524977E-05      0.730694655865052E-09
    700     -0.509065961146467E-06      0.352082453429689E-09
    800     -0.251588723036210E-06      0.179013687370020E-09
    900     -0.132468212684480E-06      0.972735936469765E-10
   1000     -0.733815667253674E-07      0.559249640650283E-10
   1100     -0.422456150685151E-07      0.327141619036251E-10
   1200     -0.251516743798525E-07      0.200370454923434E-10
   1300     -0.154440806202668E-07      0.126652383625836E-10
   1400     -0.968623809017262E-08      0.803064891160500E-11
   1500     -0.620962116781751E-08      0.506874143128797E-11
   1600     -0.405641896683481E-08      0.350710636704339E-11
   1700     -0.268535530895670E-08      0.234643681115917E-11
   1800     -0.180197719173546E-08      0.158293242475080E-11
   1900     -0.122420123203872E-08      0.113320764299603E-11
   2000     -0.839278911262167E-09      0.810844769344999E-12
   2100     -0.580882248725046E-09      0.543423161460889E-12
   2200     -0.406050875767301E-09      0.369016683375985E-12
   2300     -0.285352197201230E-09      0.258359419593581E-12
   2400     -0.202076561131658E-09      0.185463421444064E-12
   2500     -0.143960208084227E-09      0.132798923718739E-12
   2600     -0.103315971569265E-09      0.978208067941294E-13
   2700     -0.741466037988122E-10      0.714701590829477E-13
   2800     -0.536769833453846E-10      0.507646563066424E-13
   2900     -0.388615030630961E-10      0.371379408162769E-13
   3000     -0.282729626063127E-10      0.287782999745958E-13
Thanks for using LHAPDF 6.5.4. Please make sure to cite the paper:
  Eur.Phys.J. C75 (2015) 3, 132  (http://arxiv.org/abs/1412.7420)
