   100.00000000000000       0.70623988514074421        3.5995253056506338E-003
   200.00000000000000        3.4491992416007221E-002   1.4786047122121945E-003
   300.00000000000000        8.4451656452225084E-003   1.1193483958024169E-004
   400.00000000000000        2.0010835874070413E-003   5.3011636104107320E-005
   500.00000000000000        7.0151947832205010E-004   2.4965523029538630E-005
LHAPDF 6.5.4 loading /home/niraj/1TB-Disc/Workspace-IITG/Packages/Install/LHAPDF-6.5.4/install/share/LHAPDF/MMHT2014nlo68cl/MMHT2014nlo68cl_0000.dat
MMHT2014nlo68cl PDF set, member #0, version 3; LHAPDF ID = 25100
 Writing your data in ../summary/trial1/virtual.dat
   
   
 ~~~~~~~~~~~~~~~~~~~~~~~~~~~~~~~~~~~~~~~~~~~~
     Calculating virtual contribrtion
 ~~~~~~~~~~~~~~~~~~~~~~~~~~~~~~~~~~~~~~~~~~~~
   
 ~~~~~~~~~~~~~~~~~~~~~~~~~~~~~~~~~~~~~~~~
Using Vegas points:                   1.E+05
         Iteration:                   10
 ~~~~~~~~~~~~~~~~~~~~~~~~~~~~~~~~~~~~~~~~
  
 For xq =          100 
  
 RM48 INITIALIZED:        40           0         0



 INPUT PARAMETERS FOR VEGAS:  NDIM=  3  NCALL=      93312.
                              IT=    0  ITMX=   10
                              MDS= -1   ND=  36
   1       1.005890     0.7416       1.005890     0.7416      0.000    
   2      0.4608367     0.1413      0.5412329     0.2215     0.7612    
   3      0.6142706     0.9915E-01  0.5963577     0.1025     0.4835    
   4      0.5879200     0.9186E-01  0.5925935     0.7281E-01 0.3546    
   5      0.5913406     0.4168E-01  0.5917331     0.3959E-01 0.2818    
   6      0.5194565     0.3303E-01  0.5586514     0.2813E-01 0.5698    
   7       1.414320     0.9277      0.5623154     0.3467E-01 0.7442    
   8      0.7265455     0.1047      0.5756927     0.3283E-01 0.9210    
   9      0.7309354     0.6442E-01  0.6034619     0.2948E-01  1.330    
  10      0.6694255     0.5434E-01  0.6149481     0.2641E-01  1.316    



 INPUT PARAMETERS FOR VEGAS:  NDIM=  3  NCALL=     949104.
                              IT=    0  ITMX=   20
                              MDS= -1   ND=  39
   1      0.7091778     0.1525E-01  0.7091778     0.1525E-01  0.000    
   2      0.6902852     0.1621E-01  0.7005620     0.1110E-01 0.7187    
   3      0.7238393     0.1679E-01  0.7079806     0.9268E-02  1.036    
   4      0.7036816     0.1591E-01  0.7069017     0.8009E-02 0.7108    
   5      0.7027556     0.1695E-01  0.7061518     0.7240E-02 0.5465    
   6      0.7049965     0.1731E-01  0.7059802     0.6679E-02 0.4382    
   7      0.6956744     0.1642E-01  0.7045534     0.6187E-02 0.4218    
   8      0.7216803     0.1636E-01  0.7067879     0.5787E-02 0.5013    
   9      0.7048965     0.1546E-01  0.7065565     0.5420E-02 0.4405    
  10      0.7034110     0.1646E-01  0.7062512     0.5148E-02 0.3955    
  11      0.6790692     0.1509E-01  0.7036083     0.4875E-02 0.6313    
  12      0.7315269     0.1615E-01  0.7061092     0.4667E-02 0.8355    
  13      0.7048310     0.1536E-01  0.7060016     0.4465E-02 0.7666    
  14      0.6959439     0.1595E-01  0.7052900     0.4300E-02 0.7367    
  15      0.6859550     0.1653E-01  0.7041266     0.4161E-02 0.7738    
  16      0.7263246     0.1625E-01  0.7055747     0.4031E-02 0.8425    
  17      0.7201652     0.1567E-01  0.7065162     0.3904E-02 0.8406    
  18      0.7035911     0.1561E-01  0.7063453     0.3787E-02 0.7934    
  19      0.7047440     0.1567E-01  0.7062573     0.3681E-02 0.7501    
  20      0.7058616     0.1716E-01  0.7062399     0.3600E-02 0.7106    
   
   
 Integral virtual contribrtion:  0.70623988514074421      +-   3.5995253056506338E-003
 with chisq    =  0.71062289435713866     
  
  
  
 For xq =          200 
  
 RM48 INITIALIZED:        40           0         0



 INPUT PARAMETERS FOR VEGAS:  NDIM=  3  NCALL=      93312.
                              IT=    0  ITMX=   10
                              MDS= -1   ND=  36
   1      0.3707575E-01 0.3106E-01  0.3707575E-01 0.3106E-01  0.000    
   2      0.2206559E-01 0.1012E-01  0.2552394E-01 0.1227E-01 0.2654    
   3      0.1065731     0.8279E-01  0.4265596E-01 0.2371E-01  1.002    
   4      0.2101616E-01 0.3462E-02  0.2481324E-01 0.8743E-02  1.157    
   5      0.2147468E-01 0.2467E-02  0.2271305E-01 0.4842E-02  1.077    
   6      0.2445779E-01 0.1777E-02  0.2377944E-01 0.2814E-02  1.011    
   7      0.2671716E-01 0.1704E-02  0.2507932E-01 0.1992E-02  1.027    
   8      0.3571605E-01 0.9937E-02  0.2532097E-01 0.1917E-02  1.026    
   9      0.2836626E-01 0.3208E-02  0.2568907E-01 0.1735E-02  1.005    
  10      0.2551012E-01 0.1879E-02  0.2564938E-01 0.1478E-02 0.9573    



 INPUT PARAMETERS FOR VEGAS:  NDIM=  3  NCALL=     949104.
                              IT=    0  ITMX=   20
                              MDS= -1   ND=  39
   1      0.4191635E-01 0.7691E-02  0.4191635E-01 0.7691E-02  0.000    
   2      0.4277453E-01 0.9515E-02  0.4226385E-01 0.5994E-02 0.4939E-02
   3      0.3746276E-01 0.6773E-02  0.4043942E-01 0.4546E-02 0.1341    
   4      0.2770635E-01 0.1656E-02  0.3054998E-01 0.1998E-02  2.451    
   5      0.5969653E-01 0.1702E-01  0.3151211E-01 0.2236E-02  2.775    
   6      0.4738927E-01 0.1085E-01  0.3228553E-01 0.2218E-02  2.621    
   7      0.3523505E-01 0.5956E-02  0.3252735E-01 0.2070E-02  2.327    
   8      0.5738895E-01 0.1545E-01  0.3330607E-01 0.2137E-02  2.400    
   9      0.4378264E-01 0.1116E-01  0.3365968E-01 0.2095E-02  2.213    
  10      0.4731864E-01 0.1202E-01  0.3410828E-01 0.2073E-02  2.097    
  11      0.5897986E-01 0.1640E-01  0.3477200E-01 0.2110E-02  2.133    
  12      0.3100514E-01 0.2243E-02  0.3370629E-01 0.1745E-02  2.119    
  13      0.5797537E-01 0.1491E-01  0.3423771E-01 0.1768E-02  2.188    
  14      0.6200598E-01 0.1983E-01  0.3462545E-01 0.1804E-02  2.164    
  15      0.4537826E-01 0.1156E-01  0.3485698E-01 0.1778E-02  2.078    
  16      0.3009760E-01 0.2166E-02  0.3384592E-01 0.1548E-02  2.120    
  17      0.3544220E-01 0.7236E-02  0.3388697E-01 0.1509E-02  2.040    
  18      0.4070307E-01 0.9946E-02  0.3400715E-01 0.1487E-02  1.965    
  19      0.4568741E-01 0.1375E-01  0.3414137E-01 0.1478E-02  1.896    
  20      0.5388336E-01 0.1293E-01  0.3449199E-01 0.1479E-02  1.926    
   
   
 Integral virtual contribrtion:   3.4491992416007221E-002 +-   1.4786047122121945E-003
 with chisq    =   1.9262807036184455     
  
  
  
 For xq =          300 
  
 RM48 INITIALIZED:        40           0         0



 INPUT PARAMETERS FOR VEGAS:  NDIM=  3  NCALL=      93312.
                              IT=    0  ITMX=   10
                              MDS= -1   ND=  36
   1      0.8767712E-02 0.5546E-02  0.8767712E-02 0.5546E-02  0.000    
   2      0.8177654E-02 0.3076E-02  0.8331793E-02 0.2741E-02 0.8943E-02
   3      0.1085588E-01 0.5138E-02  0.9134802E-02 0.2493E-02 0.1149    
   4      0.5719804E-02 0.1093E-02  0.6876995E-02 0.1333E-02 0.5808    
   5      0.4598597E-02 0.6081E-03  0.5555428E-02 0.8000E-03  1.002    
   6      0.6896388E-02 0.9991E-03  0.5992334E-02 0.6432E-03  1.027    
   7      0.7087747E-02 0.8841E-03  0.6326787E-02 0.5296E-03  1.028    
   8      0.1725685E-01 0.1046E-01  0.6466229E-02 0.6456E-03  1.101    
   9      0.5402224E-02 0.1283E-02  0.6384599E-02 0.5968E-03  1.069    
  10      0.6668332E-02 0.1290E-02  0.6414020E-02 0.5519E-03 0.9989    



 INPUT PARAMETERS FOR VEGAS:  NDIM=  3  NCALL=     949104.
                              IT=    0  ITMX=   20
                              MDS= -1   ND=  39
   1      0.7557839E-02 0.3573E-03  0.7557839E-02 0.3573E-03  0.000    
   2      0.8468886E-02 0.4165E-03  0.7995422E-02 0.2736E-03  2.768    
   3      0.9028541E-02 0.5665E-03  0.8230808E-02 0.2508E-03  2.765    
   4      0.8429227E-02 0.4371E-03  0.8280442E-02 0.2175E-03  1.889    
   5      0.8721222E-02 0.5635E-03  0.8341595E-02 0.2035E-03  1.534    
   6      0.9557708E-02 0.7284E-03  0.8451889E-02 0.1985E-03  1.792    
   7      0.8423078E-02 0.5611E-03  0.8448833E-02 0.1870E-03  1.505    
   8      0.9110038E-02 0.8190E-03  0.8485237E-02 0.1831E-03  1.368    
   9      0.8045881E-02 0.4143E-03  0.8422114E-02 0.1681E-03  1.321    
  10      0.8986316E-02 0.6872E-03  0.8456625E-02 0.1636E-03  1.240    
  11      0.7650581E-02 0.4708E-03  0.8387062E-02 0.1548E-03  1.352    
  12      0.8009957E-02 0.4500E-03  0.8351679E-02 0.1466E-03  1.293    
  13      0.8836848E-02 0.5507E-03  0.8386057E-02 0.1417E-03  1.243    
  14      0.8313510E-02 0.4164E-03  0.8378887E-02 0.1343E-03  1.154    
  15      0.8685820E-02 0.4228E-03  0.8407970E-02 0.1279E-03  1.104    
  16      0.8479965E-02 0.5338E-03  0.8411831E-02 0.1244E-03  1.032    
  17      0.9064122E-02 0.5502E-03  0.8447395E-02 0.1214E-03  1.054    
  18      0.8849146E-02 0.4495E-03  0.8476408E-02 0.1172E-03  1.034    
  19      0.8269688E-02 0.5306E-03  0.8467454E-02 0.1144E-03 0.9881    
  20      0.7818128E-02 0.5537E-03  0.8445166E-02 0.1119E-03  1.003    
   
   
 Integral virtual contribrtion:   8.4451656452225084E-003 +-   1.1193483958024169E-004
 with chisq    =   1.0026464729349485     
  
  
  
 For xq =          400 
  
 RM48 INITIALIZED:        40           0         0



 INPUT PARAMETERS FOR VEGAS:  NDIM=  3  NCALL=      93312.
                              IT=    0  ITMX=   10
                              MDS= -1   ND=  36
   1      0.2144393E-02 0.1540E-02  0.2144393E-02 0.1540E-02  0.000    
   2      0.7428514E-03 0.2572E-03  0.1007246E-02 0.5005E-03  1.200    
   3      0.1128887E-02 0.2199E-03  0.1094742E-02 0.2418E-03 0.7472    
   4      0.1063759E-02 0.9818E-04  0.1071127E-02 0.1108E-03 0.5695    
   5      0.9512725E-03 0.7383E-04  0.1008954E-02 0.7272E-04 0.6463    
   6      0.3189538E-02 0.2147E-02  0.1023883E-02 0.9818E-04 0.9526    
   7      0.1805902E-02 0.3406E-03  0.1086620E-02 0.9449E-04  1.631    
   8      0.1923528E-02 0.2273E-03  0.1228636E-02 0.8708E-04  3.226    
   9      0.1726163E-02 0.2107E-03  0.1296899E-02 0.8058E-04  3.408    
  10      0.1956724E-02 0.1973E-03  0.1407356E-02 0.7428E-04  4.190    



 INPUT PARAMETERS FOR VEGAS:  NDIM=  3  NCALL=     949104.
                              IT=    0  ITMX=   20
                              MDS= -1   ND=  39
   1      0.2213505E-02 0.2787E-03  0.2213505E-02 0.2787E-03  0.000    
   2      0.2531936E-02 0.4382E-03  0.2323721E-02 0.2422E-03 0.3913    
   3      0.2457803E-02 0.4331E-03  0.2357288E-02 0.2120E-03 0.2288    
   4      0.2738018E-02 0.5206E-03  0.2424665E-02 0.1994E-03 0.3191    
   5      0.2610884E-02 0.4826E-03  0.2454031E-02 0.1847E-03 0.2685    
   6      0.2551211E-02 0.4006E-03  0.2471461E-02 0.1677E-03 0.2237    
   7      0.2341447E-02 0.3118E-03  0.2445510E-02 0.1486E-03 0.2106    
   8      0.2253352E-02 0.2766E-03  0.2408959E-02 0.1321E-03 0.2313    
   9      0.3119970E-02 0.9070E-03  0.2432283E-02 0.1342E-03 0.3011    
  10      0.1758718E-02 0.6600E-04  0.1985607E-02 0.7582E-04  2.241    
  11      0.2114772E-02 0.2753E-03  0.1992354E-02 0.7289E-04  2.084    
  12      0.2211662E-02 0.2883E-03  0.2003212E-02 0.7051E-04  1.966    
  13      0.3041581E-02 0.5754E-03  0.2027060E-02 0.7120E-04  2.125    
  14      0.2538479E-02 0.4392E-03  0.2040725E-02 0.7035E-04  2.061    
  15      0.2340694E-02 0.3668E-03  0.2050190E-02 0.6897E-04  1.969    
  16      0.2322550E-02 0.3278E-03  0.2060387E-02 0.6741E-04  1.891    
  17      0.2664494E-02 0.4494E-03  0.2075816E-02 0.6686E-04  1.883    
  18      0.2877811E-02 0.7023E-03  0.2085484E-02 0.6710E-04  1.839    
  19      0.1821769E-02 0.6914E-04  0.1997766E-02 0.5413E-04  2.074    
  20      0.2116697E-02 0.2735E-03  0.2001084E-02 0.5301E-04  1.998    
   
   
 Integral virtual contribrtion:   2.0010835874070413E-003 +-   5.3011636104107320E-005
 with chisq    =   1.9982838091402559     
  
  
  
 For xq =          500 
  
 RM48 INITIALIZED:        40           0         0



 INPUT PARAMETERS FOR VEGAS:  NDIM=  3  NCALL=      93312.
                              IT=    0  ITMX=   10
                              MDS= -1   ND=  36
   1      0.8361217E-03 0.5725E-03  0.8361217E-03 0.5725E-03  0.000    
   2      0.3363399E-03 0.1045E-03  0.4217092E-03 0.1803E-03  1.088    
   3      0.3518572E-03 0.8373E-04  0.3807928E-03 0.1017E-03 0.7652    
   4      0.3300470E-03 0.7023E-04  0.3593375E-03 0.7072E-04 0.6512    
   5      0.2861388E-03 0.2871E-04  0.3113698E-03 0.3857E-04 0.7696    
   6      0.3185513E-03 0.2477E-04  0.3151180E-03 0.2541E-04 0.6817    
   7      0.2893430E-03 0.1956E-04  0.3045934E-03 0.1871E-04 0.6970    
   8      0.4295347E-03 0.1483E-03  0.3065187E-03 0.1854E-04 0.6970    
   9      0.7059016E-03 0.3069E-03  0.3103641E-03 0.2009E-04 0.9859    
  10      0.8037074E-03 0.1341E-03  0.3406533E-03 0.2124E-04  4.190    



 INPUT PARAMETERS FOR VEGAS:  NDIM=  3  NCALL=     949104.
                              IT=    0  ITMX=   20
                              MDS= -1   ND=  39
   1      0.9981610E-03 0.1894E-03  0.9981610E-03 0.1894E-03  0.000    
   2      0.8021314E-03 0.8924E-04  0.8522890E-03 0.8689E-04 0.9690    
   3      0.8242214E-03 0.1196E-03  0.8437494E-03 0.7038E-04 0.5307    
   4      0.6620542E-03 0.3804E-04  0.7238382E-03 0.3876E-04  2.041    
   5      0.9927239E-03 0.2997E-03  0.7301177E-03 0.3991E-04  1.668    
   6      0.1686224E-02 0.9573E-03  0.7363885E-03 0.4817E-04  1.424    
   7      0.1991412E-02 0.1254E-02  0.7430408E-03 0.5630E-04  1.300    
   8      0.1520832E-02 0.8194E-03  0.7486341E-03 0.5794E-04  1.229    
   9      0.7642837E-03 0.7755E-04  0.7512726E-03 0.5093E-04  1.159    
  10      0.7848237E-03 0.1304E-03  0.7532583E-03 0.4792E-04  1.097    
  11      0.6057930E-03 0.2609E-04  0.6842080E-03 0.3375E-04  1.534    
  12      0.8291573E-03 0.1801E-03  0.6868271E-03 0.3278E-04  1.484    
  13      0.7954329E-03 0.8460E-04  0.6944389E-03 0.3100E-04  1.481    
  14      0.7014432E-03 0.7088E-04  0.6949437E-03 0.2922E-04  1.428    
  15      0.9128137E-03 0.1346E-03  0.7020742E-03 0.2846E-04  1.484    
  16      0.1336558E-02 0.5234E-03  0.7050045E-03 0.2890E-04  1.485    
  17      0.6215411E-03 0.4094E-04  0.6932901E-03 0.2626E-04  1.526    
  18      0.6931375E-03 0.6274E-04  0.6932795E-03 0.2493E-04  1.483    
  19      0.1066527E-02 0.2422E-03  0.6973380E-03 0.2482E-04  1.533    
  20      0.1240193E-02 0.3333E-03  0.7015195E-03 0.2497E-04  1.614    
   
   
 Integral virtual contribrtion:   7.0151947832205010E-004 +-   2.4965523029538630E-005
 with chisq    =   1.6142975703213154     
  
  
  
    xq         Integral virtual contribrtion                 error
    100      0.706239885140744E+00      0.359952530565063E-02
    200      0.344919924160072E-01      0.147860471221219E-02
    300      0.844516564522251E-02      0.111934839580242E-03
    400      0.200108358740704E-02      0.530116361041073E-04
    500      0.701519478322050E-03      0.249655230295386E-04
Thanks for using LHAPDF 6.5.4. Please make sure to cite the paper:
  Eur.Phys.J. C75 (2015) 3, 132  (http://arxiv.org/abs/1412.7420)
