   1500.0000000000000       0.15707010479187700        3.3338086264080120E-003
  
 Writing data in the file  ../summary/run1_05/real_1500.dat                                                                    
  
LHAPDF 6.5.4 loading /home/niraj/1TB-Disc/Workspace-IITG/Packages/Install/LHAPDF-6.5.4/install/share/LHAPDF/MMHT2014nlo68cl/MMHT2014nlo68cl_0000.dat
MMHT2014nlo68cl PDF set, member #0, version 3; LHAPDF ID = 25100
   
   ----------------------------------
   |Initializing Dipole Subtraction  |
   ----------------------------------
  
  
  
 ~~~~~~~~~~~~~~~~~~~~~~~~~~~~~~~~~~~~~~~~
Using Vegas points:                   2.E+08
         Iteration:                   10
 ~~~~~~~~~~~~~~~~~~~~~~~~~~~~~~~~~~~~~~~~
  
 For xq =         1500 
  
 RM48 INITIALIZED:        40           0         0



 INPUT PARAMETERS FOR VEGAS:  NDIM=  6  NCALL=  171532242.
                              IT=    0  ITMX=   10
                              MDS=  1   ND=  50
   1      0.9881281E-02 0.1597E-02  0.9881281E-02 0.1597E-02  0.000    
   2      0.4275604E-01 0.1011E-01  0.2035341E-01 0.4139E-02  13.69    
   3      0.4793170E-01 0.7771E-02  0.3148642E-01 0.3865E-02  10.81    
   4      0.6738050E-01 0.9571E-02  0.4385699E-01 0.3903E-02  11.00    
   5      0.7651901E-01 0.1138E-01  0.5167343E-01 0.3933E-02  9.321    
   6      0.7141033E-01 0.7104E-02  0.5854841E-01 0.3366E-02  8.195    
   7      0.1223881     0.1813E-01  0.6721870E-01 0.3843E-02  9.927    
   8      0.2062824     0.9581E-01  0.6911266E-01 0.5327E-02  5.676    
   9      0.1296993     0.1743E-01  0.7759235E-01 0.5139E-02  6.679    
  10      0.1297101     0.1627E-01  0.8480739E-01 0.4914E-02  7.087    



 INPUT PARAMETERS FOR VEGAS:  NDIM=  6  NCALL= 1775007362.
                              IT=    0  ITMX=   20
                              MDS= -1   ND=  31
   1      0.1534221     0.1100E-01  0.1534221     0.1100E-01  0.000    
   2      0.1542627     0.1295E-01  0.1537767     0.8385E-02 0.2451E-02
   3      0.1539203     0.7898E-02  0.1538528     0.5749E-02 0.1303E-02
   4      0.1523934     0.6385E-02  0.1532064     0.4280E-02 0.1043E-01
   5      0.1824113     0.1976E-01  0.1550206     0.4313E-02 0.6752    
   6      0.1691114     0.2130E-01  0.1556397     0.4259E-02 0.6214    
   7      0.1407701     0.5732E-02  0.1512378     0.3512E-02  1.159    
   8      0.1826164     0.1859E-01  0.1526573     0.3501E-02  1.450    
   9      0.1569569     0.1082E-01  0.1530434     0.3330E-02  1.294    
  10      0.1558533     0.1042E-01  0.1532882     0.3171E-02  1.165    
  11      0.1641098     0.1044E-01  0.1542382     0.3034E-02  1.146    
  12      0.1653247     0.1296E-01  0.1548440     0.2957E-02  1.103    
  13      0.1628996     0.1529E-01  0.1551397     0.2904E-02  1.032    
  14      0.1519980     0.1039E-01  0.1549363     0.2797E-02 0.9666    
  15      0.3650498     0.1401      0.1553670     0.3158E-02  1.350    
  16      0.2556360     0.7326E-01  0.1557342     0.3247E-02  1.419    
  17      0.3991113     0.2445      0.1559291     0.3568E-02  1.334    
  18      0.1654114     0.1158E-01  0.1564770     0.3429E-02  1.305    
  19      0.1807614     0.2147E-01  0.1569550     0.3376E-02  1.302    
  20      0.1688274     0.2843E-01  0.1570701     0.3334E-02  1.259    
   
   
 Integral [real-dipole]:  0.15707010479187700      +-   3.3338086264080120E-003
 with chisq    =   1.2589347483127640     
  
  
  
    xq         Integral [real-dipole]                 error
   1500      0.157070104791877E+00      0.333380862640801E-02
Thanks for using LHAPDF 6.5.4. Please make sure to cite the paper:
  Eur.Phys.J. C75 (2015) 3, 132  (http://arxiv.org/abs/1412.7420)
