 ~~~~~~~~~~~~~~~~~~~~~~~~~~~~~~~~~~~~~~~~~~~~                                                                                                                               
     Calculating [+] distribution with delta 1d-5 usual Kbar                                                                                                   
 ~~~~~~~~~~~~~~~~~~~~~~~~~~~~~~~~~~~~~~~~~~~~                                                                                                   
                                                                                                      
 ~~~~~~~~~~~~~~~~~~~~~~~~~~~~~~~~~~~~~~~~                                                                                                   
Using Vegas points:                   2.E+08                                                                                                   
         Iteration:                   40                                                                                                   
 ~~~~~~~~~~~~~~~~~~~~~~~~~~~~~~~~~~~~~~~~                                                                                                   
                                                                                                     
 For xq =          100                                                                                                    
                                                                                                     
 RM48 INITIALIZED:        40           0         0                                                                                                   
                                                                                                   
                                                                                                   
                                                                                                   
 INPUT PARAMETERS FOR VEGAS:  NDIM=  4  NCALL=  192119202.                                                                                                   
                              IT=    0  ITMX=   40                                                                                                   
                              MDS= -1   ND=  33                                                                                                   
   1      0.3390425E-01 0.4041E-01  0.3390425E-01 0.4041E-01  0.000                                                                                                       
   2      0.2567521E-02 0.8561E-02  0.3035436E-01 0.2698E-01 0.1355                                                                                                       
   3      0.1099749E-01 0.4899E-02  0.1363185E-01 0.8542E-02 0.3938                                                                                                       
   4      0.9476473E-02 0.3219E-02  0.1114822E-01 0.4854E-02 0.3858                                                                                                       
   5      0.1190433E-01 0.2569E-02  0.1159952E-01 0.2896E-02 0.3318                                                                                                       
   6      0.7612112E-02 0.2330E-02  0.1068684E-01 0.2366E-02 0.4070                                                                                                       
   7      0.1593950E-01 0.2270E-02  0.1338657E-01 0.1646E-02 0.7644                                                                                                       
   8      0.1321425E-01 0.2217E-02  0.1334001E-01 0.1377E-02 0.6837                                                                                                       
   9      0.8728133E-02 0.2201E-02  0.1284744E-01 0.1250E-02 0.8105                                                                                                       
  10      0.9058195E-02 0.2197E-02  0.1245514E-01 0.1145E-02 0.8829                                                                                                       
  11      0.1094190E-01 0.2195E-02  0.1225629E-01 0.1045E-02 0.8520                                                                                                       
  12      0.9052375E-02 0.2204E-02  0.1199388E-01 0.9762E-03 0.8892                                                                                                       
  13      0.1004193E-01 0.2200E-02  0.1181449E-01 0.9127E-03 0.8785                                                                                                       
  14      0.9197896E-02 0.2210E-02  0.1162884E-01 0.8622E-03 0.8910                                                                                                       
  15      0.9888420E-02 0.2203E-02  0.1149611E-01 0.8158E-03 0.8765                                                                                                       
  16      0.9862725E-02 0.2232E-02  0.1138369E-01 0.7762E-03 0.8605                                                                                                       
  17      0.8409962E-02 0.2245E-02  0.1124354E-01 0.7445E-03 0.8803                                                                                                       
  18      0.1212488E-01 0.2252E-02  0.1132170E-01 0.7086E-03 0.8409    
  19      0.1065480E-01 0.2284E-02  0.1128006E-01 0.6805E-03 0.8104    
  20      0.1428189E-01 0.2307E-02  0.1157744E-01 0.6502E-03 0.8579    
  21      0.1256843E-01 0.2321E-02  0.1164724E-01 0.6263E-03 0.8245    
  22      0.1023452E-01 0.2336E-02  0.1158495E-01 0.6074E-03 0.8091    
  23      0.1124816E-01 0.2372E-02  0.1156841E-01 0.5895E-03 0.7802    
  24      0.1260813E-01 0.2383E-02  0.1162829E-01 0.5723E-03 0.7541    
  25      0.1176594E-01 0.2337E-02  0.1163512E-01 0.5565E-03 0.7266    
  26      0.5246497E-02 0.2343E-02  0.1157306E-01 0.5449E-03 0.7733    
  27      0.1111247E-01 0.2308E-02  0.1155327E-01 0.5311E-03 0.7502    
  28      0.7039799E-02 0.2293E-02  0.1147575E-01 0.5202E-03 0.7873    
  29      0.9517718E-02 0.2305E-02  0.1141675E-01 0.5088E-03 0.7850    
  30      0.1054424E-01 0.2334E-02  0.1138639E-01 0.4979E-03 0.7676    
  31      0.1095819E-01 0.2351E-02  0.1137108E-01 0.4875E-03 0.7471    
  32      0.9599830E-02 0.2389E-02  0.1132524E-01 0.4784E-03 0.7424    
  33      0.1088086E-01 0.2402E-02  0.1131110E-01 0.4695E-03 0.7238    
  34      0.7301695E-02 0.2428E-02  0.1125562E-01 0.4620E-03 0.7462    
  35      0.1035946E-01 0.2407E-02  0.1123094E-01 0.4541E-03 0.7321    
  36      0.1349795E-01 0.2466E-02  0.1132766E-01 0.4462E-03 0.7352    
  37      0.9431939E-02 0.2470E-02  0.1128909E-01 0.4395E-03 0.7321    
  38      0.1228838E-01 0.2463E-02  0.1132263E-01 0.4325E-03 0.7153    
  39      0.8503932E-02 0.2465E-02  0.1127811E-01 0.4265E-03 0.7230    
  40      0.1232913E-01 0.2523E-02  0.1131038E-01 0.4204E-03 0.7073    



 INPUT PARAMETERS FOR VEGAS:  NDIM=  4  NCALL= 1919025152.
                              IT=    0  ITMX=   80
                              MDS= -1   ND=  44
   1      0.1078773E-01 0.7367E-03  0.1078773E-01 0.7367E-03  0.000    
   2      0.7769941E-02 0.7364E-03  0.9756290E-02 0.5209E-03  7.552    
   3      0.9095939E-02 0.7347E-03  0.9545009E-02 0.4249E-03  4.121    
   4      0.9510015E-02 0.7339E-03  0.9535927E-02 0.3677E-03  2.717    
   5      0.8392590E-02 0.7363E-03  0.9344726E-02 0.3290E-03  2.541    
   6      0.1016997E-01 0.7361E-03  0.9507496E-02 0.3004E-03  2.197    
   7      0.1045494E-01 0.7374E-03  0.9670472E-02 0.2782E-03  2.042    
   8      0.8927618E-02 0.7344E-03  0.9587084E-02 0.2601E-03  1.893    
   9      0.8437154E-02 0.7353E-03  0.9482550E-02 0.2453E-03  1.921    
  10      0.1076237E-01 0.7355E-03  0.9647410E-02 0.2327E-03  2.031    
  11      0.1078247E-01 0.7339E-03  0.9777857E-02 0.2218E-03  2.047    
  12      0.9380329E-02 0.7355E-03  0.9746176E-02 0.2123E-03  1.891    
  13      0.1097248E-01 0.7346E-03  0.9867014E-02 0.2040E-03  1.961    
  14      0.9352995E-02 0.7359E-03  0.9832780E-02 0.1966E-03  1.852    
  15      0.1095967E-01 0.7378E-03  0.9926755E-02 0.1899E-03  1.880    
  16      0.9552103E-02 0.7341E-03  0.9904226E-02 0.1839E-03  1.776    
  17      0.1007519E-01 0.7355E-03  0.9914909E-02 0.1784E-03  1.661    
  18      0.9818618E-02 0.7377E-03  0.9909545E-02 0.1734E-03  1.564    
  19      0.8692612E-02 0.7342E-03  0.9858174E-02 0.1688E-03  1.610    
  20      0.8661910E-02 0.7342E-03  0.9810043E-02 0.1645E-03  1.649    
  21      0.9876779E-02 0.7343E-03  0.9813360E-02 0.1605E-03  1.564    
  22      0.9178028E-02 0.7356E-03  0.9787309E-02 0.1568E-03  1.527    
  23      0.1038668E-01 0.7339E-03  0.9817348E-02 0.1533E-03  1.481    
  24      0.1016526E-01 0.7350E-03  0.9833239E-02 0.1501E-03  1.421    
  25      0.1025580E-01 0.7352E-03  0.9852002E-02 0.1471E-03  1.370    
  26      0.8615889E-02 0.7348E-03  0.9814404E-02 0.1442E-03  1.413    
  27      0.8754564E-02 0.7347E-03  0.9782121E-02 0.1415E-03  1.432    
  28      0.1062965E-01 0.7367E-03  0.9818351E-02 0.1390E-03  1.425    
  29      0.9246703E-02 0.7364E-03  0.9800422E-02 0.1366E-03  1.397    
  30      0.9632251E-02 0.7342E-03  0.9794855E-02 0.1343E-03  1.351    
  31      0.1024709E-01 0.7359E-03  0.9811111E-02 0.1321E-03  1.315    
  32      0.1039860E-01 0.7336E-03  0.9832208E-02 0.1300E-03  1.289    
  33      0.9506438E-02 0.7361E-03  0.9822776E-02 0.1280E-03  1.256    
  34      0.1005398E-01 0.7364E-03  0.9830022E-02 0.1261E-03  1.219    
  35      0.1029583E-01 0.7354E-03  0.9844883E-02 0.1243E-03  1.192    
  36      0.9387049E-02 0.7344E-03  0.9833024E-02 0.1226E-03  1.170    
  37      0.9198927E-02 0.7368E-03  0.9817732E-02 0.1209E-03  1.159    
  38      0.8931669E-02 0.7341E-03  0.9797891E-02 0.1193E-03  1.165    
  39      0.1018862E-01 0.7367E-03  0.9808878E-02 0.1178E-03  1.139    
  40      0.8238158E-02 0.7333E-03  0.9780262E-02 0.1163E-03  1.201    
  41      0.9487319E-02 0.7342E-03  0.9773368E-02 0.1148E-03  1.176    
  42      0.9873848E-02 0.7349E-03  0.9775861E-02 0.1135E-03  1.147    
  43      0.8972745E-02 0.7349E-03  0.9759736E-02 0.1121E-03  1.147    
  44      0.8653992E-02 0.7359E-03  0.9739519E-02 0.1109E-03  1.167    
  45      0.9441299E-02 0.7324E-03  0.9733107E-02 0.1096E-03  1.145    
  46      0.1097182E-01 0.7359E-03  0.9767734E-02 0.1084E-03  1.191    
  47      0.1009374E-01 0.7356E-03  0.9775275E-02 0.1073E-03  1.168    
  48      0.1015422E-01 0.7357E-03  0.9783941E-02 0.1061E-03  1.147    
  49      0.1004805E-01 0.7350E-03  0.9789736E-02 0.1050E-03  1.124    
  50      0.8905477E-02 0.7346E-03  0.9774737E-02 0.1040E-03  1.129    
  51      0.7354404E-02 0.7346E-03  0.9747057E-02 0.1030E-03  1.240    
  52      0.1075598E-01 0.7365E-03  0.9771027E-02 0.1020E-03  1.255    
  53      0.8975757E-02 0.7353E-03  0.9758043E-02 0.1010E-03  1.253    
  54      0.9752311E-02 0.7351E-03  0.9757934E-02 0.1001E-03  1.229    
  55      0.9444485E-02 0.7354E-03  0.9752474E-02 0.9915E-04  1.210    
  56      0.9343423E-02 0.7347E-03  0.9745603E-02 0.9826E-04  1.195    
  57      0.9892886E-02 0.7357E-03  0.9748318E-02 0.9739E-04  1.173    
  58      0.1066402E-01 0.7384E-03  0.9767382E-02 0.9656E-04  1.180    
  59      0.8874327E-02 0.7343E-03  0.9754550E-02 0.9574E-04  1.184    
  60      0.9772015E-02 0.7360E-03  0.9754847E-02 0.9494E-04  1.164    
  61      0.1046373E-01 0.7345E-03  0.9768492E-02 0.9415E-04  1.159    
  62      0.9989122E-02 0.7354E-03  0.9772286E-02 0.9339E-04  1.140    
  63      0.9177965E-02 0.7347E-03  0.9763766E-02 0.9264E-04  1.133    
  64      0.9771970E-02 0.7353E-03  0.9763897E-02 0.9192E-04  1.115    
  65      0.1123707E-01 0.7375E-03  0.9794180E-02 0.9121E-04  1.173    
  66      0.9524978E-02 0.7352E-03  0.9790238E-02 0.9052E-04  1.158    
  67      0.9033554E-02 0.7371E-03  0.9780450E-02 0.8984E-04  1.156    
  68      0.8373489E-02 0.7355E-03  0.9764918E-02 0.8918E-04  1.184    
  69      0.1025484E-01 0.7347E-03  0.9772915E-02 0.8853E-04  1.172    
  70      0.1014733E-01 0.7352E-03  0.9778797E-02 0.8790E-04  1.157    
  71      0.1052940E-01 0.7363E-03  0.9791246E-02 0.8728E-04  1.155    
  72      0.1050987E-01 0.7359E-03  0.9802940E-02 0.8667E-04  1.151    
  73      0.9222714E-02 0.7352E-03  0.9795747E-02 0.8607E-04  1.145    
  74      0.9286615E-02 0.7350E-03  0.9789422E-02 0.8549E-04  1.136    
  75      0.1008148E-01 0.7350E-03  0.9793636E-02 0.8492E-04  1.122    
  76      0.1014815E-01 0.7350E-03  0.9798744E-02 0.8436E-04  1.109    
  77      0.1070959E-01 0.7350E-03  0.9813129E-02 0.8381E-04  1.115    
  78      0.1057084E-01 0.7340E-03  0.9824643E-02 0.8326E-04  1.114    
  79      0.9351996E-02 0.7352E-03  0.9819107E-02 0.8274E-04  1.106    
  80      0.1039059E-01 0.7351E-03  0.9827255E-02 0.8222E-04  1.099    
   
   
 Integral Plus:   9.8272553077859721E-003 +-   8.2215912824624317E-005
 with chisq    =   1.0985380988601043     


   
 ~~~~~~~~~~~~~~~~~~~~~~~~~~~~~~~~~~~~~~~~~~~~
     Calculating [+] distribution with delta 1d-5
 ~~~~~~~~~~~~~~~~~~~~~~~~~~~~~~~~~~~~~~~~~~~~
   
 ~~~~~~~~~~~~~~~~~~~~~~~~~~~~~~~~~~~~~~~~
Using Vegas points:                   2.E+08
         Iteration:                   10
 ~~~~~~~~~~~~~~~~~~~~~~~~~~~~~~~~~~~~~~~~
  
 For xq =          100 
  
 RM48 INITIALIZED:        40           0         0



 INPUT PARAMETERS FOR VEGAS:  NDIM=  4  NCALL=  192119202.
                              IT=    0  ITMX=   10
                              MDS= -1   ND=  33
   1      0.3390425E-01 0.4041E-01  0.3390425E-01 0.4041E-01  0.000    
   2      0.2567521E-02 0.8561E-02  0.3035436E-01 0.2698E-01 0.1355    
   3      0.1099749E-01 0.4899E-02  0.1363185E-01 0.8542E-02 0.3938    
   4      0.9476473E-02 0.3219E-02  0.1114822E-01 0.4854E-02 0.3858    
   5      0.1190433E-01 0.2569E-02  0.1159952E-01 0.2896E-02 0.3318    
   6      0.7612112E-02 0.2330E-02  0.1068684E-01 0.2366E-02 0.4070    
   7      0.1593950E-01 0.2270E-02  0.1338657E-01 0.1646E-02 0.7644    
   8      0.1321425E-01 0.2217E-02  0.1334001E-01 0.1377E-02 0.6837    
   9      0.8728133E-02 0.2201E-02  0.1284744E-01 0.1250E-02 0.8105    
  10      0.9058195E-02 0.2197E-02  0.1245514E-01 0.1145E-02 0.8829    



 INPUT PARAMETERS FOR VEGAS:  NDIM=  4  NCALL= 1919025152.
                              IT=    0  ITMX=   20
                              MDS= -1   ND=  44
   1      0.9727371E-02 0.6739E-03  0.9727371E-02 0.6739E-03  0.000    
   2      0.1095265E-01 0.6725E-03  0.1041366E-01 0.4760E-03  1.633    
   3      0.8253752E-02 0.6740E-03  0.9894231E-02 0.3888E-03  3.749    
   4      0.9073851E-02 0.6724E-03  0.9708813E-02 0.3366E-03  2.927    
   5      0.1042123E-01 0.6739E-03  0.9871891E-02 0.3011E-03  2.362    
   6      0.1071866E-01 0.6750E-03  0.1003654E-01 0.2750E-03  2.122    
   7      0.8430620E-02 0.6733E-03  0.9863346E-02 0.2546E-03  2.479    
   8      0.1022401E-01 0.6740E-03  0.9912633E-02 0.2382E-03  2.135    
   9      0.9108698E-02 0.6749E-03  0.9834159E-02 0.2246E-03  2.036    
  10      0.1038602E-01 0.6731E-03  0.9896599E-02 0.2130E-03  1.859    
  11      0.9370613E-02 0.6732E-03  0.9852252E-02 0.2031E-03  1.737    
  12      0.9162076E-02 0.6750E-03  0.9801017E-02 0.1945E-03  1.673    
  13      0.8672021E-02 0.6721E-03  0.9730058E-02 0.1868E-03  1.737    
  14      0.1061097E-01 0.6744E-03  0.9805361E-02 0.1801E-03  1.723    
  15      0.1016101E-01 0.6750E-03  0.9831172E-02 0.1740E-03  1.609    
  15      0.1016101E-01 0.6750E-03  0.9831172E-02 0.1740E-03  1.609
  16      0.9254284E-02 0.6725E-03  0.9798186E-02 0.1684E-03  1.553
  17      0.1001737E-01 0.6742E-03  0.9811883E-02 0.1634E-03  1.457
  18      0.1090433E-01 0.6736E-03  0.9887320E-02 0.1588E-03  1.530
  19      0.9920706E-02 0.6739E-03  0.9889123E-02 0.1546E-03  1.443
  20      0.9902229E-02 0.6742E-03  0.9889792E-02 0.1507E-03  1.366


 Integral Plus:   9.8897922305536106E-003 +-   1.5066061509976233E-004
 with chisq    =   1.3657286643211048


