  
 Writing data in the file  ../summary/run_00_test0/real0.dat                                                                   
  
LHAPDF 6.5.4 loading /home/niraj/1TB-Disc/Workspace-IITG/Packages/Install/LHAPDF-6.5.4/install/share/LHAPDF/MMHT2014lo68cl/MMHT2014lo68cl_0000.dat
MMHT2014lo68cl PDF set, member #0, version 3; LHAPDF ID = 25000
   
   ----------------------------------
   |Initializing Dipole Subtraction  |
   ----------------------------------
  
  
  
 ~~~~~~~~~~~~~~~~~~~~~~~~~~~~~~~~~~~~~~~~
using vegas points:                   2.E+08
         iteration:                   10
 ~~~~~~~~~~~~~~~~~~~~~~~~~~~~~~~~~~~~~~~~
                                         
 ~~~~~~~~~~~~~[Technical Cuts Used]~~~~~~~~~~~
  Cut for Energy e5 :                   1.E-11
  Collinear cut sij :                   1.E-11
 ~~~~~~~~~~~~~~~~~~~~~~~~~~~~~~~~~~~~~~~~~~~~~
  
 [1;32mFor xq =          100 [0m
  
 RM48 INITIALIZED:        40           0         0



 INPUT PARAMETERS FOR VEGAS:  NDIM=  6  NCALL=  171532242.
                              IT=    0  ITMX=   10
                              MDS=  1   ND=  50
   1      0.3655913E-05 0.7643E-06  0.3655913E-05 0.7643E-06  0.000    
   2      0.5378045E-05 0.3893E-06  0.5193729E-05 0.3145E-06  2.865    
   3      0.6538587E-05 0.3476E-06  0.6032190E-05 0.2235E-06  5.320    
   4      0.3719859E-04 0.2668E-04  0.6138545E-05 0.8029E-06  1.982    
   5      0.7232579E-05 0.6134E-06  0.6353197E-05 0.6552E-06  1.904    
   6      0.8444856E-05 0.6131E-06  0.6794896E-05 0.5435E-06  2.240    
   7      0.1269518E-04 0.3091E-05  0.6903611E-05 0.5232E-06  2.361    
   8      0.8576886E-05 0.2716E-06  0.7776159E-05 0.3456E-06  3.055    
   9      0.1035796E-04 0.5808E-06  0.8144237E-05 0.3104E-06  3.898    
  10      0.1005153E-04 0.3318E-06  0.8700185E-05 0.2543E-06  4.950    



 INPUT PARAMETERS FOR VEGAS:  NDIM=  6  NCALL= 1775007362.
                              IT=    0  ITMX=   20
                              MDS= -1   ND=  31
   1      0.1289934E-04 0.1291E-05  0.1289934E-04 0.1291E-05  0.000    
   2      0.1184487E-04 0.5407E-06  0.1202644E-04 0.5143E-06 0.5991    
   3      0.1434203E-04 0.1485E-05  0.1234735E-04 0.5038E-06  1.530    
   4      0.1143095E-04 0.3274E-06  0.1175686E-04 0.2915E-06  1.839    
   5      0.1176397E-04 0.5971E-06  0.1175807E-04 0.2618E-06  1.418    
   6      0.1257265E-04 0.9816E-06  0.1181275E-04 0.2531E-06  1.262    
   7      0.1240670E-04 0.1090E-05  0.1184267E-04 0.2463E-06  1.101    
   8      0.1215559E-04 0.9181E-06  0.1186262E-04 0.2376E-06 0.9648    
   9      0.1117425E-04 0.2781E-06  0.1160796E-04 0.1865E-06  1.260    
  10      0.1232177E-04 0.6239E-06  0.1166653E-04 0.1787E-06  1.253    
  11      0.1301396E-04 0.9915E-06  0.1171366E-04 0.1765E-06  1.313    
  12      0.1308485E-04 0.1299E-05  0.1174134E-04 0.1755E-06  1.292    
  13      0.1134508E-04 0.2793E-06  0.1164342E-04 0.1513E-06  1.306    
  14      0.1155947E-04 0.3213E-06  0.1162979E-04 0.1379E-06  1.221    
  15      0.1140857E-04 0.2792E-06  0.1159148E-04 0.1248E-06  1.176    
  16      0.1257022E-04 0.9353E-06  0.1160948E-04 0.1238E-06  1.169    
  17      0.1291441E-04 0.8870E-06  0.1163704E-04 0.1229E-06  1.235    
  18      0.1730189E-04 0.4882E-05  0.1164413E-04 0.1261E-06  1.251    
  19      0.1347227E-04 0.1428E-05  0.1166018E-04 0.1260E-06  1.275    
  20      0.1121140E-04 0.2262E-06  0.1157262E-04 0.1124E-06  1.353    
   
   
 [1;32mIntegral [real-dipole]:   1.1572617859046168E-005 [0m+-   1.1240847466965948E-007
 with chisq    =   1.3528904329508407     
  
  
  
 [1;32mFor xq =          400 [0m
  
 RM48 INITIALIZED:        40           0         0



 INPUT PARAMETERS FOR VEGAS:  NDIM=  6  NCALL=  171532242.
                              IT=    0  ITMX=   10
                              MDS=  1   ND=  50
   1      0.1288687E-03 0.4663E-04  0.1288687E-03 0.4663E-04  0.000    
   2      0.2578680E-03 0.1009E-03  0.1882995E-03 0.5416E-04  1.409    
   3      0.1757669E-03 0.1922E-04  0.1775823E-03 0.1971E-04 0.7956    
   4      0.3521874E-03 0.1325E-03  0.1893425E-03 0.2382E-04  1.463    
   5      0.2580573E-03 0.3914E-04  0.2094828E-03 0.2027E-04  1.667    
   6      0.2417038E-03 0.1402E-04  0.2309825E-03 0.1165E-04  1.683    
   7      0.2735057E-03 0.1317E-04  0.2518865E-03 0.8447E-05  2.412    
   8      0.3346275E-03 0.4898E-04  0.2560682E-03 0.8627E-05  2.512    
   9      0.3656496E-03 0.6548E-04  0.2596476E-03 0.8920E-05  2.585    
  10      0.3776311E-03 0.3026E-04  0.2761985E-03 0.8626E-05  4.620    



 INPUT PARAMETERS FOR VEGAS:  NDIM=  6  NCALL= 1775007362.
                              IT=    0  ITMX=   20
                              MDS= -1   ND=  31
   1      0.4061722E-03 0.1647E-04  0.4061722E-03 0.1647E-04  0.000    
   2      0.3951510E-03 0.1007E-04  0.3982708E-03 0.8647E-05 0.3297    
   3      0.4059727E-03 0.1483E-04  0.4002634E-03 0.7478E-05 0.2651    
   4      0.4454411E-03 0.4556E-04  0.4017064E-03 0.7561E-05 0.5353    
   5      0.4266390E-03 0.1698E-04  0.4060479E-03 0.6915E-05 0.8638    
   6      0.4190349E-03 0.1636E-04  0.4080386E-03 0.6370E-05 0.7974    
   7      0.6706900E-03 0.1389E-03  0.4094627E-03 0.7038E-05  1.793    
   8      0.4770121E-03 0.6122E-04  0.4104027E-03 0.7018E-05  1.706    
   9      0.3819810E-03 0.9313E-05  0.4024942E-03 0.5855E-05  2.139    
  10      0.4240408E-03 0.2942E-04  0.4032099E-03 0.5719E-05  1.978    
  11      0.6957396E-03 0.2950E-03  0.4034699E-03 0.6061E-05  1.790    
  12      0.4006900E-03 0.1744E-04  0.4032537E-03 0.5747E-05  1.671    
  13      0.7185383E-03 0.2608E-03  0.4036060E-03 0.6025E-05  1.647    
  14      0.5561231E-03 0.1228E-03  0.4040653E-03 0.6070E-05  1.639    
  15      0.9527759E-03 0.5784E-03  0.4042837E-03 0.6576E-05  1.494    
  16      0.4073935E-03 0.2284E-04  0.4044224E-03 0.6340E-05  1.434    
  17      0.4592236E-03 0.4245E-04  0.4053065E-03 0.6239E-05  1.442    
  18      0.4232011E-03 0.3833E-04  0.4056023E-03 0.6124E-05  1.394    
  19      0.3940084E-03 0.1232E-04  0.4041900E-03 0.5672E-05  1.372    
  20      0.4262703E-03 0.3501E-04  0.4045731E-03 0.5577E-05  1.336    
   
   
400 [1;32mIntegral [real-dipole]:   4.0457311056301933E-004 [0m+-   5.5768306771049541E-006
 with chisq    =   1.3356255799937189     
  
  
  
 [1;32mFor xq =          700 [0m
  
 RM48 INITIALIZED:        40           0         0



 INPUT PARAMETERS FOR VEGAS:  NDIM=  6  NCALL=  171532242.
                              IT=    0  ITMX=   10
                              MDS=  1   ND=  50
   1      0.8211305E-03 0.4139E-03  0.8211305E-03 0.4139E-03  0.000    
   2      0.3297065E-03 0.6517E-04  0.3951940E-03 0.1151E-03  2.104    
   3      0.3493587E-03 0.3648E-04  0.3605218E-03 0.4988E-04  1.443    
   4      0.6101143E-03 0.1255E-03  0.4012156E-03 0.4695E-04  2.194    
   5      0.4720573E-03 0.4445E-04  0.4322266E-03 0.3412E-04  2.017    
   6      0.5764245E-03 0.1123E-03  0.4456112E-03 0.3279E-04  1.911    
   7      0.5916609E-03 0.4776E-04  0.4968394E-03 0.2670E-04  2.696    
   8      0.7193490E-03 0.1261E-03  0.5122471E-03 0.2680E-04  2.769    
   9      0.6348396E-03 0.4438E-04  0.5494341E-03 0.2261E-04  3.149    
  10      0.6893428E-03 0.4226E-04  0.5890101E-03 0.1950E-04  3.857    



 INPUT PARAMETERS FOR VEGAS:  NDIM=  6  NCALL= 1775007362.
                              IT=    0  ITMX=   20
                              MDS= -1   ND=  31
   1      0.9082522E-03 0.1102E-03  0.9082522E-03 0.1102E-03  0.000    
   2      0.8015557E-03 0.5841E-04  0.8298290E-03 0.5351E-04 0.7743    
   3      0.7962069E-03 0.4175E-04  0.8101014E-03 0.3361E-04 0.5268    
   4      0.8091699E-03 0.5239E-04  0.8098426E-03 0.2833E-04 0.3571    
   5      0.7630572E-03 0.3282E-04  0.7917693E-03 0.2185E-04 0.5482    
   6      0.7576266E-03 0.1910E-04  0.7736966E-03 0.1481E-04 0.7139    
   7      0.7463906E-03 0.1764E-04  0.7634295E-03 0.1158E-04 0.8250    
   8      0.8033158E-03 0.3299E-04  0.7678450E-03 0.1093E-04 0.8937    
   9      0.8436349E-03 0.7420E-04  0.7696312E-03 0.1086E-04 0.9123    
  10      0.9720501E-03 0.2373E-03  0.7702484E-03 0.1109E-04 0.8877    
  11      0.7580664E-03 0.2536E-04  0.7685468E-03 0.1022E-04 0.8272    
  12      0.7776484E-03 0.3363E-04  0.7692492E-03 0.9778E-05 0.7636    
  13      0.8320944E-03 0.5899E-04  0.7710031E-03 0.9657E-05 0.7933    
  14      0.9173103E-03 0.8657E-04  0.7732716E-03 0.9672E-05 0.9873    
  15      0.7117275E-03 0.1349E-04  0.7561761E-03 0.8150E-05  1.750    
  16      0.7669131E-03 0.2106E-04  0.7574302E-03 0.7632E-05  1.659    
  17      0.7509112E-03 0.2077E-04  0.7567573E-03 0.7196E-05  1.573    
  18      0.7628406E-03 0.2351E-04  0.7572245E-03 0.6892E-05  1.493    
  19      0.9160411E-03 0.1480E-03  0.7576669E-03 0.6935E-05  1.470    
  20      0.7768859E-03 0.3455E-04  0.7583486E-03 0.6796E-05  1.413    
   
   
700 [1;32mIntegral [real-dipole]:   7.5834855796364734E-004 [0m+-   6.7955564169856203E-006
 with chisq    =   1.4132349937712789     
  
  
  
 [1;32mFor xq =         1000 [0m
  
 RM48 INITIALIZED:        40           0         0



 INPUT PARAMETERS FOR VEGAS:  NDIM=  6  NCALL=  171532242.
                              IT=    0  ITMX=   10
                              MDS=  1   ND=  50
   1      0.9059844E-03 0.5984E-03  0.9059844E-03 0.5984E-03  0.000    
   2      0.2582283E-03 0.1871E-04  0.2659325E-03 0.4798E-04  2.142    
   3      0.4347431E-03 0.3457E-04  0.3420209E-03 0.3198E-04  4.774    
   4      0.8009180E-03 0.3054E-03  0.3508425E-03 0.3465E-04  3.762    
   5      0.4457606E-03 0.2208E-04  0.4013880E-03 0.2238E-04  4.281    
   6      0.7259783E-03 0.1375E-03  0.4127980E-03 0.2266E-04  4.615    
   7      0.6941641E-03 0.8294E-04  0.4356263E-03 0.2200E-04  5.780    
   8      0.8194571E-03 0.1007E-03  0.4629709E-03 0.2199E-04  7.484    
   9      0.6781154E-03 0.2633E-04  0.5525623E-03 0.1682E-04  11.50    
  10      0.1282896E-02 0.3004E-03  0.5608320E-03 0.1881E-04  9.955    



 INPUT PARAMETERS FOR VEGAS:  NDIM=  6  NCALL= 1775007362.
                              IT=    0  ITMX=   20
                              MDS= -1   ND=  31
   1      0.8225139E-03 0.2006E-04  0.8225139E-03 0.2006E-04  0.000    
   2      0.1058175E-02 0.1606E-03  0.8284419E-03 0.2282E-04  2.616    
   3      0.9681565E-03 0.6093E-04  0.8462796E-03 0.2147E-04  3.648    
   4      0.8213632E-03 0.2204E-04  0.8360005E-03 0.1591E-04  2.799    
   5      0.1053816E-02 0.1762E-03  0.8382907E-03 0.1630E-04  2.444    
   6      0.1279064E-02 0.3034E-03  0.8405814E-03 0.1732E-04  2.392    
   7      0.1810595E-02 0.9595E-03  0.8415906E-03 0.1984E-04  1.931    
   8      0.1077396E-02 0.1318E-03  0.8461047E-03 0.1948E-04  2.078    
   9      0.8365422E-03 0.2399E-04  0.8436332E-03 0.1633E-04  1.927    
  10      0.9905315E-03 0.7343E-04  0.8491009E-03 0.1585E-04  2.093    
  11      0.1049203E-02 0.1668E-03  0.8507083E-03 0.1571E-04  2.031    
  12      0.1088218E-02 0.2164E-03  0.8519206E-03 0.1565E-04  1.957    
  13      0.9355677E-03 0.4586E-04  0.8584037E-03 0.1487E-04  2.021    
  14      0.1276123E-02 0.4294E-03  0.8590898E-03 0.1505E-04  1.915    
  15      0.8986171E-03 0.6115E-04  0.8606157E-03 0.1459E-04  1.838    
  16      0.8440618E-03 0.3028E-04  0.8585961E-03 0.1350E-04  1.771    
  17      0.9568893E-03 0.9148E-04  0.8602556E-03 0.1330E-04  1.738    
  18      0.9781494E-03 0.8182E-04  0.8627992E-03 0.1310E-04  1.751    
  19      0.8350580E-03 0.2398E-04  0.8585065E-03 0.1192E-04  1.728    
  20      0.8615770E-03 0.4065E-04  0.8586730E-03 0.1149E-04  1.665    
   
   
1000 [1;32mIntegral [real-dipole]:   8.5867302113089988E-004 [0m+-   1.1494954706436476E-005
 with chisq    =   1.6645559580880576     
  
  
 [1;32mFor xq =         1300 [0m
  
 RM48 INITIALIZED:        40           0         0



 INPUT PARAMETERS FOR VEGAS:  NDIM=  6  NCALL=  171532242.
                              IT=    0  ITMX=   10
                              MDS=  1   ND=  50
   1      0.3307356E-03 0.5051E-04  0.3307356E-03 0.5051E-04  0.000    
   2      0.3946563E-03 0.3388E-04  0.3793080E-03 0.2725E-04  1.004    
   3      0.4349570E-03 0.2842E-04  0.4108858E-03 0.1915E-04  1.476    
   4      0.5413405E-03 0.4195E-04  0.4483829E-03 0.1796E-04  4.401    
   5      0.8902219E-03 0.1882E-03  0.4648050E-03 0.2262E-04  5.415    
   6      0.6356220E-03 0.7100E-04  0.4848825E-03 0.2180E-04  5.392    
   7      0.9693299E-03 0.3326E-03  0.4908419E-03 0.2443E-04  4.331    
   8      0.6786762E-03 0.5736E-04  0.5225049E-03 0.2244E-04  5.061    
   9      0.7325090E-03 0.3740E-04  0.5888495E-03 0.1885E-04  7.647    
  10      0.1067546E-02 0.1761E-03  0.6029114E-03 0.2004E-04  7.647    



 INPUT PARAMETERS FOR VEGAS:  NDIM=  6  NCALL= 1775007362.
                              IT=    0  ITMX=   20
                              MDS= -1   ND=  31
   1      0.9985793E-02 0.8780E-02  0.9985793E-02 0.8780E-02  0.000    
   2      0.9185882E-03 0.4616E-04  0.9481021E-03 0.3557E-03  2.108    
   3      0.8729637E-03 0.2956E-04  0.8964860E-03 0.1631E-03  1.592    
   4      0.9816091E-03 0.1025E-03  0.9022199E-03 0.1371E-03  1.410    
   5      0.8886532E-03 0.5618E-04  0.9001128E-03 0.1131E-03  1.312    
   6      0.9358433E-03 0.5548E-04  0.9054752E-03 0.9560E-04  1.253    
   7      0.9124036E-03 0.3212E-04  0.9075439E-03 0.7442E-04  1.208    
   8      0.8792958E-03 0.2754E-04  0.8998088E-03 0.5954E-04  1.181    
   9      0.8959597E-03 0.4649E-04  0.8994596E-03 0.5373E-04  1.154    
  10      0.1056775E-02 0.1363E-03  0.9017353E-03 0.5087E-04  1.143    
  11      0.8932707E-03 0.2790E-04  0.9000597E-03 0.4360E-04  1.124    
  12      0.1014695E-02 0.1142E-03  0.9017816E-03 0.4162E-04  1.115    
  13      0.1028614E-02 0.7991E-04  0.9056566E-03 0.3957E-04  1.122    
  14      0.9345853E-03 0.5634E-04  0.9070534E-03 0.3734E-04  1.108    
  15      0.1289651E-02 0.2796E-03  0.9084762E-03 0.3628E-04  1.116    
  
 
 [1;32mFor xq =         1600 [0m
  
 RM48 INITIALIZED:        40           0         0



 INPUT PARAMETERS FOR VEGAS:  NDIM=  6  NCALL=  171532242.
                              IT=    0  ITMX=   10
                              MDS=  1   ND=  50
   1      0.2276589E-03 0.2311E-04  0.2276589E-03 0.2311E-04  0.000    
   2      0.5661301E-03 0.2553E-03  0.2439833E-03 0.4272E-04  2.881    
   3      0.3640320E-03 0.5289E-04  0.2820559E-03 0.3357E-04  2.979    
   4      0.4477085E-03 0.3191E-04  0.3762440E-03 0.2257E-04  6.301    
   5      0.5669958E-03 0.8090E-04  0.3999474E-03 0.2279E-04  5.963    
   6      0.4702840E-03 0.1640E-04  0.4474551E-03 0.1307E-04  5.980    
   7      0.9635563E-03 0.3430E-03  0.4507774E-03 0.1593E-04  4.453    
   8      0.5810566E-03 0.4793E-04  0.4647220E-03 0.1513E-04  4.789    
   9      0.6473433E-03 0.4078E-04  0.4930439E-03 0.1416E-04  6.764    
  10      0.8757403E-03 0.1978E-03  0.4976053E-03 0.1500E-04  6.148    



 INPUT PARAMETERS FOR VEGAS:  NDIM=  6  NCALL= 1775007362.
                              IT=    0  ITMX=   20
                              MDS= -1   ND=  31
   1      0.8878335E-03 0.9391E-04  0.8878335E-03 0.9391E-04  0.000    
   2      0.7374868E-03 0.2544E-04  0.7519391E-03 0.2677E-04  2.741    
   3      0.7546267E-03 0.3718E-04  0.7527642E-03 0.2174E-04  1.442    
   4      0.9138954E-03 0.1340E-03  0.7581613E-03 0.2220E-04  1.459    
   5      0.8141921E-03 0.4791E-04  0.7678102E-03 0.2014E-04  1.377    
   6      0.9301175E-03 0.1297E-03  0.7726380E-03 0.2028E-04  1.424    
   7      0.7768889E-03 0.3051E-04  0.7737979E-03 0.1711E-04  1.214    
   8      0.7846155E-03 0.3639E-04  0.7755675E-03 0.1553E-04  1.066    
   9      0.7965260E-03 0.4641E-04  0.7775359E-03 0.1472E-04 0.9617    
  10      0.8528083E-03 0.5840E-04  0.7823275E-03 0.1430E-04  1.033    
  11      0.7761403E-03 0.3876E-04  0.7816661E-03 0.1344E-04 0.9416    
  12      0.7747308E-03 0.2376E-04  0.7801346E-03 0.1180E-04 0.8695    
  13      0.1964806E-02 0.1199E-02  0.7807948E-03 0.1379E-04 0.9260    
  14      0.7880911E-03 0.2966E-04  0.7817277E-03 0.1273E-04 0.8777    
  15      0.7317161E-03 0.1908E-04  0.7712073E-03 0.1116E-04  1.076    
  16      0.8391553E-03 0.7013E-04  0.7725705E-03 0.1098E-04  1.066    
  17      0.8316639E-03 0.4660E-04  0.7750958E-03 0.1068E-04  1.090    
  18      0.7949525E-03 0.3240E-04  0.7765791E-03 0.1020E-04  1.056    
  19      0.9538119E-03 0.1942E-03  0.7771084E-03 0.1021E-04  1.043    
  20      0.7574155E-03 0.2322E-04  0.7748179E-03 0.9521E-05  1.027    
   
   
1600 [1;32mIntegral [real-dipole]:   7.7481789861993369E-004 [0m+-   9.5205137378370989E-006
 with chisq    =   1.0268286415238610     
  
  
 
 [1;32mFor xq =         1900 [0m
  
 RM48 INITIALIZED:        40           0         0



 INPUT PARAMETERS FOR VEGAS:  NDIM=  6  NCALL=  171532242.
                              IT=    0  ITMX=   10
                              MDS=  1   ND=  50
   1      0.1991885E-03 0.3304E-04  0.1991885E-03 0.3304E-04  0.000    
   2      0.3986337E-03 0.8742E-04  0.2717651E-03 0.4168E-04  5.299    
   3      0.4026782E-03 0.7285E-04  0.3173741E-03 0.3703E-04  3.607    
   4      0.4774773E-03 0.6645E-04  0.3767013E-03 0.3250E-04  3.851    
   5      0.4229537E-03 0.3321E-04  0.4015831E-03 0.2256E-04  3.030    
   6      0.4633662E-03 0.1547E-04  0.4478217E-03 0.1169E-04  3.325    
   7      0.5705681E-03 0.3208E-04  0.4734520E-03 0.1111E-04  5.792    
   8      0.6003620E-03 0.3369E-04  0.4954409E-03 0.1067E-04  7.344    
   9      0.6244169E-03 0.3471E-04  0.5147985E-03 0.1030E-04  8.360    
  10      0.6870515E-03 0.6938E-04  0.5222938E-03 0.1060E-04  7.939    



 INPUT PARAMETERS FOR VEGAS:  NDIM=  6  NCALL= 1775007362.
                              IT=    0  ITMX=   20
                              MDS= -1   ND=  31
   1      0.7484759E-03 0.3830E-04  0.7484759E-03 0.3830E-04  0.000    
   2      0.7696183E-03 0.2921E-04  0.7621163E-03 0.2314E-04 0.1911    
   3      0.8997078E-03 0.1343E-03  0.7676264E-03 0.2415E-04 0.7080    
   4      0.1053387E-02 0.2468E-03  0.7721968E-03 0.2596E-04  1.038    
   5      0.7702155E-03 0.5353E-04  0.7718922E-03 0.2333E-04 0.8156    
   6      0.8060792E-03 0.6114E-04  0.7758011E-03 0.2175E-04 0.7151    
   7      0.7700927E-03 0.5571E-04  0.7751637E-03 0.2024E-04 0.6125    
   8      0.8420859E-03 0.1315E-03  0.7767298E-03 0.2002E-04 0.5608    
   9      0.1000253E-02 0.1898E-03  0.7802173E-03 0.2032E-04 0.7008    
  10      0.8809670E-03 0.1113E-03  0.7836446E-03 0.2003E-04 0.7119    
  11      0.6706494E-03 0.1135E-04  0.7096669E-03 0.1156E-04  2.825    
  12      0.1757008E-02 0.1014E-02  0.7102555E-03 0.1306E-04  2.339    
  13      0.7737880E-03 0.3716E-04  0.7150266E-03 0.1239E-04  2.354    
  14      0.7533329E-03 0.3726E-04  0.7175597E-03 0.1182E-04  2.280    
  15      0.8817280E-03 0.1425E-03  0.7185705E-03 0.1175E-04  2.217    
  16      0.9018223E-03 0.1526E-03  0.7195931E-03 0.1169E-04  2.167    
  17      0.8144357E-03 0.5075E-04  0.7233437E-03 0.1138E-04  2.223    
  18      0.7436159E-03 0.3323E-04  0.7247912E-03 0.1086E-04  2.147    
  19      0.1164925E-02 0.4123E-03  0.7252917E-03 0.1104E-04  2.062    
  20      0.7151968E-03 0.1942E-04  0.7236577E-03 0.1000E-04  2.001    
   
   
1900 [1;32mIntegral [real-dipole]:   7.2365770719562373E-004 [0m+-   1.0004730306449507E-005
 with chisq    =   2.0007693776279556     
  
  
 
 [1;32mFor xq =         2200 [0m
  
 RM48 INITIALIZED:        40           0         0



 INPUT PARAMETERS FOR VEGAS:  NDIM=  6  NCALL=  171532242.
                              IT=    0  ITMX=   10
                              MDS=  1   ND=  50
   1      0.2356974E-03 0.3355E-04  0.2356974E-03 0.3355E-04  0.000    
   2      0.2664484E-03 0.1402E-04  0.2627509E-03 0.1242E-04 0.6487    
   3      0.6506997E-03 0.3029E-03  0.2670638E-03 0.2102E-04  1.985    
   4      0.4099885E-03 0.1160E-03  0.2712371E-03 0.2049E-04  1.811    
   5      0.3941153E-03 0.4870E-04  0.2875612E-03 0.1882E-04  2.623    
   6      0.4139523E-03 0.2424E-04  0.3345470E-03 0.1490E-04  5.468    
   7      0.1195393E-02 0.6375E-03  0.3383875E-03 0.2117E-04  3.468    
   8      0.4814999E-03 0.2859E-04  0.3762580E-03 0.1776E-04  4.911    
   9      0.5709312E-03 0.2858E-04  0.4290720E-03 0.1513E-04  8.404    
  10      0.5634050E-03 0.2174E-04  0.4711748E-03 0.1250E-04  10.27    



 INPUT PARAMETERS FOR VEGAS:  NDIM=  6  NCALL= 1775007362.
                              IT=    0  ITMX=   20
                              MDS= -1   ND=  31
   1      0.6924963E-03 0.2775E-04  0.6924963E-03 0.2775E-04  0.000    
   2      0.9984286E-03 0.3253E-03  0.6970560E-03 0.3418E-04  1.177    
   3      0.1339375E-02 0.6576E-03  0.7012448E-03 0.4139E-04  1.178    
   4      0.7932061E-03 0.8537E-04  0.7122334E-03 0.3673E-04  1.098    
   5      0.2104088E-02 0.1443E-02  0.7163159E-03 0.4794E-04  1.099    
   6      0.7446966E-03 0.6582E-04  0.7205762E-03 0.4166E-04  1.001    
   7      0.8203489E-03 0.1112E-03  0.7265651E-03 0.3879E-04 0.9665    
   8      0.7769284E-03 0.5364E-04  0.7360248E-03 0.3372E-04 0.9391    
   9      0.6683702E-03 0.1642E-04  0.6956132E-03 0.2061E-04  1.209    
  10      0.7962077E-03 0.9779E-04  0.6979614E-03 0.1989E-04  1.192    
  11      0.6784670E-03 0.2071E-04  0.6926146E-03 0.1649E-04  1.161    
  12      0.6956536E-03 0.3282E-04  0.6929275E-03 0.1526E-04  1.106    
  13      0.7219698E-03 0.3217E-04  0.6959331E-03 0.1417E-04  1.086    
  14      0.6956892E-03 0.2524E-04  0.6959002E-03 0.1294E-04  1.040    
  15      0.6805254E-03 0.2340E-04  0.6938901E-03 0.1186E-04  1.013    
  16      0.2399823E-02 0.1710E-02  0.6944089E-03 0.1369E-04  1.024    
  17      0.8550247E-03 0.1431E-03  0.6952895E-03 0.1349E-04  1.031    
  18      0.7749434E-03 0.9895E-04  0.6960331E-03 0.1324E-04  1.018    
  19      0.7252106E-03 0.3636E-04  0.6976991E-03 0.1267E-04  1.005    
  20      0.6925535E-03 0.2113E-04  0.6970116E-03 0.1163E-04 0.9818    
   
   
2200 [1;32mIntegral [real-dipole]:   6.9701155644469976E-004 [0m+-   1.1627236022425570E-005
 with chisq    =  0.98175591989446465     
  
  
 
 [1;32mFor xq =         2500 [0m
  
 RM48 INITIALIZED:        40           0         0



 INPUT PARAMETERS FOR VEGAS:  NDIM=  6  NCALL=  171532242.
                              IT=    0  ITMX=   10
                              MDS=  1   ND=  50
   1      0.6334437E-03 0.7851E-04  0.6334437E-03 0.7851E-04  0.000    
   2      0.8691415E-03 0.7603E-04  0.7907802E-03 0.5435E-04  4.174    
   3      0.1085353E-02 0.8176E-04  0.9303210E-03 0.4574E-04  6.721    
   4      0.1185431E-02 0.7642E-04  0.1030513E-02 0.3907E-04  7.120    
   5      0.1663401E-02 0.3383E-03  0.1054536E-02 0.4521E-04  5.626    
   6      0.1526321E-02 0.2101E-03  0.1090637E-02 0.4622E-04  5.450    
   7      0.1539096E-02 0.8706E-04  0.1230505E-02 0.3997E-04  8.681    
   8      0.1588608E-02 0.7931E-04  0.1332897E-02 0.3497E-04  10.00    
   9      0.2013977E-02 0.2644E-03  0.1359938E-02 0.3677E-04  9.233    
  10      0.2307465E-02 0.3738E-03  0.1384023E-02 0.3926E-04  8.622    



 INPUT PARAMETERS FOR VEGAS:  NDIM=  6  NCALL= 1775007362.
                              IT=    0  ITMX=   20
                              MDS= -1   ND=  31
   1      0.2525071E-02 0.2342E-03  0.2525071E-02 0.2342E-03  0.000    
   2      0.2258830E-02 0.1670E-03  0.2362254E-02 0.1385E-03 0.8783    
   3      0.2127388E-02 0.8025E-04  0.2197543E-02 0.7296E-04  1.558    
   4      0.2352586E-02 0.1752E-03  0.2221184E-02 0.6748E-04  1.256    
   5      0.2020854E-02 0.4968E-04  0.2104339E-02 0.4250E-04  2.340    
   6      0.2484330E-02 0.3739E-03  0.2110162E-02 0.4288E-04  2.047    
   7      0.2145185E-02 0.7804E-04  0.2117438E-02 0.3781E-04  1.762    
   8      0.3268168E-02 0.1112E-02  0.2120166E-02 0.4018E-04  1.612    
   9      0.3374404E-02 0.1069E-02  0.2123586E-02 0.4215E-04  1.579    
  10      0.2101539E-02 0.7634E-04  0.2119801E-02 0.3775E-04  1.455    
  11      0.2490717E-02 0.2445E-03  0.2128324E-02 0.3729E-04  1.533    
  12      0.2146506E-02 0.9688E-04  0.2130106E-02 0.3502E-04  1.428    
  13      0.2531443E-02 0.4067E-03  0.2133187E-02 0.3494E-04  1.388    
  14      0.2167706E-02 0.8516E-04  0.2137114E-02 0.3261E-04  1.312    
  15      0.3688796E-02 0.1515E-02  0.2138727E-02 0.3392E-04  1.280    
  16      0.5078833E-02 0.2793E-02  0.2140432E-02 0.3689E-04  1.255    
  17      0.2438071E-02 0.2074E-03  0.2147470E-02 0.3620E-04  1.291    
  18      0.2190386E-02 0.7243E-04  0.2153278E-02 0.3331E-04  1.252    
  19      0.1982216E-02 0.3727E-04  0.2102792E-02 0.2761E-04  1.656    
  20      0.2257876E-02 0.2632E-03  0.2103973E-02 0.2730E-04  1.606    
   
   
100     1.1572617859046168E-005    1.1240847466965948E-007
400     4.0457311056301933E-004    5.5768306771049541E-006
700     7.5834855796364734E-004    6.7955564169856203E-006
1000    8.5867302113089988E-004    1.1494954706436476E-005
1300    0.9084762E-03 		   0.3628E-04 
1600    7.7481789861993369E-004    9.5205137378370989E-006
1900    7.2365770719562373E-004    1.0004730306449507E-005
2200    6.9701155644469976E-004    1.1627236022425570E-005
2500    2.1039727327880251E-003    2.7298488568441731E-005
2500    2.1039727327880251E-003    2.7298488568441731E-005
 with chisq    =   1.6060582710015978     
