   100.00000000000000        3.5339721864304695E-002   1.3637716277608734E-004
   200.00000000000000        2.0536269982819799E-003   9.4515378081539880E-006
   300.00000000000000        3.6568706215655910E-004   2.0941154724417114E-006
   400.00000000000000        1.0181480417830715E-004   6.5164871231908687E-007
   500.00000000000000        3.6891176353114772E-005   4.0409338622118361E-007
 Writing your data in ../summary/trial1/PK_Regular.dat
LHAPDF 6.5.4 loading /home/niraj/1TB-Disc/Workspace-IITG/Packages/Install/LHAPDF-6.5.4/install/share/LHAPDF/MMHT2014nlo68cl/MMHT2014nlo68cl_0000.dat
MMHT2014nlo68cl PDF set, member #0, version 3; LHAPDF ID = 25100
   
   
 ~~~~~~~~~~~~~~~~~~~~~~~~~~~~~~~~~~~~~~~~~~~~
     Calculating Regular Terms
 ~~~~~~~~~~~~~~~~~~~~~~~~~~~~~~~~~~~~~~~~~~~~
   
 ~~~~~~~~~~~~~~~~~~~~~~~~~~~~~~~~~~~~~~~~
Using Vegas points:                   5.E+05
         Iteration:                    5
 ~~~~~~~~~~~~~~~~~~~~~~~~~~~~~~~~~~~~~~~~
  
 For xq =          100 
  
 RM48 INITIALIZED:        40           0         0



 INPUT PARAMETERS FOR VEGAS:  NDIM=  4  NCALL=     468512.
                              IT=    0  ITMX=    5
                              MDS=  1   ND=  50
   1      0.2859848E-01 0.1482E-01  0.2859848E-01 0.1482E-01  0.000    
   2      0.2524946E-01 0.8044E-02  0.2616793E-01 0.7321E-02 0.4165E-01
   3      0.4063650E-01 0.1758E-01  0.3025568E-01 0.7398E-02 0.4023    
   4      0.3952760E-01 0.4576E-02  0.3765161E-01 0.3533E-02 0.6085    
   5      0.3617607E-01 0.1895E-02  0.3647731E-01 0.1616E-02 0.4795    



 INPUT PARAMETERS FOR VEGAS:  NDIM=  4  NCALL=    4626882.
                              IT=    0  ITMX=   10
                              MDS= -1   ND=  39
   1      0.3590284E-01 0.4468E-03  0.3590284E-01 0.4468E-03  0.000    
   2      0.3545580E-01 0.4360E-03  0.3567664E-01 0.3121E-03 0.5128    
   3      0.3565930E-01 0.4349E-03  0.3567075E-01 0.2536E-03 0.2570    
   4      0.3534485E-01 0.4332E-03  0.3558871E-01 0.2188E-03 0.3114    
   5      0.3523743E-01 0.4206E-03  0.3551504E-01 0.1942E-03 0.3701    
   6      0.3537996E-01 0.4269E-03  0.3549204E-01 0.1767E-03 0.3130    
   7      0.3502090E-01 0.4289E-03  0.3542522E-01 0.1634E-03 0.4304    
   8      0.3481064E-01 0.4190E-03  0.3534653E-01 0.1523E-03 0.6304    
   9      0.3529346E-01 0.4388E-03  0.3534084E-01 0.1439E-03 0.5534    
  10      0.3532979E-01 0.4286E-03  0.3533972E-01 0.1364E-03 0.4920    
   
   
 Integral Regular:   3.5339721864304695E-002 +-   1.3637716277608734E-004
 with chisq    =  0.49202260918283625     
  
  
  
 For xq =          200 
  
 RM48 INITIALIZED:        40           0         0



 INPUT PARAMETERS FOR VEGAS:  NDIM=  4  NCALL=     468512.
                              IT=    0  ITMX=    5
                              MDS=  1   ND=  50
   1      0.2460912E-02 0.1444E-02  0.2460912E-02 0.1444E-02  0.000    
   2      0.2070253E-02 0.3555E-03  0.2101080E-02 0.3747E-03 0.7899E-01
   3      0.1715495E-02 0.1497E-03  0.1799919E-02 0.1623E-03 0.5289    
   4      0.1956191E-02 0.1707E-03  0.1868444E-02 0.1195E-03 0.5053    
   5      0.2315379E-02 0.1347E-03  0.2090379E-02 0.8692E-04  2.013    



 INPUT PARAMETERS FOR VEGAS:  NDIM=  4  NCALL=    4626882.
                              IT=    0  ITMX=   10
                              MDS= -1   ND=  39
   1      0.2025536E-02 0.2965E-04  0.2025536E-02 0.2965E-04  0.000    
   2      0.2056652E-02 0.2975E-04  0.2041278E-02 0.2100E-04 0.5486    
   3      0.2075897E-02 0.3027E-04  0.2052785E-02 0.1726E-04 0.7176    
   4      0.2030872E-02 0.2981E-04  0.2047372E-02 0.1494E-04 0.6144    
   5      0.2038234E-02 0.2982E-04  0.2045552E-02 0.1336E-04 0.4803    
   6      0.2032600E-02 0.2932E-04  0.2043350E-02 0.1215E-04 0.4171    
   7      0.2069903E-02 0.3047E-04  0.2047076E-02 0.1129E-04 0.4575    
   8      0.2050959E-02 0.2942E-04  0.2047576E-02 0.1054E-04 0.3941    
   9      0.2081678E-02 0.3055E-04  0.2051312E-02 0.9965E-05 0.4864    
  10      0.2073926E-02 0.2983E-04  0.2053627E-02 0.9452E-05 0.4898    
   
   
 Integral Regular:   2.0536269982819799E-003 +-   9.4515378081539880E-006
 with chisq    =  0.48983309717280515     
  
  
  
 For xq =          300 
  
 RM48 INITIALIZED:        40           0         0



 INPUT PARAMETERS FOR VEGAS:  NDIM=  4  NCALL=     468512.
                              IT=    0  ITMX=    5
                              MDS=  1   ND=  50
   1      0.3692015E-03 0.1806E-03  0.3692015E-03 0.1806E-03  0.000    
   2      0.3763904E-03 0.7324E-04  0.3754078E-03 0.6740E-04 0.1342E-02
   3      0.3601719E-03 0.3773E-04  0.3640007E-03 0.3341E-04 0.2025E-01
   4      0.3951432E-03 0.2925E-04  0.3826840E-03 0.2152E-04 0.1805    
   5      0.3928228E-03 0.2495E-04  0.3872362E-03 0.1613E-04 0.1573    



 INPUT PARAMETERS FOR VEGAS:  NDIM=  4  NCALL=    4626882.
                              IT=    0  ITMX=   10
                              MDS= -1   ND=  39
   1      0.3727609E-03 0.6801E-05  0.3727609E-03 0.6801E-05  0.000    
   2      0.3677214E-03 0.6420E-05  0.3701303E-03 0.4670E-05 0.2905    
   3      0.3584822E-03 0.6444E-05  0.3662869E-03 0.3783E-05  1.196    
   4      0.3620371E-03 0.6472E-05  0.3652237E-03 0.3266E-05 0.9082    
   5      0.3687671E-03 0.6683E-05  0.3659173E-03 0.2935E-05 0.7360    
   6      0.3619824E-03 0.6806E-05  0.3653118E-03 0.2694E-05 0.6464    
   7      0.3629906E-03 0.6735E-05  0.3649951E-03 0.2502E-05 0.5566    
   8      0.3673660E-03 0.6577E-05  0.3652981E-03 0.2338E-05 0.4927    
   9      0.3657883E-03 0.6590E-05  0.3653531E-03 0.2204E-05 0.4316    
  10      0.3687416E-03 0.6726E-05  0.3656871E-03 0.2094E-05 0.4088    
   
   
 Integral Regular:   3.6568706215655910E-004 +-   2.0941154724417114E-006
 with chisq    =  0.40875875410260942     
  
  
  
 For xq =          400 
  
 RM48 INITIALIZED:        40           0         0



 INPUT PARAMETERS FOR VEGAS:  NDIM=  4  NCALL=     468512.
                              IT=    0  ITMX=    5
                              MDS=  1   ND=  50
   1      0.1902099E-03 0.6520E-04  0.1902099E-03 0.6520E-04  0.000    
   2      0.8543204E-04 0.1464E-04  0.1063759E-03 0.2260E-04  3.439    
   3      0.7385962E-04 0.7663E-05  0.8407891E-04 0.1097E-04  3.238    
   4      0.1062402E-03 0.7267E-05  0.9764295E-04 0.6566E-05  3.240    
   5      0.1030665E-03 0.5944E-05  0.1001522E-03 0.4669E-05  2.666    



 INPUT PARAMETERS FOR VEGAS:  NDIM=  4  NCALL=    4626882.
                              IT=    0  ITMX=   10
                              MDS= -1   ND=  39
   1      0.1045431E-03 0.1969E-05  0.1045431E-03 0.1969E-05  0.000    
   2      0.1012561E-03 0.1977E-05  0.1029590E-03 0.1395E-05  1.386    
   3      0.1012846E-03 0.2160E-05  0.1024771E-03 0.1171E-05 0.9097    
   4      0.1022905E-03 0.2006E-05  0.1024297E-03 0.1011E-05 0.6089    
   5      0.1041651E-03 0.2563E-05  0.1026708E-03 0.9419E-06 0.5549    
   6      0.9816604E-04 0.1879E-05  0.1018298E-03 0.8433E-06  1.317    
   7      0.1007803E-03 0.1871E-05  0.1016561E-03 0.7691E-06  1.144    
   8      0.1002394E-03 0.1989E-05  0.1014767E-03 0.7174E-06  1.046    
   9      0.1012533E-03 0.1981E-05  0.1014510E-03 0.6745E-06 0.9173    
  10      0.1062722E-03 0.2470E-05  0.1018148E-03 0.6516E-06  1.232    
   
   
 Integral Regular:   1.0181480417830715E-004 +-   6.5164871231908687E-007
 with chisq    =   1.2320717831230350     
  
  
  
 For xq =          500 
  
 RM48 INITIALIZED:        40           0         0



 INPUT PARAMETERS FOR VEGAS:  NDIM=  4  NCALL=     468512.
                              IT=    0  ITMX=    5
                              MDS=  1   ND=  50
   1      0.4697787E-04 0.2585E-04  0.4697787E-04 0.2585E-04  0.000    
   2      0.2579310E-04 0.5643E-05  0.2868487E-04 0.7704E-05 0.8913    
   3      0.4105951E-04 0.4165E-05  0.3859274E-04 0.3538E-05  1.397    
   4      0.4036100E-04 0.5058E-05  0.3920111E-04 0.2891E-05 0.9433    
   5      0.6006756E-04 0.1549E-04  0.4076965E-04 0.3129E-05  1.331    



 INPUT PARAMETERS FOR VEGAS:  NDIM=  4  NCALL=    4626882.
                              IT=    0  ITMX=   10
                              MDS= -1   ND=  39
   1      0.3869770E-04 0.1374E-05  0.3869770E-04 0.1374E-05  0.000    
   2      0.4067773E-04 0.1358E-05  0.3974855E-04 0.9653E-06  1.048    
   3      0.3669902E-04 0.1262E-05  0.3873153E-04 0.7687E-06  2.300    
   4      0.3459826E-04 0.1208E-05  0.3772237E-04 0.6513E-06  4.092    
   5      0.3736254E-04 0.1294E-05  0.3765079E-04 0.5817E-06  3.097    
   6      0.3451304E-04 0.1213E-05  0.3714280E-04 0.5254E-06  3.513    
   7      0.3424018E-04 0.1192E-05  0.3673144E-04 0.4815E-06  3.729    
   8      0.3660697E-04 0.1257E-05  0.3671563E-04 0.4496E-06  3.200    
   9      0.3749152E-04 0.1280E-05  0.3680398E-04 0.4242E-06  2.830    
  10      0.3770163E-04 0.1324E-05  0.3689118E-04 0.4041E-06  2.551    
   
   
 Integral Regular:   3.6891176353114772E-005 +-   4.0409338622118361E-007
 with chisq    =   2.5511800010878551     
  
  
  
    xq         Integral Regular                 error
    100      0.353397218643047E-01      0.136377162776087E-03
    200      0.205362699828198E-02      0.945153780815399E-05
    300      0.365687062156559E-03      0.209411547244171E-05
    400      0.101814804178307E-03      0.651648712319087E-06
    500      0.368911763531148E-04      0.404093386221184E-06
Thanks for using LHAPDF 6.5.4. Please make sure to cite the paper:
  Eur.Phys.J. C75 (2015) 3, 132  (http://arxiv.org/abs/1412.7420)
