   100.00000000000000        3.1600613059109044E-002	2.5027499159419266E-006
   200.00000000000000        1.7445203270985870E-003	1.9254926334407761E-007
   300.00000000000000        3.0058648113674886E-004	3.9219132366674863E-008
   400.00000000000000        8.3292765566519224E-005	1.2102210785552611E-008
   500.00000000000000        3.0035504042643587E-005	4.7329984620863202E-009
   600.00000000000000        1.2798979935785100E-005	2.1456970862397075E-009
   700.00000000000000        6.1225720862107573E-006	1.0749331556607858E-009
   800.00000000000000        3.1884181434677851E-006	5.8053486574642113E-010
   900.00000000000000        1.7696975212192521E-006	3.3337514004658997E-010
   1000.0000000000000        1.0325913699196275E-006	2.0055494799887582E-010
   1100.0000000000000        6.2727412467422325E-007	1.2517400067686600E-010
   1200.0000000000000        3.9406229912971124E-007	8.0676029358014123E-011
   1300.0000000000000        2.5435984854810045E-007	5.3128305985719301E-011
   1400.0000000000000        1.6807893163073731E-007	3.5803335244461088E-011
   1500.0000000000000        1.1331429538415226E-007	2.4547199442909804E-011
   1600.0000000000000        7.7685583051091500E-008	1.7094722288603278E-011
   1700.0000000000000        5.4107846016098756E-008	1.2037425826543811E-011
   1800.0000000000000        3.8160714405038709E-008	8.5570257655623445E-012
   1900.0000000000000        2.7236912276635888E-008	6.1556340477135011E-012
   2000.0000000000000        1.9656053420563950E-008	4.4930543887110658E-012


   
 ____________________________________
     Calculating P and K terms       
 ____________________________________
 ````````````````````````````````````
  
 For xq =          100 
  
 RM48 INITIALIZED:        40           0         0



 INPUT PARAMETERS FOR VEGAS:  NDIM=  4  NCALL=   99574272.
                              IT=    0  ITMX=   15
                              MDS= -1   ND=  42
   1      0.3229671E-01 0.1095E-02  0.3229671E-01 0.1095E-02  0.000    
   2      0.3167059E-01 0.1866E-03  0.3168894E-01 0.1857E-03 0.3233    
^[[A^[[B   3      0.3168891E-01 0.9623E-04  0.3168892E-01 0.8580E-04 0.1627    
   4      0.3162223E-01 0.6713E-04  0.3164781E-01 0.5303E-04 0.2335    
   5      0.3166141E-01 0.5534E-04  0.3165428E-01 0.3834E-04 0.1833    
   6      0.3158282E-01 0.5044E-04  0.3162833E-01 0.3057E-04 0.3998    
   7      0.3155950E-01 0.4836E-04  0.3160886E-01 0.2586E-04 0.5733    
   8      0.3159983E-01 0.4732E-04  0.3160679E-01 0.2270E-04 0.4959    
   9      0.3160097E-01 0.4688E-04  0.3160569E-01 0.2044E-04 0.4358    
  10      0.3153051E-01 0.4661E-04  0.3159368E-01 0.1872E-04 0.6283    
  11      0.3157224E-01 0.4653E-04  0.3159071E-01 0.1737E-04 0.5840    
  12      0.3154720E-01 0.4641E-04  0.3158540E-01 0.1627E-04 0.6009    
  13      0.3158831E-01 0.4655E-04  0.3158571E-01 0.1536E-04 0.5513    
  14      0.3161062E-01 0.4664E-04  0.3158815E-01 0.1459E-04 0.5288    
  15      0.3161217E-01 0.4673E-04  0.3159028E-01 0.1393E-04 0.5082    



 INPUT PARAMETERS FOR VEGAS:  NDIM=  4  NCALL=  933897762.
                              IT=    0  ITMX=   30
                              MDS= -1   ND=  49
   1      0.3160290E-01 0.1371E-04  0.3160290E-01 0.1371E-04  0.000    
   2      0.3160181E-01 0.1371E-04  0.3160236E-01 0.9694E-05 0.3150E-02
   3      0.3161025E-01 0.1371E-04  0.3160499E-01 0.7915E-05 0.1120    
   4      0.3159651E-01 0.1371E-04  0.3160287E-01 0.6854E-05 0.1702    
   5      0.3160956E-01 0.1371E-04  0.3160421E-01 0.6131E-05 0.1753    
   6      0.3158857E-01 0.1371E-04  0.3160160E-01 0.5597E-05 0.3570    
   7      0.3159921E-01 0.1371E-04  0.3160126E-01 0.5182E-05 0.3018    
   8      0.3158304E-01 0.1371E-04  0.3159899E-01 0.4847E-05 0.4795    
   9      0.3160606E-01 0.1371E-04  0.3159977E-01 0.4570E-05 0.4492    
  10      0.3160551E-01 0.1371E-04  0.3160035E-01 0.4335E-05 0.4168    
  11      0.3159134E-01 0.1371E-04  0.3159953E-01 0.4133E-05 0.4143    
  12      0.3160628E-01 0.1370E-04  0.3160009E-01 0.3957E-05 0.3969    
  13      0.3157943E-01 0.1370E-04  0.3159850E-01 0.3802E-05 0.5385    
  14      0.3158907E-01 0.1371E-04  0.3159783E-01 0.3664E-05 0.5309    
  15      0.3161450E-01 0.1371E-04  0.3159894E-01 0.3539E-05 0.5917    
  16      0.3161275E-01 0.1371E-04  0.3159981E-01 0.3427E-05 0.6156    
  17      0.3160606E-01 0.1371E-04  0.3160017E-01 0.3325E-05 0.5894    
  18      0.3160096E-01 0.1370E-04  0.3160022E-01 0.3231E-05 0.5549    
  19      0.3159738E-01 0.1371E-04  0.3160007E-01 0.3145E-05 0.5263    
  20      0.3161097E-01 0.1371E-04  0.3160061E-01 0.3065E-05 0.5302    
  21      0.3159741E-01 0.1370E-04  0.3160046E-01 0.2991E-05 0.5063    
  22      0.3158578E-01 0.1371E-04  0.3159979E-01 0.2922E-05 0.5343    
  23      0.3158260E-01 0.1371E-04  0.3159905E-01 0.2858E-05 0.5784    
  24      0.3159334E-01 0.1371E-04  0.3159881E-01 0.2798E-05 0.5605    
  25      0.3159218E-01 0.1371E-04  0.3159854E-01 0.2742E-05 0.5465    
  26      0.3160057E-01 0.1371E-04  0.3159862E-01 0.2688E-05 0.5255    
  27      0.3161359E-01 0.1372E-04  0.3159918E-01 0.2638E-05 0.5494    
  28      0.3160426E-01 0.1371E-04  0.3159936E-01 0.2591E-05 0.5340    
  29      0.3162196E-01 0.1372E-04  0.3160014E-01 0.2546E-05 0.6086    
  30      0.3161440E-01 0.1371E-04  0.3160061E-01 0.2503E-05 0.6237    
   
   
 Integral=   3.1600613059109044E-002 +-   2.5027499159419266E-006
 with chisq    =  0.62369123320579467     
  
  
  
 For xq =          200 
  
 RM48 INITIALIZED:        40           0         0



 INPUT PARAMETERS FOR VEGAS:  NDIM=  4  NCALL=   99574272.
                              IT=    0  ITMX=   15
                              MDS= -1   ND=  42
   1      0.1805636E-02 0.5034E-04  0.1805636E-02 0.5034E-04  0.000    
   2      0.1745881E-02 0.8711E-05  0.1747735E-02 0.8722E-05  1.411    
   3      0.1743453E-02 0.4951E-05  0.1744526E-02 0.4339E-05 0.8056    
   4      0.1737650E-02 0.4006E-05  0.1740868E-02 0.2957E-05 0.9900    
   5      0.1747619E-02 0.3695E-05  0.1743483E-02 0.2311E-05  1.251    
   6      0.1749826E-02 0.3550E-05  0.1745362E-02 0.1938E-05  1.448    
   7      0.1747217E-02 0.3477E-05  0.1745798E-02 0.1694E-05  1.244    
   8      0.1745291E-02 0.3444E-05  0.1745700E-02 0.1520E-05  1.070    
   9      0.1742218E-02 0.3429E-05  0.1745134E-02 0.1390E-05  1.045    
  10      0.1744606E-02 0.3417E-05  0.1745060E-02 0.1288E-05 0.9316    
  11      0.1744648E-02 0.3423E-05  0.1745009E-02 0.1206E-05 0.8403    
  12      0.1746079E-02 0.3422E-05  0.1745127E-02 0.1137E-05 0.7721    
  13      0.1747074E-02 0.3426E-05  0.1745319E-02 0.1079E-05 0.7321    
  14      0.1743758E-02 0.3437E-05  0.1745180E-02 0.1030E-05 0.6905    
  15      0.1747313E-02 0.3447E-05  0.1745354E-02 0.9867E-06 0.6663    



 INPUT PARAMETERS FOR VEGAS:  NDIM=  4  NCALL=  933897762.
                              IT=    0  ITMX=   30
                              MDS= -1   ND=  49
   1      0.1743719E-02 0.1054E-05  0.1743719E-02 0.1054E-05  0.000    
   2      0.1745220E-02 0.1055E-05  0.1744469E-02 0.7458E-06  1.012    
   3      0.1743703E-02 0.1055E-05  0.1744214E-02 0.6089E-06 0.6823    
   4      0.1744260E-02 0.1055E-05  0.1744225E-02 0.5273E-06 0.4553    
   5      0.1742919E-02 0.1054E-05  0.1743964E-02 0.4716E-06 0.6482    
   6      0.1745279E-02 0.1055E-05  0.1744183E-02 0.4306E-06 0.7775    
   7      0.1743189E-02 0.1054E-05  0.1744041E-02 0.3986E-06 0.7752    
   8      0.1745085E-02 0.1055E-05  0.1744172E-02 0.3729E-06 0.7869    
   9      0.1743437E-02 0.1054E-05  0.1744090E-02 0.3515E-06 0.7426    
  10      0.1746117E-02 0.1055E-05  0.1744293E-02 0.3335E-06  1.029    
  11      0.1744894E-02 0.1055E-05  0.1744348E-02 0.3180E-06 0.9559    
  12      0.1744395E-02 0.1054E-05  0.1744352E-02 0.3044E-06 0.8692    
  13      0.1743525E-02 0.1054E-05  0.1744288E-02 0.2925E-06 0.8440    
  14      0.1744384E-02 0.1054E-05  0.1744295E-02 0.2818E-06 0.7797    
  15      0.1745686E-02 0.1055E-05  0.1744388E-02 0.2723E-06 0.8399    
  16      0.1743517E-02 0.1054E-05  0.1744333E-02 0.2636E-06 0.8265    
  17      0.1745218E-02 0.1054E-05  0.1744385E-02 0.2558E-06 0.8163    
  18      0.1744326E-02 0.1055E-05  0.1744382E-02 0.2486E-06 0.7684    
  19      0.1744702E-02 0.1054E-05  0.1744399E-02 0.2419E-06 0.7306    
  20      0.1744788E-02 0.1054E-05  0.1744418E-02 0.2358E-06 0.6989    
  21      0.1746030E-02 0.1055E-05  0.1744495E-02 0.2301E-06 0.7752    
  22      0.1744324E-02 0.1055E-05  0.1744487E-02 0.2248E-06 0.7395    
  23      0.1745063E-02 0.1055E-05  0.1744512E-02 0.2199E-06 0.7188    
  24      0.1744910E-02 0.1054E-05  0.1744529E-02 0.2153E-06 0.6935    
  25      0.1744549E-02 0.1055E-05  0.1744530E-02 0.2109E-06 0.6646    
  26      0.1742824E-02 0.1055E-05  0.1744464E-02 0.2068E-06 0.7384    
  27      0.1745584E-02 0.1055E-05  0.1744506E-02 0.2030E-06 0.7517    
  28      0.1743985E-02 0.1054E-05  0.1744487E-02 0.1993E-06 0.7326    
  29      0.1745041E-02 0.1055E-05  0.1744506E-02 0.1958E-06 0.7159    
  30      0.1744929E-02 0.1055E-05  0.1744520E-02 0.1925E-06 0.6966    
   
   
 Integral=   1.7445203270985870E-003 +-   1.9254926334407761E-007
 with chisq    =  0.69657339750993963     
  
  
  
 For xq =          300 
  
 RM48 INITIALIZED:        40           0         0



 INPUT PARAMETERS FOR VEGAS:  NDIM=  4  NCALL=   99574272.
                              IT=    0  ITMX=   15
                              MDS= -1   ND=  42
   1      0.3008970E-03 0.7636E-05  0.3008970E-03 0.7636E-05  0.000    
   2      0.3004877E-03 0.1392E-05  0.3005009E-03 0.1371E-05 0.2785E-02
   3      0.3001332E-03 0.8675E-06  0.3002387E-03 0.7335E-06 0.2710E-01
   4      0.2994270E-03 0.7560E-06  0.2998465E-03 0.5269E-06 0.2157    
   5      0.3019925E-03 0.7188E-06  0.3006022E-03 0.4246E-06  1.618    
   6      0.3021997E-03 0.7021E-06  0.3010333E-03 0.3631E-06  2.055    
   7      0.3009382E-03 0.6918E-06  0.3010128E-03 0.3215E-06  1.715    
   8      0.3006544E-03 0.6867E-06  0.3009484E-03 0.2912E-06  1.502    
   9      0.3012070E-03 0.6860E-06  0.3009880E-03 0.2680E-06  1.329    
  10      0.2997421E-03 0.6824E-06  0.3008226E-03 0.2495E-06  1.501    
  11      0.2995769E-03 0.6854E-06  0.3006778E-03 0.2345E-06  1.642    
  12      0.3005189E-03 0.6861E-06  0.3006612E-03 0.2219E-06  1.497    
  13      0.3017520E-03 0.6894E-06  0.3007643E-03 0.2112E-06  1.562    
  14      0.3002554E-03 0.6883E-06  0.3007206E-03 0.2019E-06  1.480    
  15      0.3005148E-03 0.6917E-06  0.3007045E-03 0.1938E-06  1.381    



 INPUT PARAMETERS FOR VEGAS:  NDIM=  4  NCALL=  933897762.
                              IT=    0  ITMX=   30
                              MDS= -1   ND=  49
   1      0.3006498E-03 0.2148E-06  0.3006498E-03 0.2148E-06  0.000    
   2      0.3008719E-03 0.2148E-06  0.3007610E-03 0.1519E-06 0.5347    
   3      0.3004631E-03 0.2147E-06  0.3006618E-03 0.1240E-06 0.9083    
   4      0.3006543E-03 0.2147E-06  0.3006599E-03 0.1074E-06 0.6058    
   5      0.3003016E-03 0.2147E-06  0.3005884E-03 0.9604E-07  1.011    
   6      0.3004557E-03 0.2147E-06  0.3005662E-03 0.8767E-07 0.8724    
   7      0.3004599E-03 0.2148E-06  0.3005511E-03 0.8117E-07 0.7620    
   8      0.3008252E-03 0.2150E-06  0.3005853E-03 0.7593E-07 0.8566    
   9      0.3003900E-03 0.2147E-06  0.3005636E-03 0.7159E-07 0.8415    
  10      0.3005568E-03 0.2149E-06  0.3005630E-03 0.6792E-07 0.7481    
  11      0.3003318E-03 0.2147E-06  0.3005420E-03 0.6475E-07 0.7787    
  12      0.3005708E-03 0.2147E-06  0.3005444E-03 0.6200E-07 0.7094    
  13      0.3003375E-03 0.2147E-06  0.3005285E-03 0.5956E-07 0.7217    
  14      0.3005918E-03 0.2148E-06  0.3005330E-03 0.5739E-07 0.6724    
  15      0.3007902E-03 0.2148E-06  0.3005501E-03 0.5545E-07 0.7200    
  16      0.3005366E-03 0.2147E-06  0.3005493E-03 0.5369E-07 0.6722    
  17      0.3005105E-03 0.2148E-06  0.3005470E-03 0.5209E-07 0.6322    
  18      0.3010672E-03 0.2150E-06  0.3005760E-03 0.5062E-07 0.9212    
  19      0.3007837E-03 0.2150E-06  0.3005869E-03 0.4927E-07 0.9191    
  20      0.3005037E-03 0.2148E-06  0.3005827E-03 0.4803E-07 0.8783    
  21      0.3006373E-03 0.2150E-06  0.3005853E-03 0.4687E-07 0.8374    
  22      0.3007027E-03 0.2149E-06  0.3005907E-03 0.4580E-07 0.8111    
  23      0.3005736E-03 0.2148E-06  0.3005899E-03 0.4479E-07 0.7745    
  24      0.3005743E-03 0.2148E-06  0.3005893E-03 0.4385E-07 0.7410    
  25      0.3004794E-03 0.2149E-06  0.3005849E-03 0.4296E-07 0.7206    
  26      0.3005563E-03 0.2149E-06  0.3005838E-03 0.4213E-07 0.6925    
  27      0.3005161E-03 0.2149E-06  0.3005813E-03 0.4134E-07 0.6696    
  28      0.3008139E-03 0.2150E-06  0.3005896E-03 0.4060E-07 0.6866    
  29      0.3004123E-03 0.2147E-06  0.3005835E-03 0.3989E-07 0.6856    
  30      0.3006741E-03 0.2149E-06  0.3005865E-03 0.3922E-07 0.6678    
   
   
 Integral=   3.0058648113674886E-004 +-   3.9219132366674863E-008
 with chisq    =  0.66783841905666597     
  
  
  
 For xq =          400 
  
 RM48 INITIALIZED:        40           0         0



 INPUT PARAMETERS FOR VEGAS:  NDIM=  4  NCALL=   99574272.
                              IT=    0  ITMX=   15
                              MDS= -1   ND=  42
   1      0.8467986E-04 0.1929E-05  0.8467986E-04 0.1929E-05  0.000    
   2      0.8308894E-04 0.3691E-06  0.8314724E-04 0.3658E-06 0.6678    
   3      0.8364062E-04 0.2507E-06  0.8348228E-04 0.2070E-06 0.9535    
   4      0.8327122E-04 0.2251E-06  0.8338623E-04 0.1526E-06 0.7959    
   5      0.8361008E-04 0.2172E-06  0.8346012E-04 0.1249E-06 0.7748    
   6      0.8316533E-04 0.2125E-06  0.8338511E-04 0.1077E-06 0.9053    
   7      0.8319659E-04 0.2112E-06  0.8334647E-04 0.9597E-07 0.8601    
   8      0.8323337E-04 0.2101E-06  0.8332706E-04 0.8731E-07 0.7720    
   9      0.8342537E-04 0.2100E-06  0.8334152E-04 0.8062E-07 0.6989    
  10      0.8339173E-04 0.2094E-06  0.8334800E-04 0.7524E-07 0.6270    
  11      0.8291125E-04 0.2098E-06  0.8329881E-04 0.7083E-07 0.9449    
  12      0.8325448E-04 0.2101E-06  0.8329431E-04 0.6713E-07 0.8629    
  13      0.8339410E-04 0.2109E-06  0.8330348E-04 0.6396E-07 0.8079    
  14      0.8342577E-04 0.2115E-06  0.8331374E-04 0.6123E-07 0.7693    
  15      0.8300512E-04 0.2117E-06  0.8329013E-04 0.5882E-07 0.8537    



 INPUT PARAMETERS FOR VEGAS:  NDIM=  4  NCALL=  933897762.
                              IT=    0  ITMX=   30
                              MDS= -1   ND=  49
   1      0.8328562E-04 0.6628E-07  0.8328562E-04 0.6628E-07  0.000    
   2      0.8333950E-04 0.6634E-07  0.8331255E-04 0.4689E-07 0.3302    
   3      0.8320043E-04 0.6627E-07  0.8327521E-04 0.3828E-07  1.118    
   4      0.8328955E-04 0.6624E-07  0.8327880E-04 0.3314E-07 0.7571    
   5      0.8314161E-04 0.6622E-07  0.8325140E-04 0.2964E-07  1.425    
   6      0.8337119E-04 0.6629E-07  0.8327140E-04 0.2706E-07  1.685    
   7      0.8331853E-04 0.6626E-07  0.8327814E-04 0.2505E-07  1.476    
   8      0.8328431E-04 0.6626E-07  0.8327891E-04 0.2343E-07  1.266    
   9      0.8325515E-04 0.6626E-07  0.8327627E-04 0.2209E-07  1.122    
  10      0.8325866E-04 0.6626E-07  0.8327451E-04 0.2096E-07  1.005    
  11      0.8337951E-04 0.6631E-07  0.8328407E-04 0.1998E-07  1.132    
  12      0.8332996E-04 0.6627E-07  0.8328790E-04 0.1913E-07  1.069    
  13      0.8332270E-04 0.6629E-07  0.8329058E-04 0.1838E-07  1.001    
  14      0.8336293E-04 0.6630E-07  0.8329575E-04 0.1771E-07  1.009    
  15      0.8323953E-04 0.6626E-07  0.8329200E-04 0.1711E-07 0.9854    
  16      0.8330526E-04 0.6632E-07  0.8329283E-04 0.1657E-07 0.9222    
  17      0.8330960E-04 0.6629E-07  0.8329382E-04 0.1607E-07 0.8683    
  18      0.8332653E-04 0.6627E-07  0.8329564E-04 0.1562E-07 0.8307    
  19      0.8334162E-04 0.6628E-07  0.8329806E-04 0.1520E-07 0.8099    
  20      0.8336727E-04 0.6635E-07  0.8330152E-04 0.1482E-07 0.8217    
  21      0.8327904E-04 0.6631E-07  0.8330045E-04 0.1446E-07 0.7861    
  22      0.8327398E-04 0.6629E-07  0.8329925E-04 0.1413E-07 0.7559    
  23      0.8329061E-04 0.6638E-07  0.8329887E-04 0.1382E-07 0.7223    
  24      0.8321892E-04 0.6627E-07  0.8329555E-04 0.1353E-07 0.7515    
  25      0.8336416E-04 0.6634E-07  0.8329829E-04 0.1326E-07 0.7630    
  26      0.8323195E-04 0.6626E-07  0.8329574E-04 0.1300E-07 0.7710    
  27      0.8333090E-04 0.6629E-07  0.8329704E-04 0.1276E-07 0.7518    
  28      0.8319895E-04 0.6627E-07  0.8329355E-04 0.1253E-07 0.8021    
  29      0.8328547E-04 0.6630E-07  0.8329327E-04 0.1231E-07 0.7739    
  30      0.8327821E-04 0.6629E-07  0.8329277E-04 0.1210E-07 0.7490    
   
   
 Integral=   8.3292765566519224E-005 +-   1.2102210785552611E-008
 with chisq    =  0.74898600391816572     
  
  
  
 For xq =          500 
  
 RM48 INITIALIZED:        40           0         0



 INPUT PARAMETERS FOR VEGAS:  NDIM=  4  NCALL=   99574272.
                              IT=    0  ITMX=   15
                              MDS= -1   ND=  42
   1      0.3010190E-04 0.6541E-06  0.3010190E-04 0.6541E-06  0.000    
   2      0.2987863E-04 0.1311E-06  0.2988737E-04 0.1290E-06 0.1128    
   3      0.2993465E-04 0.9401E-07  0.2991821E-04 0.7602E-07 0.1003    
   4      0.3003772E-04 0.8580E-07  0.2997090E-04 0.5687E-07 0.4296    
   5      0.3009048E-04 0.8313E-07  0.3000920E-04 0.4692E-07 0.6753    
   6      0.3005790E-04 0.8214E-07  0.3002121E-04 0.4074E-07 0.5931    
   7      0.3007292E-04 0.8181E-07  0.3003152E-04 0.3646E-07 0.5475    
   8      0.3009238E-04 0.8171E-07  0.3004166E-04 0.3329E-07 0.5353    
   9      0.2997264E-04 0.8134E-07  0.3003179E-04 0.3082E-07 0.5454    
  10      0.2988133E-04 0.8134E-07  0.3001307E-04 0.2882E-07 0.8153    
  11      0.3003664E-04 0.8184E-07  0.3001567E-04 0.2718E-07 0.7410    
  12      0.2987278E-04 0.8151E-07  0.3000149E-04 0.2579E-07 0.9236    
  13      0.3004934E-04 0.8225E-07  0.3000579E-04 0.2461E-07 0.8722    
  14      0.3002879E-04 0.8233E-07  0.3000768E-04 0.2358E-07 0.8105    
  15      0.2999533E-04 0.8271E-07  0.3000675E-04 0.2267E-07 0.7542    



 INPUT PARAMETERS FOR VEGAS:  NDIM=  4  NCALL=  933897762.
                              IT=    0  ITMX=   30
                              MDS= -1   ND=  49
   1      0.3004458E-04 0.2592E-07  0.3004458E-04 0.2592E-07  0.000    
   2      0.3005914E-04 0.2594E-07  0.3005186E-04 0.1834E-07 0.1576    
   3      0.3000139E-04 0.2589E-07  0.3003503E-04 0.1496E-07  1.343    
   4      0.3002617E-04 0.2591E-07  0.3003282E-04 0.1296E-07 0.9248    
   5      0.3004118E-04 0.2593E-07  0.3003449E-04 0.1159E-07 0.7143    
   6      0.3004689E-04 0.2594E-07  0.3003655E-04 0.1058E-07 0.6095    
   7      0.3002996E-04 0.2592E-07  0.3003561E-04 0.9797E-08 0.5172    
   8      0.3001256E-04 0.2591E-07  0.3003273E-04 0.9164E-08 0.5422    
   9      0.3001351E-04 0.2592E-07  0.3003060E-04 0.8640E-08 0.5355    
  10      0.3001359E-04 0.2591E-07  0.3002890E-04 0.8196E-08 0.5191    
  11      0.3003117E-04 0.2591E-07  0.3002910E-04 0.7815E-08 0.4679    
  12      0.3005634E-04 0.2594E-07  0.3003137E-04 0.7483E-08 0.5173    
  13      0.3000900E-04 0.2591E-07  0.3002965E-04 0.7189E-08 0.5315    
  14      0.3003746E-04 0.2593E-07  0.3003021E-04 0.6928E-08 0.4971    
  15      0.3008327E-04 0.2593E-07  0.3003376E-04 0.6693E-08 0.7416    
  16      0.3003397E-04 0.2593E-07  0.3003377E-04 0.6481E-08 0.6921    
  17      0.3004436E-04 0.2592E-07  0.3003440E-04 0.6287E-08 0.6587    
  18      0.3007768E-04 0.2594E-07  0.3003680E-04 0.6110E-08 0.7749    
  19      0.3004426E-04 0.2592E-07  0.3003720E-04 0.5947E-08 0.7362    
  20      0.3002817E-04 0.2593E-07  0.3003675E-04 0.5797E-08 0.7035    
  21      0.3004214E-04 0.2593E-07  0.3003700E-04 0.5657E-08 0.6704    
  22      0.3003744E-04 0.2593E-07  0.3003702E-04 0.5527E-08 0.6385    
  23      0.3000476E-04 0.2593E-07  0.3003562E-04 0.5406E-08 0.6767    
  24      0.3000410E-04 0.2590E-07  0.3003431E-04 0.5292E-08 0.7089    
  25      0.3007471E-04 0.2593E-07  0.3003593E-04 0.5185E-08 0.7766    
  26      0.3001899E-04 0.2592E-07  0.3003528E-04 0.5084E-08 0.7620    
  27      0.3002129E-04 0.2591E-07  0.3003476E-04 0.4989E-08 0.7435    
  28      0.3001836E-04 0.2592E-07  0.3003418E-04 0.4899E-08 0.7303    
  29      0.3006470E-04 0.2593E-07  0.3003523E-04 0.4814E-08 0.7520    
  30      0.3004345E-04 0.2593E-07  0.3003550E-04 0.4733E-08 0.7294    
   
   
 Integral=   3.0035504042643587E-005 +-   4.7329984620863202E-009
 with chisq    =  0.72940998286590919     
  
  
  
 For xq =          600 
  
 RM48 INITIALIZED:        40           0         0



 INPUT PARAMETERS FOR VEGAS:  NDIM=  4  NCALL=   99574272.
                              IT=    0  ITMX=   15
                              MDS= -1   ND=  42
   1      0.1256908E-04 0.2685E-06  0.1256908E-04 0.2685E-06  0.000    
   2      0.1270028E-04 0.5594E-07  0.1269493E-04 0.5450E-07 0.2265    
   3      0.1284411E-04 0.4165E-07  0.1279025E-04 0.3293E-07  2.479    
   4      0.1277361E-04 0.3822E-07  0.1278312E-04 0.2492E-07  1.685    
   5      0.1279868E-04 0.3727E-07  0.1278797E-04 0.2070E-07  1.291    
   6      0.1279741E-04 0.3695E-07  0.1279024E-04 0.1806E-07  1.041    
   7      0.1271178E-04 0.3668E-07  0.1277500E-04 0.1620E-07  1.480    
   8      0.1276264E-04 0.3662E-07  0.1277297E-04 0.1482E-07  1.282    
   9      0.1276280E-04 0.3666E-07  0.1277154E-04 0.1374E-07  1.129    
  10      0.1278714E-04 0.3669E-07  0.1277347E-04 0.1286E-07  1.021    
  11      0.1280932E-04 0.3703E-07  0.1277736E-04 0.1215E-07  1.002    
  12      0.1277177E-04 0.3697E-07  0.1277682E-04 0.1154E-07 0.9129    
  13      0.1276755E-04 0.3703E-07  0.1277599E-04 0.1102E-07 0.8415    
  14      0.1281869E-04 0.3718E-07  0.1277947E-04 0.1056E-07 0.8703    
  15      0.1281561E-04 0.3742E-07  0.1278216E-04 0.1017E-07 0.8698    



 INPUT PARAMETERS FOR VEGAS:  NDIM=  4  NCALL=  933897762.
                              IT=    0  ITMX=   30
                              MDS= -1   ND=  49
   1      0.1280919E-04 0.1175E-07  0.1280919E-04 0.1175E-07  0.000    
   2      0.1281742E-04 0.1176E-07  0.1281330E-04 0.8315E-08 0.2445    
   3      0.1278956E-04 0.1175E-07  0.1280540E-04 0.6787E-08  1.481    
   4      0.1277054E-04 0.1174E-07  0.1279670E-04 0.5876E-08  3.188    
   5      0.1279300E-04 0.1176E-07  0.1279596E-04 0.5256E-08  2.411    
   6      0.1278936E-04 0.1175E-07  0.1279486E-04 0.4798E-08  1.982    
   7      0.1280135E-04 0.1176E-07  0.1279579E-04 0.4442E-08  1.695    
   8      0.1279322E-04 0.1175E-07  0.1279547E-04 0.4155E-08  1.459    
   9      0.1279503E-04 0.1175E-07  0.1279542E-04 0.3917E-08  1.276    
  10      0.1281008E-04 0.1176E-07  0.1279689E-04 0.3717E-08  1.290    
  11      0.1279274E-04 0.1175E-07  0.1279651E-04 0.3543E-08  1.173    
  12      0.1280832E-04 0.1176E-07  0.1279749E-04 0.3393E-08  1.150    
  13      0.1282058E-04 0.1176E-07  0.1279927E-04 0.3260E-08  1.351    
  14      0.1279180E-04 0.1175E-07  0.1279874E-04 0.3141E-08  1.276    
  15      0.1279814E-04 0.1175E-07  0.1279870E-04 0.3035E-08  1.185    
  16      0.1281253E-04 0.1175E-07  0.1279957E-04 0.2938E-08  1.193    
  17      0.1279887E-04 0.1174E-07  0.1279952E-04 0.2850E-08  1.119    
  18      0.1281357E-04 0.1176E-07  0.1280030E-04 0.2770E-08  1.132    
  19      0.1280966E-04 0.1176E-07  0.1280080E-04 0.2696E-08  1.102    
  20      0.1278392E-04 0.1174E-07  0.1279995E-04 0.2628E-08  1.147    
  21      0.1278192E-04 0.1175E-07  0.1279910E-04 0.2565E-08  1.202    
  22      0.1278443E-04 0.1175E-07  0.1279843E-04 0.2506E-08  1.216    
  23      0.1276733E-04 0.1173E-07  0.1279708E-04 0.2450E-08  1.465    
  24      0.1279913E-04 0.1175E-07  0.1279717E-04 0.2399E-08  1.403    
  25      0.1280302E-04 0.1176E-07  0.1279740E-04 0.2350E-08  1.354    
  26      0.1280899E-04 0.1176E-07  0.1279785E-04 0.2305E-08  1.337    
  27      0.1278019E-04 0.1174E-07  0.1279719E-04 0.2262E-08  1.369    
  28      0.1281804E-04 0.1176E-07  0.1279794E-04 0.2221E-08  1.431    
  29      0.1279455E-04 0.1175E-07  0.1279782E-04 0.2182E-08  1.383    
  30      0.1283251E-04 0.1177E-07  0.1279898E-04 0.2146E-08  1.626    
   
   
 Integral=   1.2798979935785100E-005 +-   2.1456970862397075E-009
 with chisq    =   1.6259396588252986     
  
  
  
 For xq =          700 
  
 RM48 INITIALIZED:        40           0         0



 INPUT PARAMETERS FOR VEGAS:  NDIM=  4  NCALL=   99574272.
                              IT=    0  ITMX=   15
                              MDS= -1   ND=  42
   1      0.5846667E-05 0.1203E-06  0.5846667E-05 0.1203E-06  0.000    
   2      0.6124786E-05 0.2708E-07  0.6112516E-05 0.2588E-07  4.871    
   3      0.6122844E-05 0.2047E-07  0.6118979E-05 0.1595E-07  2.448    
   4      0.6117758E-05 0.1904E-07  0.6118467E-05 0.1220E-07  1.621    
   5      0.6084151E-05 0.1850E-07  0.6107996E-05 0.1018E-07  1.816    
   6      0.6129192E-05 0.1846E-07  0.6113023E-05 0.8907E-08  1.652    
   7      0.6138247E-05 0.1845E-07  0.6117878E-05 0.8017E-08  1.629    
   8      0.6124276E-05 0.1835E-07  0.6118915E-05 0.7345E-08  1.408    
   9      0.6107055E-05 0.1832E-07  0.6117263E-05 0.6816E-08  1.277    
  10      0.6117416E-05 0.1837E-07  0.6117281E-05 0.6390E-08  1.134    
  11      0.6112131E-05 0.1841E-07  0.6116724E-05 0.6036E-08  1.027    
  12      0.6149458E-05 0.1854E-07  0.6119913E-05 0.5739E-08  1.192    
  13      0.6100284E-05 0.1852E-07  0.6118193E-05 0.5482E-08  1.178    
  14      0.6151873E-05 0.1869E-07  0.6120903E-05 0.5260E-08  1.320    
  15      0.6119147E-05 0.1874E-07  0.6120775E-05 0.5064E-08  1.226    



 INPUT PARAMETERS FOR VEGAS:  NDIM=  4  NCALL=  933897762.
                              IT=    0  ITMX=   30
                              MDS= -1   ND=  49
   1      0.6114974E-05 0.5883E-08  0.6114974E-05 0.5883E-08  0.000    
   2      0.6122177E-05 0.5884E-08  0.6118579E-05 0.4161E-08 0.7494    
   3      0.6111455E-05 0.5882E-08  0.6116207E-05 0.3397E-08 0.8636    
   4      0.6125155E-05 0.5886E-08  0.6118447E-05 0.2942E-08  1.154    
   5      0.6125128E-05 0.5891E-08  0.6119783E-05 0.2632E-08  1.123    
   6      0.6121809E-05 0.5890E-08  0.6120120E-05 0.2403E-08 0.9180    
   7      0.6123965E-05 0.5890E-08  0.6120670E-05 0.2225E-08 0.8258    
   8      0.6131576E-05 0.5888E-08  0.6122037E-05 0.2081E-08  1.138    
   9      0.6124376E-05 0.5889E-08  0.6122297E-05 0.1962E-08  1.013    
  10      0.6122611E-05 0.5888E-08  0.6122328E-05 0.1862E-08 0.9006    
  11      0.6118991E-05 0.5886E-08  0.6122025E-05 0.1775E-08 0.8398    
  12      0.6128136E-05 0.5888E-08  0.6122535E-05 0.1699E-08 0.8532    
  13      0.6120072E-05 0.5885E-08  0.6122345E-05 0.1633E-08 0.7957    
  14      0.6117267E-05 0.5887E-08  0.6121983E-05 0.1573E-08 0.7876    
  15      0.6133004E-05 0.5894E-08  0.6122719E-05 0.1520E-08 0.9650    
  16      0.6126712E-05 0.5886E-08  0.6122969E-05 0.1472E-08 0.9294    
  17      0.6127934E-05 0.5893E-08  0.6123261E-05 0.1428E-08 0.9130    
  18      0.6126124E-05 0.5892E-08  0.6123420E-05 0.1388E-08 0.8724    
  19      0.6117498E-05 0.5886E-08  0.6123108E-05 0.1351E-08 0.8772    
  20      0.6130588E-05 0.5895E-08  0.6123482E-05 0.1317E-08 0.9116    
  21      0.6119895E-05 0.5889E-08  0.6123312E-05 0.1285E-08 0.8837    
  22      0.6119822E-05 0.5889E-08  0.6123153E-05 0.1255E-08 0.8576    
  23      0.6125102E-05 0.5888E-08  0.6123238E-05 0.1228E-08 0.8234    
  24      0.6124437E-05 0.5886E-08  0.6123288E-05 0.1202E-08 0.7893    
  25      0.6124111E-05 0.5886E-08  0.6123321E-05 0.1178E-08 0.7572    
  26      0.6124980E-05 0.5890E-08  0.6123385E-05 0.1155E-08 0.7299    
  27      0.6110733E-05 0.5882E-08  0.6122917E-05 0.1133E-08 0.8727    
  28      0.6119099E-05 0.5888E-08  0.6122781E-05 0.1113E-08 0.8554    
  29      0.6111197E-05 0.5878E-08  0.6122382E-05 0.1093E-08 0.9584    
  30      0.6128082E-05 0.5889E-08  0.6122572E-05 0.1075E-08 0.9565    
   
   
 Integral=   6.1225720862107573E-006 +-   1.0749331556607858E-009
 with chisq    =  0.95654305404424900     
  
  
  
 For xq =          800 
  
 RM48 INITIALIZED:        40           0         0



 INPUT PARAMETERS FOR VEGAS:  NDIM=  4  NCALL=   99574272.
                              IT=    0  ITMX=   15
                              MDS= -1   ND=  42
   1      0.3246745E-05 0.6373E-07  0.3246745E-05 0.6373E-07  0.000    
   2      0.3172080E-05 0.1417E-07  0.3175759E-05 0.1398E-07  1.335    
^L   3      0.3187758E-05 0.1089E-07  0.3183189E-05 0.8610E-08 0.8996    
   4      0.3202101E-05 0.1025E-07  0.3191008E-05 0.6594E-08  1.265    
   5      0.3216376E-05 0.1009E-07  0.3198644E-05 0.5518E-08  2.059    
   6      0.3181109E-05 0.9948E-08  0.3194566E-05 0.4828E-08  2.122    
   7      0.3196914E-05 0.9942E-08  0.3195013E-05 0.4343E-08  1.777    
   8      0.3178970E-05 0.9894E-08  0.3192450E-05 0.3978E-08  1.837    
   9      0.3181269E-05 0.9899E-08  0.3190909E-05 0.3691E-08  1.746    
  10      0.3184432E-05 0.9926E-08  0.3190127E-05 0.3460E-08  1.594    
  11      0.3172977E-05 0.9926E-08  0.3188292E-05 0.3268E-08  1.700    
  12      0.3172438E-05 0.9932E-08  0.3186761E-05 0.3104E-08  1.754    
  13      0.3186967E-05 0.1003E-07  0.3186779E-05 0.2966E-08  1.608    
  14      0.3177372E-05 0.1001E-07  0.3186026E-05 0.2843E-08  1.547    
  15      0.3184547E-05 0.1009E-07  0.3185917E-05 0.2737E-08  1.438    



 INPUT PARAMETERS FOR VEGAS:  NDIM=  4  NCALL=  933897762.
                              IT=    0  ITMX=   30
                              MDS= -1   ND=  49
   1      0.3186460E-05 0.3178E-08  0.3186460E-05 0.3178E-08  0.000    
   2      0.3192105E-05 0.3183E-08  0.3189284E-05 0.2249E-08  1.575    
   3      0.3186274E-05 0.3179E-08  0.3188281E-05 0.1836E-08  1.087    
   4      0.3191498E-05 0.3182E-08  0.3189086E-05 0.1590E-08 0.9800    
   5      0.3193772E-05 0.3181E-08  0.3190025E-05 0.1422E-08  1.170    
   6      0.3187619E-05 0.3181E-08  0.3189625E-05 0.1298E-08  1.031    
   7      0.3180844E-05 0.3178E-08  0.3188374E-05 0.1202E-08  1.946    
   8      0.3185453E-05 0.3180E-08  0.3188010E-05 0.1124E-08  1.774    
   9      0.3190305E-05 0.3181E-08  0.3188265E-05 0.1060E-08  1.610    
  10      0.3186337E-05 0.3179E-08  0.3188072E-05 0.1006E-08  1.468    
  11      0.3188753E-05 0.3182E-08  0.3188134E-05 0.9589E-09  1.325    
  12      0.3192004E-05 0.3182E-08  0.3188457E-05 0.9181E-09  1.328    
  13      0.3188410E-05 0.3179E-08  0.3188453E-05 0.8821E-09  1.217    
  14      0.3185942E-05 0.3176E-08  0.3188274E-05 0.8499E-09  1.168    
  15      0.3186493E-05 0.3178E-08  0.3188155E-05 0.8211E-09  1.106    
  16      0.3187404E-05 0.3177E-08  0.3188108E-05 0.7949E-09  1.036    
  17      0.3185022E-05 0.3179E-08  0.3187927E-05 0.7712E-09  1.026    
  18      0.3187908E-05 0.3178E-08  0.3187926E-05 0.7495E-09 0.9661    
  19      0.3192611E-05 0.3181E-08  0.3188173E-05 0.7295E-09  1.027    
  20      0.3188603E-05 0.3181E-08  0.3188194E-05 0.7110E-09 0.9736    
  21      0.3189789E-05 0.3181E-08  0.3188270E-05 0.6939E-09 0.9369    
  22      0.3186993E-05 0.3178E-08  0.3188212E-05 0.6779E-09 0.8996    
  23      0.3191781E-05 0.3182E-08  0.3188368E-05 0.6630E-09 0.9135    
  24      0.3189960E-05 0.3181E-08  0.3188434E-05 0.6491E-09 0.8842    
  25      0.3187184E-05 0.3178E-08  0.3188384E-05 0.6360E-09 0.8535    
  26      0.3186971E-05 0.3177E-08  0.3188330E-05 0.6236E-09 0.8270    
  27      0.3189518E-05 0.3178E-08  0.3188374E-05 0.6119E-09 0.8004    
  28      0.3191828E-05 0.3183E-08  0.3188497E-05 0.6009E-09 0.8128    
  29      0.3187905E-05 0.3178E-08  0.3188477E-05 0.5905E-09 0.7850    
  30      0.3186723E-05 0.3179E-08  0.3188418E-05 0.5805E-09 0.7681    
   
   
 Integral=   3.1884181434677851E-006 +-   5.8053486574642113E-010
 with chisq    =  0.76810107487440360     
  
  
  
 For xq =          900 
  
 RM48 INITIALIZED:        40           0         0



 INPUT PARAMETERS FOR VEGAS:  NDIM=  4  NCALL=   99574272.
                              IT=    0  ITMX=   15
                              MDS= -1   ND=  42
   1      0.1822001E-05 0.3540E-07  0.1822001E-05 0.3540E-07  0.000    
   2      0.1754065E-05 0.7945E-08  0.1757567E-05 0.7889E-08  3.626    
   3      0.1779934E-05 0.6190E-08  0.1771361E-05 0.4876E-08  4.305    
   4      0.1759668E-05 0.5824E-08  0.1766625E-05 0.3748E-08  3.673    
   5      0.1765024E-05 0.5727E-08  0.1766150E-05 0.3138E-08  2.777    
   6      0.1771052E-05 0.5700E-08  0.1767286E-05 0.2750E-08  2.337    
   7      0.1780273E-05 0.5709E-08  0.1769742E-05 0.2477E-08  2.648    
   8      0.1770090E-05 0.5678E-08  0.1769797E-05 0.2271E-08  2.272    
   9      0.1780316E-05 0.5708E-08  0.1771241E-05 0.2110E-08  2.355    
  10      0.1769041E-05 0.5687E-08  0.1770977E-05 0.1978E-08  2.110    
  11      0.1768359E-05 0.5700E-08  0.1770698E-05 0.1869E-08  1.919    
  12      0.1767572E-05 0.5712E-08  0.1770398E-05 0.1776E-08  1.770    
  13      0.1762360E-05 0.5732E-08  0.1769702E-05 0.1697E-08  1.772    
  14      0.1768264E-05 0.5768E-08  0.1769588E-05 0.1628E-08  1.641    
  15      0.1766319E-05 0.5790E-08  0.1769350E-05 0.1567E-08  1.545    



 INPUT PARAMETERS FOR VEGAS:  NDIM=  4  NCALL=  933897762.
                              IT=    0  ITMX=   30
                              MDS= -1   ND=  49
   1      0.1770184E-05 0.1825E-08  0.1770184E-05 0.1825E-08  0.000    
   2      0.1769837E-05 0.1826E-08  0.1770011E-05 0.1291E-08 0.1807E-01
   3      0.1767931E-05 0.1825E-08  0.1769318E-05 0.1054E-08 0.4413    
   4      0.1771355E-05 0.1827E-08  0.1769828E-05 0.9130E-09 0.6052    
   5      0.1766997E-05 0.1825E-08  0.1769263E-05 0.8165E-09 0.9346    
   6      0.1770806E-05 0.1826E-08  0.1769520E-05 0.7454E-09 0.8667    
   7      0.1770357E-05 0.1827E-08  0.1769640E-05 0.6901E-09 0.7522    
   8      0.1769889E-05 0.1828E-08  0.1769671E-05 0.6457E-09 0.6470    
   9      0.1770765E-05 0.1826E-08  0.1769793E-05 0.6087E-09 0.6060    
  10      0.1770100E-05 0.1827E-08  0.1769823E-05 0.5775E-09 0.5415    
  11      0.1770168E-05 0.1826E-08  0.1769855E-05 0.5506E-09 0.4906    
  12      0.1770132E-05 0.1825E-08  0.1769878E-05 0.5272E-09 0.4479    
  13      0.1769866E-05 0.1825E-08  0.1769877E-05 0.5065E-09 0.4106    
  14      0.1770852E-05 0.1827E-08  0.1769946E-05 0.4881E-09 0.3993    
  15      0.1769616E-05 0.1826E-08  0.1769924E-05 0.4715E-09 0.3730    
  16      0.1768801E-05 0.1824E-08  0.1769854E-05 0.4565E-09 0.3718    
  17      0.1768978E-05 0.1825E-08  0.1769803E-05 0.4429E-09 0.3622    
  18      0.1767571E-05 0.1823E-08  0.1769679E-05 0.4303E-09 0.4240    
  19      0.1768357E-05 0.1826E-08  0.1769609E-05 0.4189E-09 0.4280    
  20      0.1769575E-05 0.1827E-08  0.1769607E-05 0.4083E-09 0.4055    
  21      0.1769056E-05 0.1825E-08  0.1769581E-05 0.3984E-09 0.3895    
  22      0.1770715E-05 0.1827E-08  0.1769633E-05 0.3893E-09 0.3885    
  23      0.1769835E-05 0.1826E-08  0.1769642E-05 0.3807E-09 0.3714    
  24      0.1773543E-05 0.1828E-08  0.1769804E-05 0.3727E-09 0.5457    
  25      0.1770119E-05 0.1826E-08  0.1769817E-05 0.3652E-09 0.5241    
  26      0.1767711E-05 0.1825E-08  0.1769736E-05 0.3581E-09 0.5543    
  27      0.1769556E-05 0.1826E-08  0.1769729E-05 0.3514E-09 0.5333    
  28      0.1769633E-05 0.1828E-08  0.1769726E-05 0.3451E-09 0.5137    
  29      0.1768153E-05 0.1825E-08  0.1769672E-05 0.3391E-09 0.5209    
  30      0.1770444E-05 0.1826E-08  0.1769698E-05 0.3334E-09 0.5089    
   
   
 Integral=   1.7696975212192521E-006 +-   3.3337514004658997E-010
 with chisq    =  0.50890356867509290     
  
  
  
 For xq =         1000 
  
 RM48 INITIALIZED:        40           0         0



 INPUT PARAMETERS FOR VEGAS:  NDIM=  4  NCALL=   99574272.
                              IT=    0  ITMX=   15
                              MDS= -1   ND=  42
   1      0.1067186E-05 0.2027E-07  0.1067186E-05 0.2027E-07  0.000    
   2      0.1032117E-05 0.4739E-08  0.1034053E-05 0.4685E-08  2.923    
   3      0.1039043E-05 0.3695E-08  0.1037106E-05 0.2910E-08  1.821    
   4      0.1030992E-05 0.3489E-08  0.1034641E-05 0.2240E-08  1.820    
   5      0.1036085E-05 0.3449E-08  0.1035065E-05 0.1879E-08  1.399    
   6      0.1036703E-05 0.3423E-08  0.1035442E-05 0.1648E-08  1.156    
   7      0.1033444E-05 0.3418E-08  0.1035069E-05 0.1485E-08  1.011    
   8      0.1031088E-05 0.3412E-08  0.1034444E-05 0.1362E-08  1.030    
   9      0.1030737E-05 0.3414E-08  0.1033942E-05 0.1265E-08  1.028    
  10      0.1031386E-05 0.3427E-08  0.1033638E-05 0.1187E-08 0.9691    
  11      0.1041136E-05 0.3446E-08  0.1034439E-05 0.1122E-08  1.297    
  12      0.1040738E-05 0.3458E-08  0.1035043E-05 0.1067E-08  1.453    
  13      0.1028950E-05 0.3455E-08  0.1034520E-05 0.1020E-08  1.567    
  14      0.1035783E-05 0.3488E-08  0.1034619E-05 0.9789E-09  1.456    
  15      0.1030636E-05 0.3472E-08  0.1034329E-05 0.9422E-09  1.439    



 INPUT PARAMETERS FOR VEGAS:  NDIM=  4  NCALL=  933897762.
                              IT=    0  ITMX=   30
                              MDS= -1   ND=  49
   1      0.1033770E-05 0.1099E-08  0.1033770E-05 0.1099E-08  0.000    
   2      0.1033106E-05 0.1099E-08  0.1033438E-05 0.7770E-09 0.1826    
   3      0.1032143E-05 0.1098E-08  0.1033007E-05 0.6342E-09 0.5542    
   4      0.1032650E-05 0.1099E-08  0.1032918E-05 0.5493E-09 0.3958    
   5      0.1032626E-05 0.1098E-08  0.1032859E-05 0.4912E-09 0.3110    
   6      0.1033268E-05 0.1099E-08  0.1032927E-05 0.4485E-09 0.2718    
   7      0.1032996E-05 0.1099E-08  0.1032937E-05 0.4152E-09 0.2270    
   8      0.1032995E-05 0.1100E-08  0.1032944E-05 0.3885E-09 0.1949    
   9      0.1031350E-05 0.1098E-08  0.1032768E-05 0.3662E-09 0.4041    
  10      0.1032701E-05 0.1098E-08  0.1032761E-05 0.3474E-09 0.3596    
  11      0.1033478E-05 0.1099E-08  0.1032826E-05 0.3313E-09 0.3623    
  12      0.1033354E-05 0.1099E-08  0.1032870E-05 0.3172E-09 0.3486    
  13      0.1032979E-05 0.1099E-08  0.1032878E-05 0.3047E-09 0.3203    
  14      0.1032572E-05 0.1098E-08  0.1032857E-05 0.2936E-09 0.3012    
  15      0.1032151E-05 0.1098E-08  0.1032810E-05 0.2837E-09 0.3072    
  16      0.1032437E-05 0.1098E-08  0.1032786E-05 0.2747E-09 0.2939    
  17      0.1031964E-05 0.1098E-08  0.1032738E-05 0.2664E-09 0.3085    
  18      0.1031876E-05 0.1098E-08  0.1032690E-05 0.2589E-09 0.3246    
  19      0.1032788E-05 0.1099E-08  0.1032695E-05 0.2520E-09 0.3070    
  20      0.1032676E-05 0.1099E-08  0.1032694E-05 0.2456E-09 0.2909    
  21      0.1032391E-05 0.1098E-08  0.1032680E-05 0.2397E-09 0.2800    
  22      0.1034027E-05 0.1099E-08  0.1032741E-05 0.2342E-09 0.3350    
  23      0.1031979E-05 0.1099E-08  0.1032708E-05 0.2291E-09 0.3407    
  24      0.1032028E-05 0.1098E-08  0.1032680E-05 0.2242E-09 0.3419    
  25      0.1032254E-05 0.1098E-08  0.1032663E-05 0.2197E-09 0.3336    
  26      0.1032556E-05 0.1099E-08  0.1032659E-05 0.2154E-09 0.3206    
  27      0.1033926E-05 0.1099E-08  0.1032706E-05 0.2114E-09 0.3577    
  28      0.1032022E-05 0.1098E-08  0.1032681E-05 0.2076E-09 0.3582    
  29      0.1031190E-05 0.1098E-08  0.1032630E-05 0.2040E-09 0.4089    
  30      0.1031476E-05 0.1097E-08  0.1032591E-05 0.2006E-09 0.4316    
   
   
 Integral=   1.0325913699196275E-006 +-   2.0055494799887582E-010
 with chisq    =  0.43159609742533367     
  
  
  
 For xq =         1100 
  
 RM48 INITIALIZED:        40           0         0



 INPUT PARAMETERS FOR VEGAS:  NDIM=  4  NCALL=   99574272.
                              IT=    0  ITMX=   15
                              MDS= -1   ND=  42
   1      0.6234151E-06 0.1191E-07  0.6234151E-06 0.1191E-07  0.000    
   2      0.6253755E-06 0.2899E-08  0.6252665E-06 0.2813E-08 0.2551E-01
   3      0.6217538E-06 0.2269E-08  0.6231458E-06 0.1768E-08 0.4849    
   4      0.6268281E-06 0.2167E-08  0.6246266E-06 0.1369E-08 0.9023    
   5      0.6297781E-06 0.2146E-08  0.6261353E-06 0.1153E-08  1.708    
   6      0.6270074E-06 0.2130E-08  0.6263337E-06 0.1014E-08  1.391    
   7      0.6295347E-06 0.2134E-08  0.6269292E-06 0.9156E-09  1.466    
   8      0.6276173E-06 0.2124E-08  0.6270374E-06 0.8407E-09  1.268    
   9      0.6275356E-06 0.2134E-08  0.6271046E-06 0.7822E-09  1.115    
  10      0.6289028E-06 0.2137E-08  0.6273184E-06 0.7345E-09  1.060    
  11      0.6280610E-06 0.2137E-08  0.6273971E-06 0.6946E-09 0.9647    
  12      0.6336089E-06 0.2154E-08  0.6279934E-06 0.6610E-09  1.572    
  13      0.6261415E-06 0.2161E-08  0.6278356E-06 0.6321E-09  1.497    
  14      0.6283922E-06 0.2158E-08  0.6278797E-06 0.6066E-09  1.387    
  15      0.6312037E-06 0.2175E-08  0.6281223E-06 0.5843E-09  1.443    



 INPUT PARAMETERS FOR VEGAS:  NDIM=  4  NCALL=  933897762.
                              IT=    0  ITMX=   30
                              MDS= -1   ND=  49
   1      0.6273127E-06 0.6854E-09  0.6273127E-06 0.6854E-09  0.000    
   2      0.6288707E-06 0.6865E-09  0.6280924E-06 0.4851E-09  2.579    
   3      0.6269476E-06 0.6856E-09  0.6277114E-06 0.3960E-09  2.219    
   4      0.6274535E-06 0.6853E-09  0.6276469E-06 0.3429E-09  1.515    
   5      0.6275597E-06 0.6853E-09  0.6276295E-06 0.3066E-09  1.140    
   6      0.6273524E-06 0.6865E-09  0.6275834E-06 0.2800E-09 0.9389    
   7      0.6262615E-06 0.6852E-09  0.6273950E-06 0.2592E-09  1.313    
   8      0.6268881E-06 0.6852E-09  0.6273317E-06 0.2424E-09  1.194    
   9      0.6275019E-06 0.6859E-09  0.6273506E-06 0.2286E-09  1.051    
  10      0.6280019E-06 0.6860E-09  0.6274158E-06 0.2168E-09  1.025    
  11      0.6271787E-06 0.6856E-09  0.6273942E-06 0.2067E-09 0.9331    
  12      0.6277418E-06 0.6860E-09  0.6274232E-06 0.1979E-09 0.8697    
  13      0.6278161E-06 0.6861E-09  0.6274534E-06 0.1902E-09 0.8224    
  14      0.6278803E-06 0.6856E-09  0.6274840E-06 0.1833E-09 0.7868    
  15      0.6264547E-06 0.6850E-09  0.6274154E-06 0.1770E-09 0.8808    
  16      0.6269914E-06 0.6859E-09  0.6273890E-06 0.1714E-09 0.8460    
  17      0.6278683E-06 0.6861E-09  0.6274172E-06 0.1663E-09 0.8218    
  18      0.6282315E-06 0.6854E-09  0.6274626E-06 0.1616E-09 0.8519    
  19      0.6264766E-06 0.6853E-09  0.6274108E-06 0.1573E-09 0.9134    
  20      0.6270129E-06 0.6850E-09  0.6273909E-06 0.1533E-09 0.8822    
  21      0.6270525E-06 0.6859E-09  0.6273748E-06 0.1496E-09 0.8497    
  22      0.6269620E-06 0.6853E-09  0.6273560E-06 0.1462E-09 0.8258    
  23      0.6268361E-06 0.6855E-09  0.6273334E-06 0.1430E-09 0.8133    
  24      0.6270368E-06 0.6854E-09  0.6273211E-06 0.1400E-09 0.7857    
  25      0.6265603E-06 0.6848E-09  0.6272906E-06 0.1371E-09 0.8023    
  26      0.6269852E-06 0.6853E-09  0.6272789E-06 0.1345E-09 0.7779    
  27      0.6284553E-06 0.6865E-09  0.6273225E-06 0.1319E-09 0.8570    
  28      0.6272539E-06 0.6860E-09  0.6273201E-06 0.1296E-09 0.8256    
  29      0.6264583E-06 0.6853E-09  0.6272904E-06 0.1273E-09 0.8506    
  30      0.6268022E-06 0.6851E-09  0.6272741E-06 0.1252E-09 0.8382    
   
   
 Integral=   6.2727412467422325E-007 +-   1.2517400067686600E-010
 with chisq    =  0.83820897648661574     
  
  
  
 For xq =         1200 
  
 RM48 INITIALIZED:        40           0         0



 INPUT PARAMETERS FOR VEGAS:  NDIM=  4  NCALL=   99574272.
                              IT=    0  ITMX=   15
                              MDS= -1   ND=  42
   1      0.3912134E-06 0.7326E-08  0.3912134E-06 0.7326E-08  0.000    
   2      0.3962473E-06 0.1844E-08  0.3959546E-06 0.1778E-08 0.4391    
   3      0.3950684E-06 0.1456E-08  0.3954228E-06 0.1126E-08 0.2934    
   4      0.3944011E-06 0.1393E-08  0.3950188E-06 0.8753E-09 0.3041    
   5      0.3964047E-06 0.1376E-08  0.3954212E-06 0.7382E-09 0.4092    
   6      0.3951505E-06 0.1368E-08  0.3953600E-06 0.6496E-09 0.3333    
   7      0.3954293E-06 0.1371E-08  0.3953728E-06 0.5870E-09 0.2779    
   8      0.3955092E-06 0.1368E-08  0.3953941E-06 0.5394E-09 0.2393    
   9      0.3948436E-06 0.1369E-08  0.3953201E-06 0.5019E-09 0.2269    
  10      0.3930104E-06 0.1367E-08  0.3950482E-06 0.4712E-09 0.4793    
  11      0.3934660E-06 0.1374E-08  0.3948827E-06 0.4457E-09 0.5496    
  12      0.3958503E-06 0.1378E-08  0.3949748E-06 0.4241E-09 0.5401    
  13      0.3945614E-06 0.1385E-08  0.3949394E-06 0.4055E-09 0.5019    
  14      0.3942077E-06 0.1389E-08  0.3948821E-06 0.3893E-09 0.4830    
  15      0.3958387E-06 0.1400E-08  0.3949512E-06 0.3750E-09 0.4795    



 INPUT PARAMETERS FOR VEGAS:  NDIM=  4  NCALL=  933897762.
                              IT=    0  ITMX=   30
                              MDS= -1   ND=  49
   1      0.3941830E-06 0.4423E-09  0.3941830E-06 0.4423E-09  0.000    
   2      0.3951992E-06 0.4431E-09  0.3946915E-06 0.3130E-09  2.634    
   3      0.3936331E-06 0.4416E-09  0.3943387E-06 0.2554E-09  3.228    
   4      0.3938167E-06 0.4418E-09  0.3942083E-06 0.2211E-09  2.502    
   5      0.3934218E-06 0.4414E-09  0.3940510E-06 0.1977E-09  2.511    
   6      0.3942741E-06 0.4417E-09  0.3940883E-06 0.1804E-09  2.051    
   7      0.3939097E-06 0.4421E-09  0.3940628E-06 0.1671E-09  1.733    
   8      0.3942584E-06 0.4421E-09  0.3940872E-06 0.1563E-09  1.509    
   9      0.3940583E-06 0.4419E-09  0.3940840E-06 0.1473E-09  1.321    
  10      0.3945202E-06 0.4421E-09  0.3941277E-06 0.1398E-09  1.272    
  11      0.3936241E-06 0.4416E-09  0.3940820E-06 0.1333E-09  1.263    
  12      0.3942742E-06 0.4419E-09  0.3940980E-06 0.1276E-09  1.164    
  13      0.3941540E-06 0.4419E-09  0.3941023E-06 0.1226E-09  1.068    
  14      0.3937269E-06 0.4418E-09  0.3940755E-06 0.1181E-09  1.037    
  15      0.3944801E-06 0.4419E-09  0.3941026E-06 0.1141E-09  1.019    
  16      0.3929934E-06 0.4410E-09  0.3940333E-06 0.1105E-09  1.345    
  17      0.3945006E-06 0.4421E-09  0.3940609E-06 0.1072E-09  1.326    
  18      0.3945219E-06 0.4422E-09  0.3940865E-06 0.1042E-09  1.309    
  19      0.3936566E-06 0.4420E-09  0.3940639E-06 0.1014E-09  1.286    
  20      0.3942840E-06 0.4416E-09  0.3940749E-06 0.9881E-10  1.231    
  21      0.3943952E-06 0.4423E-09  0.3940902E-06 0.9644E-10  1.194    
  22      0.3940869E-06 0.4419E-09  0.3940900E-06 0.9422E-10  1.137    
  23      0.3941478E-06 0.4419E-09  0.3940926E-06 0.9215E-10  1.086    
  24      0.3935363E-06 0.4418E-09  0.3940694E-06 0.9020E-10  1.105    
  25      0.3936378E-06 0.4414E-09  0.3940522E-06 0.8838E-10  1.097    
  26      0.3937221E-06 0.4416E-09  0.3940395E-06 0.8666E-10  1.075    
  27      0.3943105E-06 0.4421E-09  0.3940495E-06 0.8504E-10  1.047    
  28      0.3943692E-06 0.4419E-09  0.3940610E-06 0.8351E-10  1.027    
  29      0.3942143E-06 0.4421E-09  0.3940662E-06 0.8206E-10 0.9946    
  30      0.3939482E-06 0.4415E-09  0.3940623E-06 0.8068E-10 0.9627    
   
   
 Integral=   3.9406229912971124E-007 +-   8.0676029358014123E-011
 with chisq    =  0.96274607984097549     
  
  
  
 For xq =         1300 
  
 RM48 INITIALIZED:        40           0         0



 INPUT PARAMETERS FOR VEGAS:  NDIM=  4  NCALL=   99574272.
                              IT=    0  ITMX=   15
                              MDS= -1   ND=  42
   1      0.2468183E-06 0.4620E-08  0.2468183E-06 0.4620E-08  0.000    
   2      0.2566726E-06 0.1205E-08  0.2560897E-06 0.1146E-08  4.113    
   3      0.2555402E-06 0.9574E-09  0.2557621E-06 0.7320E-09  2.104    
   4      0.2541463E-06 0.9156E-09  0.2551287E-06 0.5714E-09  2.035    
   5      0.2535005E-06 0.9041E-09  0.2546635E-06 0.4830E-09  2.106    
   6      0.2549519E-06 0.8997E-09  0.2547287E-06 0.4254E-09  1.697    
   7      0.2551101E-06 0.8993E-09  0.2547991E-06 0.3845E-09  1.437    
   8      0.2544374E-06 0.8980E-09  0.2547428E-06 0.3534E-09  1.250    
   9      0.2552223E-06 0.9032E-09  0.2548071E-06 0.3291E-09  1.123    
  10      0.2549543E-06 0.9041E-09  0.2548244E-06 0.3092E-09  1.001    
  11      0.2554732E-06 0.9087E-09  0.2548923E-06 0.2927E-09 0.9457    
  12      0.2548683E-06 0.9093E-09  0.2548901E-06 0.2786E-09 0.8595    
  13      0.2548429E-06 0.9128E-09  0.2548860E-06 0.2665E-09 0.7878    
  14      0.2538766E-06 0.9126E-09  0.2548070E-06 0.2558E-09 0.8138    
  15      0.2567893E-06 0.9230E-09  0.2549510E-06 0.2465E-09  1.066    



 INPUT PARAMETERS FOR VEGAS:  NDIM=  4  NCALL=  933897762.
                              IT=    0  ITMX=   30
                              MDS= -1   ND=  49
   1      0.2544974E-06 0.2909E-09  0.2544974E-06 0.2909E-09  0.000    
   2      0.2540989E-06 0.2909E-09  0.2542985E-06 0.2057E-09 0.9383    
   3      0.2539363E-06 0.2908E-09  0.2541779E-06 0.1679E-09 0.9863    
   4      0.2551535E-06 0.2916E-09  0.2544223E-06 0.1455E-09  3.469    
   5      0.2543210E-06 0.2907E-09  0.2544020E-06 0.1301E-09  2.626    
   6      0.2544508E-06 0.2911E-09  0.2544101E-06 0.1188E-09  2.106    
   7      0.2540489E-06 0.2908E-09  0.2543586E-06 0.1100E-09  1.975    
   8      0.2545497E-06 0.2912E-09  0.2543825E-06 0.1029E-09  1.747    
   9      0.2546013E-06 0.2913E-09  0.2544068E-06 0.9701E-10  1.591    
  10      0.2543151E-06 0.2907E-09  0.2543976E-06 0.9202E-10  1.424    
  11      0.2538836E-06 0.2908E-09  0.2543510E-06 0.8774E-10  1.565    
  12      0.2547642E-06 0.2913E-09  0.2543854E-06 0.8401E-10  1.591    
  13      0.2541985E-06 0.2909E-09  0.2543711E-06 0.8071E-10  1.490    
  14      0.2543438E-06 0.2909E-09  0.2543691E-06 0.7777E-10  1.376    
  15      0.2543005E-06 0.2909E-09  0.2543645E-06 0.7513E-10  1.282    
  16      0.2539801E-06 0.2908E-09  0.2543406E-06 0.7274E-10  1.305    
  17      0.2541516E-06 0.2910E-09  0.2543295E-06 0.7057E-10  1.249    
  18      0.2542632E-06 0.2908E-09  0.2543258E-06 0.6858E-10  1.178    
  19      0.2546130E-06 0.2912E-09  0.2543409E-06 0.6676E-10  1.164    
  20      0.2548271E-06 0.2914E-09  0.2543652E-06 0.6507E-10  1.242    
  21      0.2546230E-06 0.2911E-09  0.2543775E-06 0.6350E-10  1.217    
  22      0.2543668E-06 0.2910E-09  0.2543770E-06 0.6204E-10  1.159    
  23      0.2540268E-06 0.2909E-09  0.2543618E-06 0.6068E-10  1.170    
  24      0.2548112E-06 0.2912E-09  0.2543806E-06 0.5940E-10  1.218    
  25      0.2545072E-06 0.2912E-09  0.2543857E-06 0.5820E-10  1.175    
  26      0.2540543E-06 0.2907E-09  0.2543729E-06 0.5707E-10  1.178    
  27      0.2543304E-06 0.2909E-09  0.2543713E-06 0.5600E-10  1.133    
  28      0.2546431E-06 0.2912E-09  0.2543811E-06 0.5500E-10  1.123    
  29      0.2539107E-06 0.2909E-09  0.2543649E-06 0.5404E-10  1.172    
  30      0.2542139E-06 0.2908E-09  0.2543598E-06 0.5313E-10  1.141    
   
   
 Integral=   2.5435984854810045E-007 +-   5.3128305985719301E-011
 with chisq    =   1.1410177379584570     
  
  
  
 For xq =         1400 
  
 RM48 INITIALIZED:        40           0         0



 INPUT PARAMETERS FOR VEGAS:  NDIM=  4  NCALL=   99574272.
                              IT=    0  ITMX=   15
                              MDS= -1   ND=  42
   1      0.1702179E-06 0.3130E-08  0.1702179E-06 0.3130E-08  0.000    
   2      0.1679150E-06 0.7949E-09  0.1680581E-06 0.7751E-09 0.5145    
   3      0.1684230E-06 0.6400E-09  0.1682744E-06 0.4940E-09 0.3238    
   4      0.1683130E-06 0.6149E-09  0.1682895E-06 0.3853E-09 0.2170    
   5      0.1688347E-06 0.6083E-09  0.1684457E-06 0.3255E-09 0.3061    
   6      0.1694144E-06 0.6071E-09  0.1686634E-06 0.2868E-09 0.6420    
   7      0.1695606E-06 0.6062E-09  0.1688286E-06 0.2592E-09 0.8344    
   8      0.1684258E-06 0.6047E-09  0.1687664E-06 0.2383E-09 0.7691    
   9      0.1690654E-06 0.6080E-09  0.1688063E-06 0.2218E-09 0.6990    
  10      0.1680380E-06 0.6072E-09  0.1687166E-06 0.2084E-09 0.7776    
  11      0.1693133E-06 0.6125E-09  0.1687789E-06 0.1973E-09 0.7850    
  12      0.1693353E-06 0.6151E-09  0.1688310E-06 0.1878E-09 0.7810    
  13      0.1679018E-06 0.6144E-09  0.1687524E-06 0.1796E-09 0.8892    
  14      0.1699198E-06 0.6203E-09  0.1688439E-06 0.1725E-09  1.074    
  15      0.1704744E-06 0.6251E-09  0.1689613E-06 0.1663E-09  1.455    



 INPUT PARAMETERS FOR VEGAS:  NDIM=  4  NCALL=  933897762.
                              IT=    0  ITMX=   30
                              MDS= -1   ND=  49
   1      0.1677550E-06 0.1958E-09  0.1677550E-06 0.1958E-09  0.000    
   2      0.1682763E-06 0.1961E-09  0.1680161E-06 0.1385E-09  3.539    
   3      0.1680375E-06 0.1961E-09  0.1680232E-06 0.1131E-09  1.773    
   4      0.1681451E-06 0.1962E-09  0.1680537E-06 0.9801E-10  1.278    
   5      0.1674830E-06 0.1956E-09  0.1679398E-06 0.8763E-10  2.653    
   6      0.1681603E-06 0.1961E-09  0.1679766E-06 0.8000E-10  2.333    
   7      0.1681795E-06 0.1961E-09  0.1680056E-06 0.7408E-10  2.097    
   8      0.1680057E-06 0.1961E-09  0.1680056E-06 0.6930E-10  1.797    
   9      0.1682110E-06 0.1962E-09  0.1680284E-06 0.6534E-10  1.694    
  10      0.1681618E-06 0.1963E-09  0.1680418E-06 0.6200E-10  1.552    
  11      0.1678384E-06 0.1960E-09  0.1680233E-06 0.5911E-10  1.495    
  12      0.1681552E-06 0.1960E-09  0.1680343E-06 0.5659E-10  1.396    
  13      0.1682207E-06 0.1962E-09  0.1680487E-06 0.5438E-10  1.349    
  14      0.1680371E-06 0.1959E-09  0.1680478E-06 0.5240E-10  1.246    
  15      0.1682921E-06 0.1962E-09  0.1680641E-06 0.5062E-10  1.260    
  16      0.1684762E-06 0.1965E-09  0.1680899E-06 0.4902E-10  1.452    
  17      0.1678537E-06 0.1962E-09  0.1680761E-06 0.4756E-10  1.446    
  18      0.1679445E-06 0.1960E-09  0.1680688E-06 0.4622E-10  1.387    
  19      0.1678653E-06 0.1959E-09  0.1680581E-06 0.4498E-10  1.366    
  20      0.1681314E-06 0.1962E-09  0.1680617E-06 0.4385E-10  1.301    
  21      0.1681626E-06 0.1962E-09  0.1680665E-06 0.4279E-10  1.249    
  22      0.1678745E-06 0.1961E-09  0.1680578E-06 0.4181E-10  1.233    
  23      0.1682765E-06 0.1962E-09  0.1680673E-06 0.4089E-10  1.231    
  24      0.1680124E-06 0.1960E-09  0.1680650E-06 0.4003E-10  1.181    
  25      0.1681148E-06 0.1961E-09  0.1680670E-06 0.3922E-10  1.134    
  26      0.1682051E-06 0.1962E-09  0.1680724E-06 0.3846E-10  1.108    
  27      0.1682758E-06 0.1963E-09  0.1680799E-06 0.3774E-10  1.105    
  28      0.1679192E-06 0.1960E-09  0.1680742E-06 0.3706E-10  1.088    
  29      0.1681174E-06 0.1961E-09  0.1680756E-06 0.3641E-10  1.051    
  30      0.1681741E-06 0.1962E-09  0.1680789E-06 0.3580E-10  1.023    
   
   
 Integral=   1.6807893163073731E-007 +-   3.5803335244461088E-011
 with chisq    =   1.0229916857256318     
  
  
  
 For xq =         1500 
  
 RM48 INITIALIZED:        40           0         0



 INPUT PARAMETERS FOR VEGAS:  NDIM=  4  NCALL=   99574272.
                              IT=    0  ITMX=   15
                              MDS= -1   ND=  42
   1      0.1139417E-06 0.2074E-08  0.1139417E-06 0.2074E-08  0.000    
   2      0.1133381E-06 0.5356E-09  0.1133762E-06 0.5198E-09 0.7981E-01
   3      0.1143683E-06 0.4368E-09  0.1139608E-06 0.3339E-09  1.108    
   4      0.1147945E-06 0.4224E-09  0.1142845E-06 0.2617E-09  1.540    
   5      0.1142456E-06 0.4174E-09  0.1142735E-06 0.2217E-09  1.156    
   6      0.1153663E-06 0.4181E-09  0.1145173E-06 0.1957E-09  2.002    
   7      0.1143662E-06 0.4168E-09  0.1144900E-06 0.1772E-09  1.686    
   8      0.1137417E-06 0.4158E-09  0.1143760E-06 0.1630E-09  1.836    
   9      0.1148356E-06 0.4178E-09  0.1144373E-06 0.1518E-09  1.737    
  10      0.1144321E-06 0.4181E-09  0.1144367E-06 0.1427E-09  1.543    
  11      0.1144779E-06 0.4197E-09  0.1144409E-06 0.1351E-09  1.390    
  12      0.1140957E-06 0.4196E-09  0.1144086E-06 0.1286E-09  1.319    
  13      0.1135237E-06 0.4196E-09  0.1143336E-06 0.1230E-09  1.545    
  14      0.1139819E-06 0.4226E-09  0.1143063E-06 0.1181E-09  1.476    
  15      0.1142141E-06 0.4240E-09  0.1142996E-06 0.1138E-09  1.374    



 INPUT PARAMETERS FOR VEGAS:  NDIM=  4  NCALL=  933897762.
                              IT=    0  ITMX=   30
                              MDS= -1   ND=  49
   1      0.1134295E-06 0.1344E-09  0.1134295E-06 0.1344E-09  0.000    
   2      0.1131597E-06 0.1344E-09  0.1132948E-06 0.9504E-10  2.015    
   3      0.1131230E-06 0.1343E-09  0.1132376E-06 0.7758E-10  1.553    
   4      0.1133426E-06 0.1346E-09  0.1132638E-06 0.6721E-10  1.187    
   5      0.1133271E-06 0.1345E-09  0.1132765E-06 0.6012E-10 0.9347    
   6      0.1133496E-06 0.1346E-09  0.1132887E-06 0.5489E-10 0.7969    
   7      0.1133284E-06 0.1345E-09  0.1132944E-06 0.5082E-10 0.6765    
   8      0.1134541E-06 0.1345E-09  0.1133144E-06 0.4754E-10 0.7565    
   9      0.1129718E-06 0.1343E-09  0.1132764E-06 0.4481E-10  1.382    
  10      0.1132260E-06 0.1344E-09  0.1132714E-06 0.4251E-10  1.243    
  11      0.1133425E-06 0.1344E-09  0.1132778E-06 0.4053E-10  1.144    
  12      0.1132337E-06 0.1345E-09  0.1132742E-06 0.3881E-10  1.049    
  13      0.1133140E-06 0.1345E-09  0.1132772E-06 0.3729E-10 0.9681    
  14      0.1130648E-06 0.1343E-09  0.1132621E-06 0.3593E-10  1.072    
  15      0.1134108E-06 0.1344E-09  0.1132720E-06 0.3471E-10  1.077    
  16      0.1134861E-06 0.1344E-09  0.1132854E-06 0.3361E-10  1.164    
  17      0.1133307E-06 0.1345E-09  0.1132881E-06 0.3261E-10  1.098    
  18      0.1134150E-06 0.1345E-09  0.1132952E-06 0.3169E-10  1.083    
  19      0.1131397E-06 0.1344E-09  0.1132870E-06 0.3084E-10  1.093    
  20      0.1131598E-06 0.1344E-09  0.1132806E-06 0.3006E-10  1.080    
  21      0.1135052E-06 0.1345E-09  0.1132914E-06 0.2934E-10  1.159    
  22      0.1134342E-06 0.1345E-09  0.1132979E-06 0.2866E-10  1.155    
  23      0.1133471E-06 0.1344E-09  0.1133000E-06 0.2803E-10  1.109    
  24      0.1133170E-06 0.1345E-09  0.1133007E-06 0.2744E-10  1.061    
  25      0.1132735E-06 0.1345E-09  0.1132996E-06 0.2689E-10  1.019    
  26      0.1136586E-06 0.1347E-09  0.1133135E-06 0.2637E-10  1.253    
  27      0.1136535E-06 0.1347E-09  0.1133261E-06 0.2588E-10  1.442    
  28      0.1133368E-06 0.1345E-09  0.1133265E-06 0.2541E-10  1.388    
  29      0.1132044E-06 0.1343E-09  0.1133223E-06 0.2497E-10  1.367    
  30      0.1130826E-06 0.1342E-09  0.1133143E-06 0.2455E-10  1.426    
   
   
 Integral=   1.1331429538415226E-007 +-   2.4547199442909804E-011
 with chisq    =   1.4263256921749425     
  
  
  
 For xq =         1600 
  
 RM48 INITIALIZED:        40           0         0



 INPUT PARAMETERS FOR VEGAS:  NDIM=  4  NCALL=   99574272.
                              IT=    0  ITMX=   15
                              MDS= -1   ND=  42
   1      0.7842848E-07 0.1434E-08  0.7842848E-07 0.1434E-08  0.000    
   2      0.7779798E-07 0.3685E-09  0.7783764E-07 0.3582E-09 0.1826    
   3      0.7846081E-07 0.3021E-09  0.7820308E-07 0.2307E-09 0.9761    
   4      0.7861581E-07 0.2919E-09  0.7836273E-07 0.1809E-09  1.061    
   5      0.7945759E-07 0.2910E-09  0.7867413E-07 0.1534E-09  3.382    
   6      0.7940427E-07 0.2890E-09  0.7883736E-07 0.1354E-09  3.704    
   7      0.7918284E-07 0.2890E-09  0.7890020E-07 0.1226E-09  3.278    
   8      0.7926566E-07 0.2897E-09  0.7895631E-07 0.1129E-09  3.000    
   9      0.7872020E-07 0.2895E-09  0.7892521E-07 0.1052E-09  2.698    
  10      0.7924015E-07 0.2914E-09  0.7896186E-07 0.9893E-10  2.511    
  11      0.7908381E-07 0.2918E-09  0.7897450E-07 0.9369E-10  2.275    
  12      0.7919730E-07 0.2935E-09  0.7899525E-07 0.8925E-10  2.114    
  13      0.7849441E-07 0.2932E-09  0.7895317E-07 0.8539E-10  2.160    
  14      0.7870606E-07 0.2946E-09  0.7893409E-07 0.8201E-10  2.045    
  15      0.7848425E-07 0.2954E-09  0.7890218E-07 0.7902E-10  2.052    



 INPUT PARAMETERS FOR VEGAS:  NDIM=  4  NCALL=  933897762.
                              IT=    0  ITMX=   30
                              MDS= -1   ND=  49
   1      0.7761865E-07 0.9353E-10  0.7761865E-07 0.9353E-10  0.000    
   2      0.7772530E-07 0.9370E-10  0.7767195E-07 0.6620E-10 0.6489    
   3      0.7757679E-07 0.9352E-10  0.7764024E-07 0.5403E-10 0.6693    
   4      0.7773181E-07 0.9365E-10  0.7766315E-07 0.4680E-10 0.6854    
   5      0.7756483E-07 0.9359E-10  0.7764352E-07 0.4186E-10 0.7346    
   6      0.7766416E-07 0.9366E-10  0.7764696E-07 0.3822E-10 0.5957    
   7      0.7765650E-07 0.9362E-10  0.7764832E-07 0.3538E-10 0.4979    
   8      0.7780365E-07 0.9375E-10  0.7766776E-07 0.3310E-10 0.7708    
   9      0.7756038E-07 0.9359E-10  0.7765584E-07 0.3121E-10 0.8206    
  10      0.7752062E-07 0.9362E-10  0.7764236E-07 0.2961E-10 0.9378    
  11      0.7766225E-07 0.9356E-10  0.7764418E-07 0.2823E-10 0.8481    
  12      0.7768887E-07 0.9370E-10  0.7764790E-07 0.2703E-10 0.7899    
  13      0.7768996E-07 0.9358E-10  0.7765114E-07 0.2597E-10 0.7395    
  14      0.7765483E-07 0.9355E-10  0.7765140E-07 0.2502E-10 0.6828    
  15      0.7768244E-07 0.9362E-10  0.7765347E-07 0.2417E-10 0.6413    
  16      0.7771699E-07 0.9371E-10  0.7765744E-07 0.2341E-10 0.6272    
  17      0.7748733E-07 0.9347E-10  0.7764745E-07 0.2270E-10 0.7822    
  18      0.7775222E-07 0.9365E-10  0.7765328E-07 0.2207E-10 0.8058    
  19      0.7765730E-07 0.9362E-10  0.7765349E-07 0.2148E-10 0.7611    
  20      0.7772546E-07 0.9365E-10  0.7765709E-07 0.2093E-10 0.7506    
  21      0.7777657E-07 0.9368E-10  0.7766279E-07 0.2043E-10 0.7906    
  22      0.7770964E-07 0.9367E-10  0.7766492E-07 0.1996E-10 0.7643    
  23      0.7795438E-07 0.9379E-10  0.7767755E-07 0.1952E-10  1.146    
  24      0.7775233E-07 0.9364E-10  0.7768067E-07 0.1911E-10  1.123    
  25      0.7781802E-07 0.9368E-10  0.7768618E-07 0.1873E-10  1.162    
  26      0.7772673E-07 0.9360E-10  0.7768774E-07 0.1836E-10  1.123    
  27      0.7778092E-07 0.9371E-10  0.7769119E-07 0.1802E-10  1.116    
  28      0.7756072E-07 0.9352E-10  0.7768654E-07 0.1769E-10  1.145    
  29      0.7769518E-07 0.9369E-10  0.7768684E-07 0.1739E-10  1.104    
  30      0.7764922E-07 0.9361E-10  0.7768558E-07 0.1709E-10  1.071    
   
   
 Integral=   7.7685583051091500E-008 +-   1.7094722288603278E-011
 with chisq    =   1.0712796501326391     
  
  
  
 For xq =         1700 
  
 RM48 INITIALIZED:        40           0         0



 INPUT PARAMETERS FOR VEGAS:  NDIM=  4  NCALL=   99574272.
                              IT=    0  ITMX=   15
                              MDS= -1   ND=  42
   1      0.5526047E-07 0.9934E-09  0.5526047E-07 0.9934E-09  0.000    
   2      0.5437278E-07 0.2578E-09  0.5443052E-07 0.2513E-09 0.7587    
   3      0.5495158E-07 0.2122E-09  0.5473528E-07 0.1621E-09  1.634    
   4      0.5555354E-07 0.2055E-09  0.5505386E-07 0.1270E-09  4.370    
   5      0.5566367E-07 0.2039E-09  0.5522714E-07 0.1077E-09  4.892    
   6      0.5618170E-07 0.2039E-09  0.5544141E-07 0.9516E-10  7.393    
   7      0.5585241E-07 0.2031E-09  0.5551654E-07 0.8614E-10  6.711    
   8      0.5624442E-07 0.2047E-09  0.5562890E-07 0.7937E-10  7.299    
   9      0.5565054E-07 0.2032E-09  0.5563178E-07 0.7393E-10  6.384    
  10      0.5588329E-07 0.2045E-09  0.5566117E-07 0.6952E-10  5.818    
  11      0.5539647E-07 0.2041E-09  0.5563380E-07 0.6581E-10  5.389    
  12      0.5585451E-07 0.2056E-09  0.5565452E-07 0.6267E-10  4.990    
  13      0.5582591E-07 0.2064E-09  0.5566910E-07 0.5997E-10  4.624    
  14      0.5514347E-07 0.2067E-09  0.5562891E-07 0.5759E-10  4.726    
  15      0.5574403E-07 0.2079E-09  0.5563717E-07 0.5550E-10  4.407    



 INPUT PARAMETERS FOR VEGAS:  NDIM=  4  NCALL=  933897762.
                              IT=    0  ITMX=   30
                              MDS= -1   ND=  49
   1      0.5416716E-07 0.6593E-10  0.5416716E-07 0.6593E-10  0.000    
   2      0.5405196E-07 0.6586E-10  0.5410962E-07 0.4660E-10  1.528    
   3      0.5402461E-07 0.6585E-10  0.5408132E-07 0.3804E-10  1.319    
   4      0.5402033E-07 0.6589E-10  0.5406610E-07 0.3294E-10  1.094    
   5      0.5402314E-07 0.6590E-10  0.5405752E-07 0.2947E-10 0.9057    
   6      0.5405244E-07 0.6586E-10  0.5405667E-07 0.2690E-10 0.7256    
   7      0.5420515E-07 0.6600E-10  0.5407792E-07 0.2491E-10  1.330    
   8      0.5415601E-07 0.6600E-10  0.5408768E-07 0.2330E-10  1.315    
   9      0.5428187E-07 0.6606E-10  0.5410931E-07 0.2198E-10  2.116    
  10      0.5405977E-07 0.6590E-10  0.5410436E-07 0.2085E-10  1.938    
  11      0.5412123E-07 0.6594E-10  0.5410590E-07 0.1988E-10  1.750    
  12      0.5403138E-07 0.6586E-10  0.5409969E-07 0.1903E-10  1.698    
  13      0.5423906E-07 0.6603E-10  0.5411043E-07 0.1829E-10  1.900    
  14      0.5403032E-07 0.6588E-10  0.5410472E-07 0.1762E-10  1.859    
  15      0.5408497E-07 0.6598E-10  0.5410340E-07 0.1702E-10  1.733    
  16      0.5419973E-07 0.6601E-10  0.5410943E-07 0.1648E-10  1.750    
  17      0.5415398E-07 0.6594E-10  0.5411205E-07 0.1599E-10  1.668    
  18      0.5414297E-07 0.6595E-10  0.5411377E-07 0.1554E-10  1.582    
  19      0.5408590E-07 0.6592E-10  0.5411231E-07 0.1513E-10  1.503    
  20      0.5410007E-07 0.6593E-10  0.5411169E-07 0.1474E-10  1.426    
  21      0.5415593E-07 0.6594E-10  0.5411380E-07 0.1439E-10  1.376    
  22      0.5409931E-07 0.6593E-10  0.5411314E-07 0.1406E-10  1.313    
  23      0.5406859E-07 0.6590E-10  0.5411121E-07 0.1375E-10  1.273    
  24      0.5408067E-07 0.6590E-10  0.5410994E-07 0.1346E-10  1.227    
  25      0.5419085E-07 0.6599E-10  0.5411318E-07 0.1319E-10  1.236    
  26      0.5417482E-07 0.6599E-10  0.5411555E-07 0.1293E-10  1.220    
  27      0.5414652E-07 0.6597E-10  0.5411670E-07 0.1269E-10  1.181    
  28      0.5401020E-07 0.6589E-10  0.5411290E-07 0.1246E-10  1.230    
  29      0.5407936E-07 0.6588E-10  0.5411175E-07 0.1224E-10  1.195    
  30      0.5399448E-07 0.6587E-10  0.5410785E-07 0.1204E-10  1.259    
   
   
 Integral=   5.4107846016098756E-008 +-   1.2037425826543811E-011
 with chisq    =   1.2594649899185935     
  
  
  
 For xq =         1800 
  
 RM48 INITIALIZED:        40           0         0



 INPUT PARAMETERS FOR VEGAS:  NDIM=  4  NCALL=   99574272.
                              IT=    0  ITMX=   15
                              MDS= -1   ND=  42
   1      0.3734142E-07 0.6714E-09  0.3734142E-07 0.6714E-09  0.000    
   2      0.3819288E-07 0.1821E-09  0.3813693E-07 0.1741E-09  1.469    
   3      0.3989648E-07 0.1520E-09  0.3918244E-07 0.1130E-09  29.94    
   4      0.4018864E-07 0.1471E-09  0.3957637E-07 0.8914E-10  29.64    
   5      0.4050874E-07 0.1462E-09  0.3984409E-07 0.7588E-10  29.59    
   6      0.4056649E-07 0.1457E-09  0.4000641E-07 0.6720E-10  27.43    
   7      0.4039649E-07 0.1454E-09  0.4007776E-07 0.6095E-10  23.72    
   8      0.4039160E-07 0.1453E-09  0.4012629E-07 0.5618E-10  20.82    
   9      0.4026981E-07 0.1453E-09  0.4014542E-07 0.5238E-10  18.26    
  10      0.4034387E-07 0.1456E-09  0.4016875E-07 0.4928E-10  16.37    
  11      0.4022631E-07 0.1455E-09  0.4017478E-07 0.4667E-10  14.72    
  12      0.4024681E-07 0.1455E-09  0.4018162E-07 0.4444E-10  13.38    
  13      0.4004979E-07 0.1454E-09  0.4017027E-07 0.4249E-10  12.32    
  14      0.4022672E-07 0.1459E-09  0.4017475E-07 0.4080E-10  11.37    
  15      0.4024167E-07 0.1466E-09  0.4017963E-07 0.3930E-10  10.56    



 INPUT PARAMETERS FOR VEGAS:  NDIM=  4  NCALL=  933897762.
                              IT=    0  ITMX=   30
                              MDS= -1   ND=  49
   1      0.3824251E-07 0.4693E-10  0.3824251E-07 0.4693E-10  0.000    
   2      0.3822730E-07 0.4697E-10  0.3823491E-07 0.3320E-10 0.5250E-01
   3      0.3807618E-07 0.4684E-10  0.3818214E-07 0.2709E-10  3.837    
   4      0.3814841E-07 0.4683E-10  0.3817369E-07 0.2345E-10  2.689    
   5      0.3811936E-07 0.4682E-10  0.3816282E-07 0.2096E-10  2.286    
   6      0.3813204E-07 0.4688E-10  0.3815770E-07 0.1914E-10  1.901    
   7      0.3815855E-07 0.4684E-10  0.3815782E-07 0.1772E-10  1.584    
   8      0.3820355E-07 0.4688E-10  0.3816355E-07 0.1657E-10  1.477    
   9      0.3820357E-07 0.4688E-10  0.3816800E-07 0.1562E-10  1.373    
  10      0.3818147E-07 0.4689E-10  0.3816935E-07 0.1482E-10  1.229    
  11      0.3814334E-07 0.4685E-10  0.3816699E-07 0.1413E-10  1.134    
  12      0.3819289E-07 0.4686E-10  0.3816915E-07 0.1353E-10  1.056    
  13      0.3815464E-07 0.4684E-10  0.3816803E-07 0.1300E-10 0.9756    
  14      0.3810681E-07 0.4680E-10  0.3816366E-07 0.1253E-10  1.023    
  15      0.3811097E-07 0.4686E-10  0.3816016E-07 0.1210E-10  1.034    
  16      0.3817051E-07 0.4690E-10  0.3816080E-07 0.1172E-10 0.9680    
  17      0.3818841E-07 0.4689E-10  0.3816243E-07 0.1137E-10 0.9278    
  18      0.3821884E-07 0.4688E-10  0.3816557E-07 0.1105E-10 0.9538    
  19      0.3814509E-07 0.4686E-10  0.3816449E-07 0.1075E-10 0.9109    
  20      0.3811095E-07 0.4681E-10  0.3816181E-07 0.1048E-10 0.9283    
  21      0.3817969E-07 0.4687E-10  0.3816267E-07 0.1023E-10 0.8888    
  22      0.3815304E-07 0.4687E-10  0.3816223E-07 0.9992E-11 0.8484    
  23      0.3820786E-07 0.4695E-10  0.3816421E-07 0.9773E-11 0.8509    
  24      0.3812329E-07 0.4683E-10  0.3816251E-07 0.9567E-11 0.8457    
  25      0.3820933E-07 0.4694E-10  0.3816438E-07 0.9374E-11 0.8503    
  26      0.3820840E-07 0.4691E-10  0.3816607E-07 0.9192E-11 0.8502    
  27      0.3821084E-07 0.4692E-10  0.3816773E-07 0.9021E-11 0.8512    
  28      0.3807486E-07 0.4684E-10  0.3816443E-07 0.8858E-11 0.9596    
  29      0.3813569E-07 0.4683E-10  0.3816343E-07 0.8704E-11 0.9383    
  30      0.3808169E-07 0.4681E-10  0.3816071E-07 0.8557E-11  1.007    
   
   
 Integral=   3.8160714405038709E-008 +-   8.5570257655623445E-012
 with chisq    =   1.0073389604987020     
  
  
  
 For xq =         1900 
  
 RM48 INITIALIZED:        40           0         0



 INPUT PARAMETERS FOR VEGAS:  NDIM=  4  NCALL=   99574272.
                              IT=    0  ITMX=   15
                              MDS= -1   ND=  42
   1      0.2687369E-07 0.4809E-09  0.2687369E-07 0.4809E-09  0.000    
   2      0.2752459E-07 0.1300E-09  0.2748220E-07 0.1242E-09  1.671    
   3      0.2880399E-07 0.1085E-09  0.2826901E-07 0.8062E-10  33.19    
   4      0.2963398E-07 0.1064E-09  0.2880887E-07 0.6377E-10  57.88    
   5      0.2984383E-07 0.1060E-09  0.2910683E-07 0.5444E-10  60.94    
   6      0.2970792E-07 0.1052E-09  0.2924188E-07 0.4827E-10  53.49    
   7      0.2963992E-07 0.1056E-09  0.2931418E-07 0.4386E-10  46.22    
   8      0.2947800E-07 0.1052E-09  0.2933930E-07 0.4046E-10  39.72    
   9      0.2965103E-07 0.1054E-09  0.2938101E-07 0.3776E-10  35.56    
  10      0.2966529E-07 0.1055E-09  0.2941454E-07 0.3554E-10  32.21    
  11      0.2979391E-07 0.1055E-09  0.2945486E-07 0.3367E-10  30.07    
  12      0.2990121E-07 0.1056E-09  0.2949798E-07 0.3207E-10  28.75    
  13      0.2966224E-07 0.1055E-09  0.2951226E-07 0.3068E-10  26.49    
  14      0.2960617E-07 0.1054E-09  0.2951976E-07 0.2946E-10  24.46    
  15      0.2975712E-07 0.1057E-09  0.2953738E-07 0.2837E-10  23.01    



 INPUT PARAMETERS FOR VEGAS:  NDIM=  4  NCALL=  933897762.
                              IT=    0  ITMX=   30
                              MDS= -1   ND=  49
   1      0.2721880E-07 0.3371E-10  0.2721880E-07 0.3371E-10  0.000    
   2      0.2719593E-07 0.3370E-10  0.2720737E-07 0.2383E-10 0.2302    
   3      0.2724960E-07 0.3373E-10  0.2722146E-07 0.1946E-10 0.6383    
   4      0.2727808E-07 0.3372E-10  0.2723565E-07 0.1686E-10  1.132    
   5      0.2720179E-07 0.3372E-10  0.2722889E-07 0.1508E-10  1.051    
   6      0.2716556E-07 0.3365E-10  0.2721835E-07 0.1376E-10  1.429    
   7      0.2719921E-07 0.3369E-10  0.2721562E-07 0.1274E-10  1.237    
   8      0.2725188E-07 0.3371E-10  0.2722016E-07 0.1192E-10  1.205    
   9      0.2725093E-07 0.3373E-10  0.2722358E-07 0.1124E-10  1.147    
  10      0.2730115E-07 0.3376E-10  0.2723135E-07 0.1066E-10  1.549    
  11      0.2721872E-07 0.3371E-10  0.2723020E-07 0.1016E-10  1.407    
  12      0.2723526E-07 0.3370E-10  0.2723062E-07 0.9732E-11  1.281    
  13      0.2725958E-07 0.3375E-10  0.2723285E-07 0.9351E-11  1.231    
  14      0.2721341E-07 0.3370E-10  0.2723146E-07 0.9010E-11  1.160    
  15      0.2722240E-07 0.3372E-10  0.2723086E-07 0.8705E-11  1.082    
  16      0.2728426E-07 0.3376E-10  0.2723420E-07 0.8429E-11  1.167    
  17      0.2730191E-07 0.3377E-10  0.2723819E-07 0.8178E-11  1.331    
  18      0.2719247E-07 0.3369E-10  0.2723565E-07 0.7948E-11  1.355    
  19      0.2731842E-07 0.3375E-10  0.2724003E-07 0.7736E-11  1.597    
  20      0.2723277E-07 0.3372E-10  0.2723967E-07 0.7540E-11  1.516    
  21      0.2728187E-07 0.3373E-10  0.2724168E-07 0.7358E-11  1.514    
  22      0.2720865E-07 0.3370E-10  0.2724018E-07 0.7189E-11  1.486    
  23      0.2722396E-07 0.3372E-10  0.2723948E-07 0.7031E-11  1.429    
  24      0.2721012E-07 0.3372E-10  0.2723826E-07 0.6883E-11  1.398    
  25      0.2727018E-07 0.3371E-10  0.2723954E-07 0.6744E-11  1.376    
  26      0.2722581E-07 0.3370E-10  0.2723901E-07 0.6613E-11  1.327    
  27      0.2720405E-07 0.3364E-10  0.2723771E-07 0.6489E-11  1.316    
  28      0.2722093E-07 0.3371E-10  0.2723711E-07 0.6372E-11  1.276    
  29      0.2722371E-07 0.3370E-10  0.2723665E-07 0.6261E-11  1.236    
  30      0.2724454E-07 0.3373E-10  0.2723691E-07 0.6156E-11  1.195    
   
   
 Integral=   2.7236912276635888E-008 +-   6.1556340477135011E-012
 with chisq    =   1.1953406401969298     
  
  
  
 For xq =         2000 
  
 RM48 INITIALIZED:        40           0         0



 INPUT PARAMETERS FOR VEGAS:  NDIM=  4  NCALL=   99574272.
                              IT=    0  ITMX=   15
                              MDS= -1   ND=  42
   1      0.1948873E-07 0.3580E-09  0.1948873E-07 0.3580E-09  0.000    
   2      0.1985193E-07 0.9306E-10  0.1982973E-07 0.8935E-10 0.9484    
   3      0.2170831E-07 0.7949E-10  0.2096835E-07 0.5808E-10  125.3    
   4      0.2199811E-07 0.7771E-10  0.2137449E-07 0.4612E-10  119.9    
   5      0.2208395E-07 0.7714E-10  0.2157840E-07 0.3943E-10  104.3    
   6      0.2233782E-07 0.7726E-10  0.2175055E-07 0.3504E-10  98.18    
   7      0.2223714E-07 0.7693E-10  0.2184044E-07 0.3184E-10  86.61    
   8      0.2222385E-07 0.7699E-10  0.2190009E-07 0.2940E-10  76.72    
   9      0.2227891E-07 0.7711E-10  0.2195117E-07 0.2746E-10  69.37    
  10      0.2221067E-07 0.7766E-10  0.2198145E-07 0.2588E-10  62.47    
  11      0.2200242E-07 0.7719E-10  0.2198363E-07 0.2453E-10  56.07    
  12      0.2217267E-07 0.7709E-10  0.2200171E-07 0.2337E-10  51.30    
  13      0.2216951E-07 0.7723E-10  0.2201631E-07 0.2237E-10  47.25    
  14      0.2210047E-07 0.7734E-10  0.2202299E-07 0.2148E-10  43.61    
  15      0.2215910E-07 0.7760E-10  0.2203298E-07 0.2070E-10  40.61    



 INPUT PARAMETERS FOR VEGAS:  NDIM=  4  NCALL=  933897762.
                              IT=    0  ITMX=   30
                              MDS= -1   ND=  49
   1      0.1964240E-07 0.2459E-10  0.1964240E-07 0.2459E-10  0.000    
   2      0.1963467E-07 0.2459E-10  0.1963854E-07 0.1739E-10 0.4932E-01
   3      0.1966777E-07 0.2461E-10  0.1964829E-07 0.1420E-10 0.4959    
   4      0.1967392E-07 0.2460E-10  0.1965471E-07 0.1230E-10 0.6021    
   5      0.1966510E-07 0.2462E-10  0.1965679E-07 0.1100E-10 0.4871    
   6      0.1967442E-07 0.2463E-10  0.1965972E-07 0.1004E-10 0.4752    
   7      0.1968634E-07 0.2463E-10  0.1966353E-07 0.9301E-11 0.5630    
   8      0.1968268E-07 0.2462E-10  0.1966592E-07 0.8701E-11 0.5582    
   9      0.1964052E-07 0.2461E-10  0.1966311E-07 0.8203E-11 0.6067    
  10      0.1967381E-07 0.2463E-10  0.1966418E-07 0.7783E-11 0.5582    
  11      0.1960425E-07 0.2458E-10  0.1965875E-07 0.7420E-11  1.040    
  12      0.1967794E-07 0.2460E-10  0.1966035E-07 0.7104E-11 0.9963    
  13      0.1965591E-07 0.2461E-10  0.1966001E-07 0.6825E-11 0.9158    
  14      0.1966173E-07 0.2461E-10  0.1966013E-07 0.6577E-11 0.8457    
  15      0.1963549E-07 0.2460E-10  0.1965849E-07 0.6354E-11 0.8521    
  16      0.1963362E-07 0.2462E-10  0.1965694E-07 0.6152E-11 0.8590    
  17      0.1964469E-07 0.2460E-10  0.1965622E-07 0.5969E-11 0.8200    
  18      0.1965787E-07 0.2462E-10  0.1965631E-07 0.5800E-11 0.7720    
  19      0.1962382E-07 0.2459E-10  0.1965461E-07 0.5646E-11 0.8209    
  20      0.1967778E-07 0.2464E-10  0.1965577E-07 0.5503E-11 0.8219    
  21      0.1965695E-07 0.2461E-10  0.1965582E-07 0.5370E-11 0.7809    
  22      0.1964724E-07 0.2462E-10  0.1965543E-07 0.5247E-11 0.7493    
  23      0.1966710E-07 0.2462E-10  0.1965594E-07 0.5132E-11 0.7250    
  24      0.1967872E-07 0.2463E-10  0.1965689E-07 0.5024E-11 0.7291    
  25      0.1967028E-07 0.2460E-10  0.1965743E-07 0.4922E-11 0.7105    
  26      0.1964595E-07 0.2460E-10  0.1965698E-07 0.4827E-11 0.6905    
  27      0.1963516E-07 0.2460E-10  0.1965618E-07 0.4736E-11 0.6931    
  28      0.1963961E-07 0.2460E-10  0.1965559E-07 0.4651E-11 0.6836    
  29      0.1966507E-07 0.2460E-10  0.1965591E-07 0.4570E-11 0.6643    
  30      0.1966009E-07 0.2461E-10  0.1965605E-07 0.4493E-11 0.6424    
   
   
 Integral=   1.9656053420563950E-008 +-   4.4930543887110658E-012
 with chisq    =  0.64236042876138766     
  
  
    xq        Integral PK
    100      0.316006130591090E-01
    200      0.174452032709859E-02
    300      0.300586481136749E-03
    400      0.832927655665192E-04
    500      0.300355040426436E-04
    600      0.127989799357851E-04
    700      0.612257208621076E-05
    800      0.318841814346779E-05
    900      0.176969752121925E-05
   1000      0.103259136991963E-05
   1100      0.627274124674223E-06
   1200      0.394062299129711E-06
   1300      0.254359848548100E-06
   1400      0.168078931630737E-06
   1500      0.113314295384152E-06
   1600      0.776855830510915E-07
   1700      0.541078460160988E-07
   1800      0.381607144050387E-07
   1900      0.272369122766359E-07
   2000      0.196560534205639E-07

