    100     -0.144517697848017E-02      0.293996276425987E-06
    200     -0.773181488279308E-04      0.204167686878098E-07
    300     -0.128069745400575E-04      0.391189959295715E-08
    400     -0.339365458522405E-05      0.112732858520399E-08
    500     -0.116611863207815E-05      0.419871881061009E-09
    600     -0.472916798073707E-06      0.177280878734670E-09
    700     -0.214910521821931E-06      0.833781969439643E-10
    800     -0.106171607203802E-06      0.431955165924507E-10
    900     -0.559512359651944E-07      0.238340096542254E-10
   1000     -0.310051750081713E-07      0.133899454785885E-10
   1100     -0.178875100845753E-07      0.112850525492659E-10
   1200     -0.106672844890783E-07      0.492595295454705E-11
   1300     -0.654877515877059E-08      0.308046209079696E-11
   1400     -0.411416704864436E-08      0.199104139039305E-11
   1500     -0.263749202864079E-08      0.127104100266386E-11
   1600     -0.172167453123521E-08      0.848795519909832E-12
   1700     -0.114068645130601E-08      0.572170589089280E-12
   1800     -0.766534773141142E-09      0.386690676010453E-12
   1900     -0.520793855637533E-09      0.262074953981248E-12
   2000     -0.357511587106246E-09      0.183506488328163E-12


   ----------------------------------
   |Initializing Dipole Subtraction  |
   ----------------------------------
  
   real - Dipole Over 3body phasespace
 ``````````````````````````````````````
  
  
  
 For xq =          100 
  
 RM48 INITIALIZED:        40           0         0



 INPUT PARAMETERS FOR VEGAS:  NDIM=  6  NCALL=   48275138.
                              IT=    0  ITMX=   15
                              MDS=  1   ND=  50
   1     -0.1444537E-02 0.6351E-04 -0.1444537E-02 0.6351E-04  0.000    
   2     -0.1444426E-02 0.1482E-04 -0.1444432E-02 0.1443E-04 0.2922E-05
   3     -0.1433706E-02 0.7774E-05 -0.1436147E-02 0.6866E-05 0.2145    
   4     -0.1453013E-02 0.5995E-05 -0.1445787E-02 0.4504E-05  1.287    
   5     -0.1443321E-02 0.5219E-05 -0.1444735E-02 0.3410E-05 0.9974    
   6     -0.1446871E-02 0.4921E-05 -0.1445430E-02 0.2802E-05 0.8229    
   7     -0.1441527E-02 0.4924E-05 -0.1444478E-02 0.2436E-05 0.7650    
   8     -0.1442591E-02 0.4842E-05 -0.1444098E-02 0.2176E-05 0.6732    
   9     -0.1455889E-02 0.4832E-05 -0.1446114E-02 0.1983E-05  1.214    
  10     -0.1438156E-02 0.4747E-05 -0.1444940E-02 0.1830E-05  1.344    
  11     -0.1450692E-02 0.4985E-05 -0.1445629E-02 0.1718E-05  1.327    
  12     -0.1446061E-02 0.4798E-05 -0.1445678E-02 0.1617E-05  1.207    
  13     -0.1438212E-02 0.4857E-05 -0.1444939E-02 0.1535E-05  1.283    
  14     -0.1445558E-02 0.4792E-05 -0.1444997E-02 0.1462E-05  1.185    
  15     -0.1445228E-02 0.4728E-05 -0.1445017E-02 0.1396E-05  1.101    



 INPUT PARAMETERS FOR VEGAS:  NDIM=  6  NCALL=  488281250.
                              IT=    0  ITMX=   30
                              MDS= -1   ND=  25
   1     -0.1445491E-02 0.1607E-05 -0.1445491E-02 0.1607E-05  0.000    
   2     -0.1446579E-02 0.1575E-05 -0.1446046E-02 0.1125E-05 0.2335    
   3     -0.1442145E-02 0.1582E-05 -0.1444740E-02 0.9169E-06  2.133    
   4     -0.1444578E-02 0.1567E-05 -0.1444699E-02 0.7913E-06  1.424    
   5     -0.1444771E-02 0.1584E-05 -0.1444713E-02 0.7079E-06  1.069    
   6     -0.1448056E-02 0.3057E-05 -0.1444884E-02 0.6898E-06  1.082    
   7     -0.1444803E-02 0.1579E-05 -0.1444871E-02 0.6321E-06 0.9022    
   8     -0.1443004E-02 0.1570E-05 -0.1444611E-02 0.5864E-06 0.9469    
   9     -0.1446894E-02 0.1585E-05 -0.1444887E-02 0.5500E-06  1.057    
  10     -0.1444917E-02 0.1587E-05 -0.1444890E-02 0.5197E-06 0.9395    
  11     -0.1445066E-02 0.1610E-05 -0.1444907E-02 0.4946E-06 0.8466    
  12     -0.1447733E-02 0.1581E-05 -0.1445159E-02 0.4720E-06  1.035    
  13     -0.1444339E-02 0.1601E-05 -0.1445094E-02 0.4527E-06 0.9687    
  14     -0.1445141E-02 0.1596E-05 -0.1445097E-02 0.4356E-06 0.8943    
  15     -0.1444840E-02 0.1567E-05 -0.1445079E-02 0.4196E-06 0.8322    
  16     -0.1443378E-02 0.1642E-05 -0.1444975E-02 0.4066E-06 0.8438    
  17     -0.1446468E-02 0.1571E-05 -0.1445069E-02 0.3936E-06 0.8440    
  18     -0.1447564E-02 0.1602E-05 -0.1445211E-02 0.3822E-06 0.9292    
  19     -0.1443121E-02 0.1675E-05 -0.1445108E-02 0.3727E-06 0.9597    
  20     -0.1442775E-02 0.1561E-05 -0.1444983E-02 0.3625E-06  1.020    
  21     -0.1446409E-02 0.1580E-05 -0.1445054E-02 0.3533E-06  1.008    
  22     -0.1444730E-02 0.1569E-05 -0.1445039E-02 0.3447E-06 0.9619    
  23     -0.1445175E-02 0.1592E-05 -0.1445045E-02 0.3369E-06 0.9185    
  24     -0.1442598E-02 0.1583E-05 -0.1444939E-02 0.3295E-06 0.9778    
  25     -0.1447485E-02 0.1588E-05 -0.1445044E-02 0.3226E-06  1.040    
  26     -0.1447742E-02 0.1578E-05 -0.1445153E-02 0.3161E-06  1.111    
  27     -0.1443121E-02 0.1579E-05 -0.1445075E-02 0.3099E-06  1.129    
  28     -0.1445430E-02 0.1694E-05 -0.1445086E-02 0.3049E-06  1.089    
  29     -0.1446058E-02 0.1582E-05 -0.1445121E-02 0.2993E-06  1.063    
  30     -0.1446689E-02 0.1562E-05 -0.1445177E-02 0.2940E-06  1.060    
   
   
 Integral=  -1.4451769784801680E-003 +-   2.9399627642598738E-007
 with chisq    =   1.0598780828477170     
  
  
  
 For xq =          200 
  
 RM48 INITIALIZED:        40           0         0



 INPUT PARAMETERS FOR VEGAS:  NDIM=  6  NCALL=   48275138.
                              IT=    0  ITMX=   15
                              MDS=  1   ND=  50
   1     -0.7849951E-04 0.2814E-05 -0.7849951E-04 0.2814E-05  0.000    
   2     -0.7751011E-04 0.7370E-06 -0.7757514E-04 0.7169E-06 0.1170    
   3     -0.7759696E-04 0.4538E-06 -0.7759067E-04 0.3842E-06 0.5902E-01
   4     -0.7737426E-04 0.3792E-06 -0.7748174E-04 0.2703E-06 0.9287E-01
   5     -0.7751877E-04 0.3474E-06 -0.7749565E-04 0.2135E-06 0.7150E-01
   6     -0.7692662E-04 0.3339E-06 -0.7733289E-04 0.1801E-06 0.4652    
   7     -0.7771112E-04 0.3304E-06 -0.7741974E-04 0.1581E-06 0.5563    
   8     -0.7754907E-04 0.3290E-06 -0.7744399E-04 0.1425E-06 0.4948    
   9     -0.7800440E-04 0.3528E-06 -0.7752331E-04 0.1321E-06 0.7058    
  10     -0.7671299E-04 0.3348E-06 -0.7741635E-04 0.1229E-06  1.182    
  11     -0.7746156E-04 0.3295E-06 -0.7742186E-04 0.1152E-06  1.066    
  12     -0.7736908E-04 0.3257E-06 -0.7741602E-04 0.1086E-06 0.9712    
  13     -0.7767255E-04 0.3373E-06 -0.7744019E-04 0.1034E-06 0.9338    
  14     -0.7737011E-04 0.3281E-06 -0.7743389E-04 0.9860E-07 0.8654    
  15     -0.7720427E-04 0.3241E-06 -0.7741459E-04 0.9434E-07 0.8366    



 INPUT PARAMETERS FOR VEGAS:  NDIM=  6  NCALL=  488281250.
                              IT=    0  ITMX=   30
                              MDS= -1   ND=  25
   1     -0.7734567E-04 0.1122E-06 -0.7734567E-04 0.1122E-06  0.000    
   2     -0.7722692E-04 0.1098E-06 -0.7728509E-04 0.7847E-07 0.5723    
   3     -0.7713141E-04 0.1095E-06 -0.7723308E-04 0.6378E-07 0.9363    
   4     -0.7735969E-04 0.1221E-06 -0.7726030E-04 0.5654E-07 0.9058    
   5     -0.7740139E-04 0.1109E-06 -0.7728949E-04 0.5037E-07  1.001    
   6     -0.7729209E-04 0.1081E-06 -0.7728996E-04 0.4565E-07 0.8007    
   7     -0.7732350E-04 0.1256E-06 -0.7729388E-04 0.4290E-07 0.6777    
   8     -0.7733217E-04 0.1105E-06 -0.7729890E-04 0.4000E-07 0.5958    
   9     -0.7723152E-04 0.1129E-06 -0.7729140E-04 0.3770E-07 0.5609    
  10     -0.7722084E-04 0.1086E-06 -0.7728382E-04 0.3562E-07 0.5404    
  11     -0.7711907E-04 0.1112E-06 -0.7726855E-04 0.3392E-07 0.6850    
  12     -0.7740459E-04 0.1090E-06 -0.7728061E-04 0.3239E-07 0.7521    
  13     -0.7742118E-04 0.1088E-06 -0.7729208E-04 0.3104E-07 0.8173    
  14     -0.7734944E-04 0.1115E-06 -0.7729621E-04 0.2990E-07 0.7733    
  15     -0.7722797E-04 0.1106E-06 -0.7729157E-04 0.2887E-07 0.7435    
  16     -0.7738293E-04 0.1159E-06 -0.7729692E-04 0.2801E-07 0.7329    
  17     -0.7720808E-04 0.1121E-06 -0.7729172E-04 0.2718E-07 0.7240    
  18     -0.7738062E-04 0.1161E-06 -0.7729635E-04 0.2646E-07 0.7141    
  19     -0.7724167E-04 0.1100E-06 -0.7729336E-04 0.2573E-07 0.6875    
  20     -0.7731354E-04 0.1101E-06 -0.7729440E-04 0.2505E-07 0.6529    
  21     -0.7740298E-04 0.1118E-06 -0.7729961E-04 0.2444E-07 0.6652    
  22     -0.7728234E-04 0.1102E-06 -0.7729880E-04 0.2386E-07 0.6347    
  23     -0.7710973E-04 0.1098E-06 -0.7729031E-04 0.2332E-07 0.7342    
  24     -0.7746264E-04 0.1107E-06 -0.7729766E-04 0.2282E-07 0.8034    
  25     -0.7729357E-04 0.1084E-06 -0.7729748E-04 0.2233E-07 0.7699    
  26     -0.7747121E-04 0.1108E-06 -0.7730429E-04 0.2189E-07 0.8339    
  27     -0.7744825E-04 0.1100E-06 -0.7730979E-04 0.2147E-07 0.8652    
  28     -0.7756015E-04 0.1285E-06 -0.7731663E-04 0.2118E-07 0.9705    
  29     -0.7732817E-04 0.1086E-06 -0.7731705E-04 0.2078E-07 0.9362    
  30     -0.7734828E-04 0.1090E-06 -0.7731815E-04 0.2042E-07 0.9067    
   
   
 Integral=  -7.7318148827930808E-005 +-   2.0416768687809814E-008
 with chisq    =  0.90667497630961802     
  
  
  
 For xq =          300 
  
 RM48 INITIALIZED:        40           0         0



 INPUT PARAMETERS FOR VEGAS:  NDIM=  6  NCALL=   48275138.
                              IT=    0  ITMX=   15
                              MDS=  1   ND=  50
   1     -0.1449901E-04 0.1782E-05 -0.1449901E-04 0.1782E-05  0.000    
   2     -0.1286590E-04 0.2856E-06 -0.1291750E-04 0.2994E-06 0.9100    
   3     -0.1298089E-04 0.8585E-07 -0.1297557E-04 0.8526E-07 0.4925    
   4     -0.1265933E-04 0.7077E-07 -0.1279790E-04 0.5561E-07  2.992    
   5     -0.1270792E-04 0.6594E-07 -0.1276238E-04 0.4290E-07  2.545    
   6     -0.1281379E-04 0.6321E-07 -0.1277801E-04 0.3564E-07  2.142    
   7     -0.1290384E-04 0.6345E-07 -0.1280749E-04 0.3112E-07  2.281    
   8     -0.1280864E-04 0.6185E-07 -0.1280771E-04 0.2784E-07  1.965    
   9     -0.1286971E-04 0.6277E-07 -0.1281768E-04 0.2547E-07  1.825    
  10     -0.1280479E-04 0.6179E-07 -0.1281586E-04 0.2356E-07  1.631    
  11     -0.1277569E-04 0.6151E-07 -0.1281087E-04 0.2202E-07  1.509    
  12     -0.1288035E-04 0.6197E-07 -0.1281856E-04 0.2075E-07  1.474    
  13     -0.1269183E-04 0.6583E-07 -0.1280755E-04 0.1980E-07  1.626    
  14     -0.1291944E-04 0.6380E-07 -0.1281733E-04 0.1891E-07  1.717    
  15     -0.1281252E-04 0.6302E-07 -0.1281694E-04 0.1811E-07  1.597    



 INPUT PARAMETERS FOR VEGAS:  NDIM=  6  NCALL=  488281250.
                              IT=    0  ITMX=   30
                              MDS= -1   ND=  25
   1     -0.1278155E-04 0.2160E-07 -0.1278155E-04 0.2160E-07  0.000    
   2     -0.1277681E-04 0.2085E-07 -0.1277910E-04 0.1500E-07 0.2488E-01
   3     -0.1281674E-04 0.2115E-07 -0.1279175E-04 0.1224E-07  1.068    
   4     -0.1282439E-04 0.2098E-07 -0.1280006E-04 0.1057E-07  1.314    
   5     -0.1284363E-04 0.2115E-07 -0.1280882E-04 0.9455E-08  1.837    
   6     -0.1280007E-04 0.2098E-07 -0.1280735E-04 0.8620E-08  1.499    
   7     -0.1279010E-04 0.2066E-07 -0.1280479E-04 0.7955E-08  1.348    
   8     -0.1279666E-04 0.2050E-07 -0.1280373E-04 0.7416E-08  1.175    
   9     -0.1282755E-04 0.2108E-07 -0.1280636E-04 0.6996E-08  1.171    
  10     -0.1279226E-04 0.2100E-07 -0.1280496E-04 0.6637E-08  1.086    
  11     -0.1280464E-04 0.2131E-07 -0.1280493E-04 0.6337E-08 0.9772    
  12     -0.1279803E-04 0.2067E-07 -0.1280433E-04 0.6059E-08 0.8977    
  13     -0.1280196E-04 0.2069E-07 -0.1280415E-04 0.5814E-08 0.8239    
  14     -0.1283533E-04 0.2088E-07 -0.1280640E-04 0.5601E-08 0.9202    
  15     -0.1281545E-04 0.2180E-07 -0.1280696E-04 0.5425E-08 0.8660    
  16     -0.1282098E-04 0.2146E-07 -0.1280781E-04 0.5260E-08 0.8349    
  17     -0.1281438E-04 0.2360E-07 -0.1280812E-04 0.5134E-08 0.7873    
  18     -0.1278916E-04 0.2146E-07 -0.1280709E-04 0.4993E-08 0.7844    
  19     -0.1281117E-04 0.2068E-07 -0.1280732E-04 0.4853E-08 0.7429    
  20     -0.1279099E-04 0.2072E-07 -0.1280647E-04 0.4725E-08 0.7348    
  21     -0.1281434E-04 0.2084E-07 -0.1280686E-04 0.4609E-08 0.7048    
  22     -0.1276821E-04 0.2363E-07 -0.1280545E-04 0.4523E-08 0.7934    
  23     -0.1280567E-04 0.2083E-07 -0.1280546E-04 0.4420E-08 0.7573    
  24     -0.1281984E-04 0.2066E-07 -0.1280609E-04 0.4322E-08 0.7445    
  25     -0.1282083E-04 0.2192E-07 -0.1280664E-04 0.4241E-08 0.7316    
  26     -0.1275997E-04 0.2116E-07 -0.1280485E-04 0.4158E-08 0.8883    
  27     -0.1284371E-04 0.2097E-07 -0.1280633E-04 0.4079E-08 0.9818    
  28     -0.1277202E-04 0.3476E-07 -0.1280587E-04 0.4051E-08 0.9810    
  29     -0.1280791E-04 0.2116E-07 -0.1280594E-04 0.3978E-08 0.9463    
  30     -0.1283695E-04 0.2149E-07 -0.1280697E-04 0.3912E-08 0.9833    
   
   
 Integral=  -1.2806974540057531E-005 +-   3.9118995929571526E-009
 with chisq    =  0.98325783775052955     
  
  
  
 For xq =          400 
  
 RM48 INITIALIZED:        40           0         0



 INPUT PARAMETERS FOR VEGAS:  NDIM=  6  NCALL=   48275138.
                              IT=    0  ITMX=   15
                              MDS=  1   ND=  50
   1     -0.3256344E-05 0.1139E-06 -0.3256344E-05 0.1139E-06  0.000    
   2     -0.3426330E-05 0.3196E-07 -0.3415039E-05 0.3013E-07  1.974    
   3     -0.3364895E-05 0.2311E-07 -0.3383313E-05 0.1830E-07  1.855    
   4     -0.3391295E-05 0.1981E-07 -0.3387038E-05 0.1341E-07  1.258    
   5     -0.3410079E-05 0.1886E-07 -0.3394924E-05 0.1091E-07  1.189    
   6     -0.3409167E-05 0.1882E-07 -0.3398567E-05 0.9426E-08  1.035    
   7     -0.3362724E-05 0.1845E-07 -0.3391196E-05 0.8396E-08  1.360    
   8     -0.3398372E-05 0.1864E-07 -0.3392421E-05 0.7653E-08  1.181    
   9     -0.3394312E-05 0.1816E-07 -0.3392708E-05 0.7051E-08  1.033    
  10     -0.3372466E-05 0.1789E-07 -0.3389997E-05 0.6560E-08  1.042    
  11     -0.3369162E-05 0.1803E-07 -0.3387573E-05 0.6165E-08  1.055    
  12     -0.3394480E-05 0.1813E-07 -0.3388295E-05 0.5837E-08 0.9707    
  13     -0.3385470E-05 0.1908E-07 -0.3388052E-05 0.5581E-08 0.8912    
  14     -0.3415356E-05 0.1894E-07 -0.3390275E-05 0.5353E-08 0.9711    
  15     -0.3365538E-05 0.1855E-07 -0.3388392E-05 0.5144E-08  1.018    



 INPUT PARAMETERS FOR VEGAS:  NDIM=  6  NCALL=  488281250.
                              IT=    0  ITMX=   30
                              MDS= -1   ND=  25
   1     -0.3397314E-05 0.6125E-08 -0.3397314E-05 0.6125E-08  0.000    
   2     -0.3389565E-05 0.6263E-08 -0.3393534E-05 0.4379E-08 0.7825    
   3     -0.3392991E-05 0.6078E-08 -0.3393349E-05 0.3553E-08 0.3939    
   4     -0.3385887E-05 0.6019E-08 -0.3391427E-05 0.3060E-08 0.6420    
   5     -0.3399742E-05 0.6049E-08 -0.3393128E-05 0.2730E-08 0.8582    
   6     -0.3394268E-05 0.6137E-08 -0.3393316E-05 0.2494E-08 0.6923    
   7     -0.3401308E-05 0.7131E-08 -0.3394191E-05 0.2355E-08 0.7636    
   8     -0.3407671E-05 0.6096E-08 -0.3395953E-05 0.2197E-08  1.265    
   9     -0.3397255E-05 0.6171E-08 -0.3396100E-05 0.2069E-08  1.112    
  10     -0.3393073E-05 0.6114E-08 -0.3395789E-05 0.1960E-08  1.013    
  11     -0.3393725E-05 0.6289E-08 -0.3395606E-05 0.1871E-08 0.9216    
  12     -0.3404082E-05 0.6045E-08 -0.3396351E-05 0.1788E-08  1.001    
  13     -0.3392990E-05 0.6109E-08 -0.3396086E-05 0.1716E-08 0.9411    
  14     -0.3397416E-05 0.6412E-08 -0.3396175E-05 0.1657E-08 0.8718    
  15     -0.3390713E-05 0.6049E-08 -0.3395795E-05 0.1598E-08 0.8637    
  16     -0.3388385E-05 0.6350E-08 -0.3395355E-05 0.1550E-08 0.8914    
  17     -0.3389753E-05 0.6029E-08 -0.3395009E-05 0.1501E-08 0.8863    
  18     -0.3391624E-05 0.6044E-08 -0.3394813E-05 0.1457E-08 0.8516    
  19     -0.3398410E-05 0.6188E-08 -0.3395002E-05 0.1418E-08 0.8220    
  20     -0.3376308E-05 0.6077E-08 -0.3394046E-05 0.1381E-08  1.247    
  21     -0.3392275E-05 0.6100E-08 -0.3393960E-05 0.1347E-08  1.189    
  22     -0.3390561E-05 0.6295E-08 -0.3393811E-05 0.1317E-08  1.145    
  23     -0.3393199E-05 0.6396E-08 -0.3393786E-05 0.1290E-08  1.094    
  24     -0.3402908E-05 0.6123E-08 -0.3394176E-05 0.1262E-08  1.139    
  25     -0.3385808E-05 0.6115E-08 -0.3393836E-05 0.1236E-08  1.166    
  26     -0.3398321E-05 0.6137E-08 -0.3394011E-05 0.1212E-08  1.140    
  27     -0.3394289E-05 0.6056E-08 -0.3394022E-05 0.1188E-08  1.096    
  28     -0.3388473E-05 0.6111E-08 -0.3393820E-05 0.1167E-08  1.085    
  29     -0.3388489E-05 0.6073E-08 -0.3393631E-05 0.1146E-08  1.073    
  30     -0.3394372E-05 0.6331E-08 -0.3393655E-05 0.1127E-08  1.036    
   
   
 Integral=  -3.3936545852240501E-006 +-   1.1273285852039932E-009
 with chisq    =   1.0362528315059785     
  
  
  
 For xq =          500 
  
 RM48 INITIALIZED:        40           0         0



 INPUT PARAMETERS FOR VEGAS:  NDIM=  6  NCALL=   48275138.
                              IT=    0  ITMX=   15
                              MDS=  1   ND=  50
   1     -0.1181445E-05 0.3364E-07 -0.1181445E-05 0.3364E-07  0.000    
   2     -0.1155901E-05 0.1041E-07 -0.1158223E-05 0.1003E-07 0.5357    
   3     -0.1160772E-05 0.7889E-08 -0.1159790E-05 0.6214E-08 0.2890    
   4     -0.1151377E-05 0.7313E-08 -0.1156315E-05 0.4745E-08 0.4478    
   5     -0.1162993E-05 0.6943E-08 -0.1158443E-05 0.3918E-08 0.4935    
   6     -0.1161397E-05 0.6747E-08 -0.1159186E-05 0.3388E-08 0.4236    
   7     -0.1169382E-05 0.6706E-08 -0.1161280E-05 0.3023E-08 0.6617    
   8     -0.1159809E-05 0.6621E-08 -0.1161027E-05 0.2750E-08 0.5734    
   9     -0.1172856E-05 0.6724E-08 -0.1162747E-05 0.2545E-08 0.8364    
  10     -0.1163133E-05 0.6659E-08 -0.1162796E-05 0.2377E-08 0.7439    
  11     -0.1156053E-05 0.6549E-08 -0.1162021E-05 0.2235E-08 0.7630    
  12     -0.1173217E-05 0.7004E-08 -0.1163072E-05 0.2129E-08 0.9065    
  13     -0.1155792E-05 0.6737E-08 -0.1162419E-05 0.2030E-08 0.9193    
  14     -0.1159652E-05 0.6633E-08 -0.1162184E-05 0.1941E-08 0.8612    
  15     -0.1179176E-05 0.6683E-08 -0.1163540E-05 0.1864E-08  1.234    



 INPUT PARAMETERS FOR VEGAS:  NDIM=  6  NCALL=  488281250.
                              IT=    0  ITMX=   30
                              MDS= -1   ND=  25
   1     -0.1168804E-05 0.2228E-08 -0.1168804E-05 0.2228E-08  0.000    
   2     -0.1165876E-05 0.2259E-08 -0.1167364E-05 0.1586E-08 0.8517    
   3     -0.1169041E-05 0.2218E-08 -0.1167932E-05 0.1290E-08 0.6147    
   4     -0.1167414E-05 0.2256E-08 -0.1167805E-05 0.1120E-08 0.4232    
   5     -0.1169114E-05 0.2226E-08 -0.1168070E-05 0.1001E-08 0.3864    
   6     -0.1164790E-05 0.2225E-08 -0.1167521E-05 0.9125E-09 0.6694    
   7     -0.1170381E-05 0.2946E-08 -0.1167772E-05 0.8718E-09 0.7013    
   8     -0.1166062E-05 0.2212E-08 -0.1167543E-05 0.8111E-09 0.6751    
   9     -0.1162086E-05 0.2239E-08 -0.1166915E-05 0.7626E-09  1.243    
  10     -0.1163928E-05 0.2242E-08 -0.1166607E-05 0.7220E-09  1.281    
  11     -0.1160711E-05 0.4631E-08 -0.1166469E-05 0.7131E-09  1.311    
  12     -0.1161877E-05 0.2229E-08 -0.1166045E-05 0.6792E-09  1.541    
  13     -0.1165092E-05 0.2245E-08 -0.1165965E-05 0.6501E-09  1.426    
  14     -0.1169128E-05 0.2276E-08 -0.1166205E-05 0.6251E-09  1.454    
  15     -0.1168792E-05 0.2231E-08 -0.1166394E-05 0.6019E-09  1.439    
  16     -0.1164787E-05 0.2196E-08 -0.1166282E-05 0.5805E-09  1.376    
  17     -0.1166714E-05 0.2924E-08 -0.1166299E-05 0.5694E-09  1.292    
  18     -0.1167594E-05 0.2204E-08 -0.1166380E-05 0.5513E-09  1.235    
  19     -0.1163464E-05 0.2201E-08 -0.1166209E-05 0.5348E-09  1.258    
  20     -0.1162281E-05 0.2241E-08 -0.1165998E-05 0.5202E-09  1.344    
  21     -0.1168229E-05 0.2317E-08 -0.1166106E-05 0.5076E-09  1.321    
  22     -0.1164285E-05 0.2234E-08 -0.1166017E-05 0.4950E-09  1.288    
  23     -0.1163775E-05 0.2267E-08 -0.1165915E-05 0.4836E-09  1.272    
  24     -0.1166767E-05 0.2287E-08 -0.1165951E-05 0.4731E-09  1.222    
  25     -0.1166292E-05 0.2221E-08 -0.1165966E-05 0.4627E-09  1.172    
  26     -0.1164914E-05 0.2241E-08 -0.1165923E-05 0.4532E-09  1.134    
  27     -0.1167315E-05 0.2216E-08 -0.1165979E-05 0.4440E-09  1.105    
  28     -0.1167093E-05 0.2221E-08 -0.1166022E-05 0.4354E-09  1.073    
  29     -0.1167129E-05 0.2293E-08 -0.1166061E-05 0.4277E-09  1.042    
  30     -0.1167646E-05 0.2201E-08 -0.1166119E-05 0.4199E-09  1.024    
   
   
 Integral=  -1.1661186320781510E-006 +-   4.1987188106100944E-010
 with chisq    =   1.0236397454342314     
  
  
  
 For xq =          600 
  
 RM48 INITIALIZED:        40           0         0



 INPUT PARAMETERS FOR VEGAS:  NDIM=  6  NCALL=   48275138.
                              IT=    0  ITMX=   15
                              MDS=  1   ND=  50
   1     -0.4920287E-06 0.1496E-07 -0.4920287E-06 0.1496E-07  0.000    
   2     -0.4714904E-06 0.4669E-08 -0.4734589E-06 0.4537E-08  1.776    
   3     -0.4667525E-06 0.3692E-08 -0.4695273E-06 0.2888E-08  1.560    
   4     -0.4780091E-06 0.3385E-08 -0.4731110E-06 0.2196E-08  2.252    
   5     -0.4747599E-06 0.2982E-08 -0.4736870E-06 0.1770E-08  1.742    
   6     -0.4730928E-06 0.2978E-08 -0.4735337E-06 0.1522E-08  1.403    
   7     -0.4729909E-06 0.2947E-08 -0.4734205E-06 0.1353E-08  1.176    
   8     -0.4712425E-06 0.2831E-08 -0.4730214E-06 0.1222E-08  1.078    
   9     -0.4716528E-06 0.2813E-08 -0.4728069E-06 0.1121E-08 0.9694    
  10     -0.4743855E-06 0.2856E-08 -0.4730173E-06 0.1043E-08 0.8912    
  11     -0.4724958E-06 0.2775E-08 -0.4729532E-06 0.9768E-09 0.8058    
  12     -0.4746541E-06 0.3023E-08 -0.4731141E-06 0.9294E-09 0.7586    
  13     -0.4714014E-06 0.2884E-08 -0.4729548E-06 0.8847E-09 0.7224    
  14     -0.4740695E-06 0.3081E-08 -0.4730397E-06 0.8504E-09 0.6762    
  15     -0.4769585E-06 0.2986E-08 -0.4733368E-06 0.8178E-09 0.7423    



 INPUT PARAMETERS FOR VEGAS:  NDIM=  6  NCALL=  488281250.
                              IT=    0  ITMX=   30
                              MDS= -1   ND=  25
   1     -0.4722653E-06 0.9482E-09 -0.4722653E-06 0.9482E-09  0.000    
   2     -0.4739196E-06 0.9629E-09 -0.4730826E-06 0.6757E-09  1.498    
   3     -0.4718787E-06 0.9556E-09 -0.4726827E-06 0.5517E-09  1.279    
   4     -0.4736838E-06 0.9965E-09 -0.4729183E-06 0.4827E-09  1.110    
   5     -0.4742421E-06 0.9669E-09 -0.4731836E-06 0.4319E-09  1.208    
   6     -0.4733795E-06 0.9720E-09 -0.4732159E-06 0.3946E-09 0.9729    
   7     -0.4734126E-06 0.1096E-08 -0.4732385E-06 0.3713E-09 0.8154    
   8     -0.4721041E-06 0.9585E-09 -0.4730911E-06 0.3462E-09 0.8727    
   9     -0.4736312E-06 0.9669E-09 -0.4731526E-06 0.3260E-09 0.7980    
  10     -0.4728705E-06 0.9486E-09 -0.4731229E-06 0.3083E-09 0.7182    
  11     -0.4738324E-06 0.9781E-09 -0.4731871E-06 0.2940E-09 0.6942    
  12     -0.4735316E-06 0.9759E-09 -0.4732158E-06 0.2815E-09 0.6414    
  13     -0.4740660E-06 0.9606E-09 -0.4732833E-06 0.2702E-09 0.6481    
  14     -0.4717198E-06 0.1036E-08 -0.4731843E-06 0.2614E-09 0.7617    
  15     -0.4730334E-06 0.9593E-09 -0.4731739E-06 0.2522E-09 0.7090    
  16     -0.4750417E-06 0.1007E-08 -0.4732850E-06 0.2447E-09 0.8788    
  17     -0.4733350E-06 0.9449E-09 -0.4732881E-06 0.2368E-09 0.8240    
  18     -0.4713112E-06 0.9523E-09 -0.4731739E-06 0.2298E-09  1.013    
  19     -0.4727607E-06 0.9502E-09 -0.4731511E-06 0.2234E-09 0.9666    
  20     -0.4713849E-06 0.9504E-09 -0.4730592E-06 0.2175E-09  1.087    
  21     -0.4726792E-06 0.1002E-08 -0.4730422E-06 0.2125E-09  1.040    
  22     -0.4720118E-06 0.9678E-09 -0.4729950E-06 0.2076E-09  1.042    
  23     -0.4732072E-06 0.9569E-09 -0.4730045E-06 0.2029E-09 0.9965    
  24     -0.4717649E-06 0.9512E-09 -0.4729509E-06 0.1984E-09  1.024    
  25     -0.4724095E-06 0.9644E-09 -0.4729289E-06 0.1943E-09 0.9936    
  26     -0.4728895E-06 0.9990E-09 -0.4729275E-06 0.1908E-09 0.9540    
  27     -0.4733252E-06 0.9680E-09 -0.4729424E-06 0.1872E-09 0.9235    
  28     -0.4724674E-06 0.9546E-09 -0.4729248E-06 0.1837E-09 0.8981    
  29     -0.4715710E-06 0.9565E-09 -0.4728770E-06 0.1804E-09 0.9349    
  30     -0.4740456E-06 0.9623E-09 -0.4729168E-06 0.1773E-09 0.9519    
   
   
 Integral=  -4.7291679807370696E-007 +-   1.7728087873467045E-010
 with chisq    =  0.95185009560092260     
  
  
  
 For xq =          700 
  
 RM48 INITIALIZED:        40           0         0



 INPUT PARAMETERS FOR VEGAS:  NDIM=  6  NCALL=   48275138.
                              IT=    0  ITMX=   15
                              MDS=  1   ND=  50
   1     -0.2284723E-06 0.5653E-08 -0.2284723E-06 0.5653E-08  0.000    
   2     -0.2136250E-06 0.1977E-08 -0.2154482E-06 0.1918E-08  6.458    
   3     -0.2135229E-06 0.1640E-08 -0.2143696E-06 0.1257E-08  3.593    
   4     -0.2134680E-06 0.1431E-08 -0.2139873E-06 0.9485E-09  2.497    
   5     -0.2145089E-06 0.1384E-08 -0.2141510E-06 0.7836E-09  1.907    
   6     -0.2155169E-06 0.1377E-08 -0.2144821E-06 0.6814E-09  1.676    
   7     -0.2137602E-06 0.1364E-08 -0.2143409E-06 0.6100E-09  1.438    
   8     -0.2146641E-06 0.1366E-08 -0.2143940E-06 0.5571E-09  1.242    
   9     -0.2144130E-06 0.1359E-08 -0.2143967E-06 0.5156E-09  1.088    
  10     -0.2125729E-06 0.1335E-08 -0.2141661E-06 0.4812E-09  1.147    
  11     -0.2142180E-06 0.1350E-08 -0.2141719E-06 0.4533E-09  1.033    
  12     -0.2157647E-06 0.1397E-08 -0.2143241E-06 0.4312E-09  1.046    
  13     -0.2131035E-06 0.1354E-08 -0.2142138E-06 0.4109E-09  1.021    
  14     -0.2135699E-06 0.1341E-08 -0.2141594E-06 0.3929E-09 0.9595    
  15     -0.2146423E-06 0.1374E-08 -0.2141957E-06 0.3778E-09 0.8993    



 INPUT PARAMETERS FOR VEGAS:  NDIM=  6  NCALL=  488281250.
                              IT=    0  ITMX=   30
                              MDS= -1   ND=  25
   1     -0.2141823E-06 0.4515E-09 -0.2141823E-06 0.4515E-09  0.000    
   2     -0.2151403E-06 0.4699E-09 -0.2146444E-06 0.3256E-09  2.162    
   3     -0.2143934E-06 0.4652E-09 -0.2145620E-06 0.2668E-09  1.179    
   4     -0.2156483E-06 0.4722E-09 -0.2148268E-06 0.2323E-09  2.128    
   5     -0.2155954E-06 0.4499E-09 -0.2149894E-06 0.2064E-09  2.173    
   6     -0.2146305E-06 0.4619E-09 -0.2149299E-06 0.1884E-09  1.840    
   7     -0.2149507E-06 0.4528E-09 -0.2149330E-06 0.1740E-09  1.533    
   8     -0.2154204E-06 0.4549E-09 -0.2149954E-06 0.1625E-09  1.457    
   9     -0.2144275E-06 0.4604E-09 -0.2149328E-06 0.1532E-09  1.444    
  10     -0.2147431E-06 0.4539E-09 -0.2149134E-06 0.1452E-09  1.301    
  11     -0.2153795E-06 0.4623E-09 -0.2149554E-06 0.1385E-09  1.263    
  12     -0.2148111E-06 0.4546E-09 -0.2149432E-06 0.1325E-09  1.157    
  13     -0.2147639E-06 0.4690E-09 -0.2149299E-06 0.1275E-09  1.072    
  14     -0.2152616E-06 0.4522E-09 -0.2149544E-06 0.1227E-09  1.028    
  15     -0.2144173E-06 0.4474E-09 -0.2149170E-06 0.1183E-09  1.050    
  16     -0.2140281E-06 0.4530E-09 -0.2148607E-06 0.1145E-09  1.219    
  17     -0.2145043E-06 0.4529E-09 -0.2148393E-06 0.1110E-09  1.179    
  18     -0.2145989E-06 0.4536E-09 -0.2148258E-06 0.1078E-09  1.126    
  19     -0.2150675E-06 0.4513E-09 -0.2148388E-06 0.1049E-09  1.078    
  20     -0.2148104E-06 0.4543E-09 -0.2148374E-06 0.1022E-09  1.022    
  21     -0.2148560E-06 0.4695E-09 -0.2148382E-06 0.9985E-10 0.9707    
  22     -0.2149602E-06 0.4682E-09 -0.2148436E-06 0.9765E-10 0.9275    
  23     -0.2145039E-06 0.4470E-09 -0.2148281E-06 0.9540E-10 0.9104    
  24     -0.2152170E-06 0.4539E-09 -0.2148446E-06 0.9336E-10 0.9013    
  25     -0.2153705E-06 0.4553E-09 -0.2148660E-06 0.9146E-10 0.9172    
  26     -0.2146887E-06 0.4589E-09 -0.2148592E-06 0.8970E-10 0.8863    
  27     -0.2157721E-06 0.4554E-09 -0.2148936E-06 0.8801E-10  1.002    
  28     -0.2145377E-06 0.4520E-09 -0.2148806E-06 0.8638E-10 0.9870    
  29     -0.2152187E-06 0.4514E-09 -0.2148926E-06 0.8484E-10 0.9710    
  30     -0.2154135E-06 0.4505E-09 -0.2149105E-06 0.8338E-10 0.9821    
   
   
 Integral=  -2.1491052182193093E-007 +-   8.3378196943964317E-011
 with chisq    =  0.98207504162620007     
  
  
  
 For xq =          800 
  
 RM48 INITIALIZED:        40           0         0



 INPUT PARAMETERS FOR VEGAS:  NDIM=  6  NCALL=   48275138.
                              IT=    0  ITMX=   15
                              MDS=  1   ND=  50
   1     -0.1128974E-06 0.4761E-08 -0.1128974E-06 0.4761E-08  0.000    
   2     -0.1060872E-06 0.1482E-08 -0.1067603E-06 0.1452E-08  1.958    
   3     -0.1078375E-06 0.8757E-09 -0.1075437E-06 0.7547E-09  1.191    
   4     -0.1058020E-06 0.7346E-09 -0.1066750E-06 0.5305E-09  1.704    
   5     -0.1053087E-06 0.6998E-09 -0.1061934E-06 0.4246E-09  1.882    
   6     -0.1066918E-06 0.7143E-09 -0.1063219E-06 0.3653E-09  1.581    
   7     -0.1062242E-06 0.7040E-09 -0.1063015E-06 0.3245E-09  1.325    
   8     -0.1060922E-06 0.6940E-09 -0.1062647E-06 0.2941E-09  1.149    
   9     -0.1065774E-06 0.7059E-09 -0.1063105E-06 0.2716E-09  1.027    
  10     -0.1061642E-06 0.6868E-09 -0.1062910E-06 0.2526E-09 0.9191    
  11     -0.1069249E-06 0.6813E-09 -0.1063675E-06 0.2369E-09 0.9033    
  12     -0.1072023E-06 0.7306E-09 -0.1064472E-06 0.2253E-09 0.9287    
  13     -0.1056157E-06 0.7029E-09 -0.1063716E-06 0.2146E-09 0.9565    
  14     -0.1069929E-06 0.6998E-09 -0.1064251E-06 0.2052E-09 0.9383    
  15     -0.1061728E-06 0.6841E-09 -0.1064045E-06 0.1965E-09 0.8809    



 INPUT PARAMETERS FOR VEGAS:  NDIM=  6  NCALL=  488281250.
                              IT=    0  ITMX=   30
                              MDS= -1   ND=  25
   1     -0.1060193E-06 0.2336E-09 -0.1060193E-06 0.2336E-09  0.000    
   2     -0.1064174E-06 0.2324E-09 -0.1062201E-06 0.1648E-09  1.460    
   3     -0.1059366E-06 0.2340E-09 -0.1061265E-06 0.1347E-09  1.221    
   4     -0.1063257E-06 0.2332E-09 -0.1061765E-06 0.1167E-09 0.9957    
   5     -0.1063614E-06 0.2328E-09 -0.1062137E-06 0.1043E-09 0.8726    
   6     -0.1063237E-06 0.2350E-09 -0.1062318E-06 0.9532E-10 0.7345    
   7     -0.1065715E-06 0.2380E-09 -0.1062790E-06 0.8849E-10 0.9054    
   8     -0.1064720E-06 0.2405E-09 -0.1063021E-06 0.8305E-10 0.8569    
   9     -0.1061940E-06 0.2350E-09 -0.1062901E-06 0.7830E-10 0.7735    
  10     -0.1064013E-06 0.2391E-09 -0.1063009E-06 0.7442E-10 0.7091    
  11     -0.1062099E-06 0.2369E-09 -0.1062928E-06 0.7100E-10 0.6517    
  12     -0.1060314E-06 0.2369E-09 -0.1062713E-06 0.6801E-10 0.6938    
  13     -0.1059782E-06 0.2328E-09 -0.1062484E-06 0.6528E-10 0.7575    
  14     -0.1061273E-06 0.2414E-09 -0.1062402E-06 0.6302E-10 0.7173    
  15     -0.1055562E-06 0.2320E-09 -0.1061937E-06 0.6081E-10  1.238    
  16     -0.1057624E-06 0.2310E-09 -0.1061660E-06 0.5881E-10  1.372    
  17     -0.1067714E-06 0.2390E-09 -0.1062009E-06 0.5711E-10  1.667    
  18     -0.1059723E-06 0.2326E-09 -0.1061880E-06 0.5546E-10  1.623    
  19     -0.1061564E-06 0.2342E-09 -0.1061863E-06 0.5397E-10  1.534    
  20     -0.1059367E-06 0.2409E-09 -0.1061744E-06 0.5266E-10  1.507    
  21     -0.1061384E-06 0.2314E-09 -0.1061727E-06 0.5135E-10  1.433    
  22     -0.1064771E-06 0.2367E-09 -0.1061864E-06 0.5018E-10  1.440    
  23     -0.1057467E-06 0.2332E-09 -0.1061671E-06 0.4906E-10  1.528    
  24     -0.1060012E-06 0.2344E-09 -0.1061602E-06 0.4802E-10  1.483    
  25     -0.1061212E-06 0.2427E-09 -0.1061587E-06 0.4711E-10  1.422    
  26     -0.1063913E-06 0.2361E-09 -0.1061676E-06 0.4620E-10  1.403    
  27     -0.1062440E-06 0.2415E-09 -0.1061703E-06 0.4537E-10  1.352    
  28     -0.1061233E-06 0.2488E-09 -0.1061688E-06 0.4464E-10  1.303    
  29     -0.1061644E-06 0.2407E-09 -0.1061687E-06 0.4389E-10  1.257    
  30     -0.1062620E-06 0.2442E-09 -0.1061716E-06 0.4320E-10  1.218    
   
   
 Integral=  -1.0617160720380201E-007 +-   4.3195516592450678E-011
 with chisq    =   1.2184285424937586     
  
  
  
 For xq =          900 
  
 RM48 INITIALIZED:        40           0         0



 INPUT PARAMETERS FOR VEGAS:  NDIM=  6  NCALL=   48275138.
                              IT=    0  ITMX=   15
                              MDS=  1   ND=  50
   1     -0.5585374E-07 0.1464E-08 -0.5585374E-07 0.1464E-08  0.000    
   2     -0.5518642E-07 0.6024E-09 -0.5528504E-07 0.5595E-09 0.1792    
   3     -0.5589328E-07 0.4363E-09 -0.5566520E-07 0.3434E-09 0.4568    
   4     -0.5642073E-07 0.4076E-09 -0.5598393E-07 0.2620E-09 0.9785    
   5     -0.5664677E-07 0.4066E-09 -0.5618235E-07 0.2200E-09  1.206    
   6     -0.5648311E-07 0.3795E-09 -0.5625894E-07 0.1902E-09  1.057    
   7     -0.5551714E-07 0.3706E-09 -0.5610679E-07 0.1693E-09  1.405    
   8     -0.5585270E-07 0.3709E-09 -0.5606318E-07 0.1540E-09  1.260    
   9     -0.5657298E-07 0.3775E-09 -0.5613726E-07 0.1426E-09  1.299    
  10     -0.5627921E-07 0.3734E-09 -0.5615545E-07 0.1332E-09  1.167    
  11     -0.5655152E-07 0.3738E-09 -0.5620074E-07 0.1254E-09  1.150    
  12     -0.5537695E-07 0.3691E-09 -0.5611747E-07 0.1188E-09  1.445    
  13     -0.5539420E-07 0.3805E-09 -0.5605461E-07 0.1134E-09  1.596    
  14     -0.5536097E-07 0.3748E-09 -0.5599763E-07 0.1086E-09  1.712    
  15     -0.5590123E-07 0.3713E-09 -0.5599005E-07 0.1042E-09  1.595    



 INPUT PARAMETERS FOR VEGAS:  NDIM=  6  NCALL=  488281250.
                              IT=    0  ITMX=   30
                              MDS= -1   ND=  25
   1     -0.5597188E-07 0.1265E-09 -0.5597188E-07 0.1265E-09  0.000    
   2     -0.5568953E-07 0.1275E-09 -0.5583246E-07 0.8979E-10  2.472    
   3     -0.5575435E-07 0.1260E-09 -0.5580621E-07 0.7313E-10  1.364    
   4     -0.5595921E-07 0.1275E-09 -0.5584422E-07 0.6344E-10  1.270    
   5     -0.5625017E-07 0.1331E-09 -0.5592025E-07 0.5727E-10  2.861    
   6     -0.5614255E-07 0.1606E-09 -0.5594551E-07 0.5396E-10  2.628    
   7     -0.5579864E-07 0.1269E-09 -0.5592313E-07 0.4966E-10  2.380    
   8     -0.5595283E-07 0.1301E-09 -0.5592691E-07 0.4639E-10  2.046    
   9     -0.5607260E-07 0.1296E-09 -0.5594352E-07 0.4368E-10  1.930    
  10     -0.5602880E-07 0.1301E-09 -0.5595218E-07 0.4141E-10  1.758    
  11     -0.5605732E-07 0.1287E-09 -0.5596207E-07 0.3942E-10  1.643    
  12     -0.5608895E-07 0.1267E-09 -0.5597332E-07 0.3764E-10  1.576    
  13     -0.5598240E-07 0.1290E-09 -0.5597403E-07 0.3613E-10  1.445    
  14     -0.5620230E-07 0.1279E-09 -0.5599103E-07 0.3477E-10  1.562    
  15     -0.5585143E-07 0.1265E-09 -0.5598127E-07 0.3353E-10  1.531    
  16     -0.5591612E-07 0.1496E-09 -0.5597816E-07 0.3271E-10  1.441    
  17     -0.5584014E-07 0.1315E-09 -0.5597015E-07 0.3175E-10  1.416    
  18     -0.5575700E-07 0.1275E-09 -0.5595780E-07 0.3081E-10  1.487    
  19     -0.5605799E-07 0.1285E-09 -0.5596326E-07 0.2996E-10  1.437    
  20     -0.5589541E-07 0.1270E-09 -0.5595970E-07 0.2916E-10  1.375    
  21     -0.5601595E-07 0.1500E-09 -0.5596175E-07 0.2862E-10  1.313    
  22     -0.5630610E-07 0.1293E-09 -0.5597801E-07 0.2795E-10  1.575    
  23     -0.5582894E-07 0.1269E-09 -0.5597115E-07 0.2729E-10  1.564    
  24     -0.5603042E-07 0.1270E-09 -0.5597377E-07 0.2668E-10  1.505    
  25     -0.5593069E-07 0.1324E-09 -0.5597210E-07 0.2616E-10  1.446    
  26     -0.5595296E-07 0.1281E-09 -0.5597133E-07 0.2563E-10  1.389    
  27     -0.5587701E-07 0.1308E-09 -0.5596785E-07 0.2515E-10  1.355    
  28     -0.5568278E-07 0.1309E-09 -0.5595780E-07 0.2470E-10  1.473    
  29     -0.5573389E-07 0.1298E-09 -0.5595004E-07 0.2426E-10  1.523    
  30     -0.5598422E-07 0.1274E-09 -0.5595124E-07 0.2383E-10  1.473    
   
   
 Integral=  -5.5951235965194376E-008 +-   2.3834009654225438E-011
 with chisq    =   1.4727733342739580     
  
  
  
 For xq =         1000 
  
 RM48 INITIALIZED:        40           0         0



 INPUT PARAMETERS FOR VEGAS:  NDIM=  6  NCALL=   48275138.
                              IT=    0  ITMX=   15
                              MDS=  1   ND=  50
   1     -0.3150717E-07 0.9810E-09 -0.3150717E-07 0.9810E-09  0.000    
   2     -0.2970229E-07 0.5526E-09 -0.3017716E-07 0.4890E-09  2.641    
   3     -0.3100343E-07 0.3552E-09 -0.3072268E-07 0.2863E-09  2.244    
   4     -0.3102001E-07 0.2417E-09 -0.3089752E-07 0.1841E-09  1.700    
   5     -0.3109585E-07 0.2378E-09 -0.3097269E-07 0.1454E-09  1.380    
   6     -0.3083280E-07 0.2171E-09 -0.3092946E-07 0.1208E-09  1.162    
   7     -0.3112441E-07 0.2159E-09 -0.3097655E-07 0.1053E-09  1.070    
   8     -0.3063452E-07 0.2142E-09 -0.3091086E-07 0.9458E-10  1.209    
   9     -0.3100755E-07 0.2146E-09 -0.3092671E-07 0.8653E-10  1.078    
  10     -0.3105569E-07 0.2115E-09 -0.3094537E-07 0.8007E-10 0.9932    
  11     -0.3108731E-07 0.2121E-09 -0.3096327E-07 0.7489E-10 0.9325    
  12     -0.3117047E-07 0.2151E-09 -0.3098599E-07 0.7071E-10 0.9228    
  13     -0.3127620E-07 0.2150E-09 -0.3101489E-07 0.6716E-10 0.9840    
  14     -0.3100672E-07 0.2150E-09 -0.3101416E-07 0.6410E-10 0.9083    
  15     -0.3064516E-07 0.2106E-09 -0.3098346E-07 0.6133E-10  1.042    



 INPUT PARAMETERS FOR VEGAS:  NDIM=  6  NCALL=  488281250.
                              IT=    0  ITMX=   30
                              MDS= -1   ND=  25
   1     -0.3101435E-07 0.7372E-10 -0.3101435E-07 0.7372E-10  0.000    
   2     -0.3083848E-07 0.7220E-10 -0.3092508E-07 0.5158E-10  2.905    
   3     -0.3090319E-07 0.7251E-10 -0.3091773E-07 0.4203E-10  1.484    
   4     -0.3094219E-07 0.7664E-10 -0.3092339E-07 0.3686E-10  1.015    
   5     -0.3100726E-07 0.7218E-10 -0.3094081E-07 0.3282E-10  1.029    
   6     -0.3106568E-07 0.7267E-10 -0.3096211E-07 0.2991E-10  1.315    
   7     -0.3111329E-07 0.7304E-10 -0.3098401E-07 0.2768E-10  1.710    
   8     -0.3099838E-07 0.7219E-10 -0.3098585E-07 0.2585E-10  1.471    
   9     -0.3090447E-07 0.7155E-10 -0.3097650E-07 0.2431E-10  1.430    
  10     -0.3108610E-07 0.7591E-10 -0.3098676E-07 0.2315E-10  1.481    
  11     -0.3113089E-07 0.7344E-10 -0.3099990E-07 0.2208E-10  1.685    
  12     -0.3107212E-07 0.7207E-10 -0.3100612E-07 0.2111E-10  1.615    
  13     -0.3097864E-07 0.7322E-10 -0.3100402E-07 0.2029E-10  1.492    
  14     -0.3098885E-07 0.7153E-10 -0.3100289E-07 0.1952E-10  1.380    
  15     -0.3090606E-07 0.8942E-10 -0.3099851E-07 0.1907E-10  1.362    
  16     -0.3086669E-07 0.7181E-10 -0.3098990E-07 0.1843E-10  1.480    
  17     -0.3103984E-07 0.7621E-10 -0.3099267E-07 0.1791E-10  1.412    
  18     -0.3104715E-07 0.7233E-10 -0.3099583E-07 0.1739E-10  1.361    
  19     -0.3101478E-07 0.7415E-10 -0.3099682E-07 0.1693E-10  1.288    
  20     -0.3100113E-07 0.7312E-10 -0.3099704E-07 0.1649E-10  1.221    
  21     -0.3099165E-07 0.7215E-10 -0.3099677E-07 0.1608E-10  1.160    
  22     -0.3118476E-07 0.7197E-10 -0.3100581E-07 0.1569E-10  1.417    
  23     -0.3102456E-07 0.7236E-10 -0.3100665E-07 0.1533E-10  1.355    
  24     -0.3105789E-07 0.7298E-10 -0.3100882E-07 0.1501E-10  1.317    
  25     -0.3100039E-07 0.7203E-10 -0.3100847E-07 0.1469E-10  1.263    
  26     -0.3106155E-07 0.7299E-10 -0.3101054E-07 0.1440E-10  1.232    
  27     -0.3092960E-07 0.7308E-10 -0.3100753E-07 0.1413E-10  1.230    
  28     -0.3100826E-07 0.7193E-10 -0.3100756E-07 0.1386E-10  1.185    
  29     -0.3103191E-07 0.7316E-10 -0.3100841E-07 0.1362E-10  1.146    
  30     -0.3091232E-07 0.7280E-10 -0.3100518E-07 0.1339E-10  1.165    
   
   
 Integral=  -3.1005175008171299E-008 +-   1.3389945478588453E-011
 with chisq    =   1.1646679536876667     
  
  
  
 For xq =         1100 
  
 RM48 INITIALIZED:        40           0         0



 INPUT PARAMETERS FOR VEGAS:  NDIM=  6  NCALL=   48275138.
                              IT=    0  ITMX=   15
                              MDS=  1   ND=  50
   1     -0.1772239E-07 0.4619E-09 -0.1772239E-07 0.4619E-09  0.000    
   2     -0.1725660E-07 0.1910E-09 -0.1732778E-07 0.1782E-09 0.8846    
   3     -0.1809024E-07 0.1551E-09 -0.1777420E-07 0.1160E-09  5.670    
   4     -0.1800443E-07 0.1373E-09 -0.1787209E-07 0.8837E-10  4.300    
   5     -0.1760444E-07 0.1330E-09 -0.1779118E-07 0.7368E-10  3.933    
   6     -0.1775402E-07 0.1272E-09 -0.1778183E-07 0.6375E-10  3.158    
   7     -0.1782744E-07 0.1252E-09 -0.1779130E-07 0.5679E-10  2.646    
   8     -0.1775698E-07 0.1264E-09 -0.1778554E-07 0.5181E-10  2.276    
   9     -0.1800333E-07 0.1314E-09 -0.1781556E-07 0.4818E-10  2.289    
  10     -0.1785030E-07 0.1262E-09 -0.1782001E-07 0.4501E-10  2.041    
  11     -0.1795182E-07 0.1247E-09 -0.1783544E-07 0.4232E-10  1.934    
  12     -0.1785485E-07 0.1247E-09 -0.1783746E-07 0.4008E-10  1.759    
  13     -0.1771266E-07 0.1239E-09 -0.1782575E-07 0.3813E-10  1.690    
  14     -0.1789741E-07 0.1246E-09 -0.1783195E-07 0.3646E-10  1.582    
  15     -0.1815964E-07 0.2135E-09 -0.1784159E-07 0.3597E-10  1.634    



 INPUT PARAMETERS FOR VEGAS:  NDIM=  6  NCALL=  488281250.
                              IT=    0  ITMX=   30
                              MDS= -1   ND=  25
   1     -0.1793688E-07 0.6043E-10 -0.1793688E-07 0.6043E-10  0.000    
   2     -0.1777839E-07 0.6338E-10 -0.1786212E-07 0.4373E-10  3.273    
   3     -0.1808681E-07 0.6071E-10 -0.1794016E-07 0.3548E-10  6.169    
   4     -0.1783787E-07 0.6089E-10 -0.1791445E-07 0.3066E-10  4.822    
   5     -0.1801542E-07 0.6123E-10 -0.1793488E-07 0.2741E-10  4.156    
   6     -0.1787264E-07 0.6231E-10 -0.1792484E-07 0.2509E-10  3.495    
   7     -0.1778907E-07 0.6050E-10 -0.1790517E-07 0.2318E-10  3.627    
   8     -0.1796781E-07 0.6149E-10 -0.1791301E-07 0.2169E-10  3.237    
   9     -0.1788331E-07 0.6033E-10 -0.1790962E-07 0.2041E-10  2.860    
  10     -0.1787282E-07 0.6133E-10 -0.1790596E-07 0.1936E-10  2.579    
  11     -0.1789063E-07 0.6108E-10 -0.1790457E-07 0.1846E-10  2.327    
  12     -0.1788139E-07 0.6012E-10 -0.1790257E-07 0.1765E-10  2.128    
  13     -0.1774617E-07 0.5977E-10 -0.1789023E-07 0.1692E-10  2.471    
  14     -0.1793382E-07 0.6163E-10 -0.1789330E-07 0.1632E-10  2.316    
  15     -0.1788531E-07 0.6558E-10 -0.1789284E-07 0.1584E-10  2.152    
  16     -0.1783317E-07 0.7322E-10 -0.1789019E-07 0.1548E-10  2.051    
  17     -0.1790478E-07 0.6057E-10 -0.1789108E-07 0.1500E-10  1.926    
  18     -0.1796585E-07 0.6048E-10 -0.1789545E-07 0.1456E-10  1.897    
  19     -0.1785526E-07 0.6082E-10 -0.1789328E-07 0.1416E-10  1.815    
  20     -0.1781972E-07 0.6171E-10 -0.1788963E-07 0.1380E-10  1.791    
  21     -0.1791266E-07 0.6025E-10 -0.1789078E-07 0.1345E-10  1.708    
  22     -0.1790759E-07 0.6181E-10 -0.1789154E-07 0.1314E-10  1.630    
  23     -0.1786813E-07 0.6621E-10 -0.1789066E-07 0.1289E-10  1.561    
  24     -0.1777240E-07 0.6041E-10 -0.1788557E-07 0.1261E-10  1.652    
  25     -0.1795813E-07 0.6185E-10 -0.1788849E-07 0.1235E-10  1.638    
  26     -0.1793125E-07 0.6108E-10 -0.1789018E-07 0.1211E-10  1.591    
  27     -0.1785558E-07 0.6136E-10 -0.1788889E-07 0.1188E-10  1.542    
  28     -0.1783347E-07 0.6718E-10 -0.1788722E-07 0.1170E-10  1.509    
  29     -0.1781691E-07 0.6074E-10 -0.1788472E-07 0.1149E-10  1.502    
  30     -0.1796455E-07 0.6062E-10 -0.1788751E-07 0.1129E-10  1.508    
   
   
 Integral=  -1.7887510084575257E-008 +-   1.1285052549265881E-011
 with chisq    =   1.5075405724654980     
  
  
  
 For xq =         1200 
  
 RM48 INITIALIZED:        40           0         0



 INPUT PARAMETERS FOR VEGAS:  NDIM=  6  NCALL=   48275138.
                              IT=    0  ITMX=   15
                              MDS=  1   ND=  50
   1     -0.1044122E-07 0.2567E-09 -0.1044122E-07 0.2567E-09  0.000    
   2     -0.1077663E-07 0.1099E-09 -0.1072735E-07 0.9997E-10  1.411    
   3     -0.1073946E-07 0.1160E-09 -0.1073259E-07 0.7564E-10 0.7027    
   4     -0.1068994E-07 0.9463E-10 -0.1071589E-07 0.5905E-10 0.5091    
   5     -0.1067250E-07 0.8088E-10 -0.1070079E-07 0.4769E-10 0.4287    
   6     -0.1056091E-07 0.7817E-10 -0.1066339E-07 0.4075E-10 0.8056    
   7     -0.1069029E-07 0.7719E-10 -0.1066929E-07 0.3603E-10 0.6865    
   8     -0.1059352E-07 0.7620E-10 -0.1065557E-07 0.3258E-10 0.7038    
   9     -0.1073671E-07 0.7604E-10 -0.1066834E-07 0.2994E-10 0.7364    
  10     -0.1075459E-07 0.7878E-10 -0.1067940E-07 0.2798E-10 0.7714    
  11     -0.1078470E-07 0.7768E-10 -0.1069172E-07 0.2632E-10 0.8584    
  12     -0.1061269E-07 0.7740E-10 -0.1068362E-07 0.2492E-10 0.8652    
  13     -0.1073995E-07 0.7672E-10 -0.1068906E-07 0.2370E-10 0.8334    
  14     -0.1066705E-07 0.7710E-10 -0.1068716E-07 0.2265E-10 0.7751    
  15     -0.1060149E-07 0.7679E-10 -0.1068039E-07 0.2173E-10 0.8013    



 INPUT PARAMETERS FOR VEGAS:  NDIM=  6  NCALL=  488281250.
                              IT=    0  ITMX=   30
                              MDS= -1   ND=  25
   1     -0.1063776E-07 0.2567E-10 -0.1063776E-07 0.2567E-10  0.000    
   2     -0.1068643E-07 0.2619E-10 -0.1066172E-07 0.1833E-10  1.762    
   3     -0.1064577E-07 0.2577E-10 -0.1065637E-07 0.1494E-10  1.009    
   4     -0.1064950E-07 0.2846E-10 -0.1065489E-07 0.1323E-10 0.6882    
   5     -0.1066031E-07 0.2665E-10 -0.1065596E-07 0.1185E-10 0.5243    
   6     -0.1064496E-07 0.2696E-10 -0.1065418E-07 0.1085E-10 0.4475    
   7     -0.1070395E-07 0.3929E-10 -0.1065774E-07 0.1046E-10 0.6226    
   8     -0.1068951E-07 0.2902E-10 -0.1066141E-07 0.9839E-11 0.6855    
   9     -0.1065686E-07 0.2695E-10 -0.1066087E-07 0.9243E-11 0.6030    
  10     -0.1064556E-07 0.2714E-10 -0.1065929E-07 0.8749E-11 0.5678    
  11     -0.1071123E-07 0.2604E-10 -0.1066460E-07 0.8293E-11 0.8708    
  12     -0.1069444E-07 0.2585E-10 -0.1066740E-07 0.7897E-11 0.9016    
  13     -0.1067127E-07 0.2724E-10 -0.1066770E-07 0.7584E-11 0.8280    
  14     -0.1068613E-07 0.2867E-10 -0.1066891E-07 0.7332E-11 0.7939    
  15     -0.1068621E-07 0.2580E-10 -0.1067020E-07 0.7053E-11 0.7669    
  16     -0.1066116E-07 0.2580E-10 -0.1066957E-07 0.6803E-11 0.7234    
  17     -0.1067803E-07 0.2670E-10 -0.1067009E-07 0.6593E-11 0.6841    
  18     -0.1067775E-07 0.2688E-10 -0.1067053E-07 0.6403E-11 0.6483    
  19     -0.1064313E-07 0.2718E-10 -0.1066909E-07 0.6232E-11 0.6657    
  20     -0.1065619E-07 0.2682E-10 -0.1066843E-07 0.6070E-11 0.6422    
  21     -0.1064899E-07 0.2584E-10 -0.1066742E-07 0.5910E-11 0.6370    
  22     -0.1067739E-07 0.2687E-10 -0.1066788E-07 0.5772E-11 0.6129    
  23     -0.1066986E-07 0.3239E-10 -0.1066794E-07 0.5682E-11 0.5852    
  24     -0.1067017E-07 0.2630E-10 -0.1066804E-07 0.5554E-11 0.5600    
  25     -0.1067598E-07 0.2598E-10 -0.1066839E-07 0.5431E-11 0.5404    
  26     -0.1063609E-07 0.2575E-10 -0.1066702E-07 0.5315E-11 0.5788    
  27     -0.1067530E-07 0.2593E-10 -0.1066736E-07 0.5206E-11 0.5603    
  28     -0.1066274E-07 0.2639E-10 -0.1066718E-07 0.5108E-11 0.5406    
  29     -0.1067412E-07 0.2653E-10 -0.1066743E-07 0.5016E-11 0.5236    
  30     -0.1066330E-07 0.2615E-10 -0.1066728E-07 0.4926E-11 0.5064    
   
   
 Integral=  -1.0667284489078342E-008 +-   4.9259529545470451E-012
 with chisq    =  0.50643247587532481     
  
  
  
 For xq =         1300 
  
 RM48 INITIALIZED:        40           0         0



 INPUT PARAMETERS FOR VEGAS:  NDIM=  6  NCALL=   48275138.
                              IT=    0  ITMX=   15
                              MDS=  1   ND=  50
   1     -0.6707252E-08 0.3056E-09 -0.6707252E-08 0.3056E-09  0.000    
   2     -0.6450554E-08 0.1181E-09 -0.6486261E-08 0.1118E-09 0.6311    
   3     -0.6512463E-08 0.6767E-10 -0.6505332E-08 0.5813E-10 0.3379    
   4     -0.6543626E-08 0.5511E-10 -0.6525460E-08 0.4002E-10 0.3016    
   5     -0.6643128E-08 0.4885E-10 -0.6573479E-08 0.3087E-10  1.102    
   6     -0.6496620E-08 0.7607E-10 -0.6562824E-08 0.2860E-10  1.058    
   7     -0.6617738E-08 0.6741E-10 -0.6571327E-08 0.2632E-10 0.9740    
   8     -0.6568085E-08 0.5198E-10 -0.6570665E-08 0.2348E-10 0.8353    
   9     -0.6666672E-08 0.4955E-10 -0.6588710E-08 0.2120E-10  1.120    
  10     -0.6594177E-08 0.4789E-10 -0.6589609E-08 0.1938E-10 0.9961    
  11     -0.6583050E-08 0.4781E-10 -0.6588682E-08 0.1796E-10 0.8980    
  12     -0.6488803E-08 0.4767E-10 -0.6576569E-08 0.1682E-10  1.160    
  13     -0.6457124E-08 0.4994E-10 -0.6564788E-08 0.1595E-10  1.482    
  14     -0.6652760E-08 0.4852E-10 -0.6573573E-08 0.1514E-10  1.599    
  15     -0.6460229E-08 0.4760E-10 -0.6563470E-08 0.1444E-10  1.845    



 INPUT PARAMETERS FOR VEGAS:  NDIM=  6  NCALL=  488281250.
                              IT=    0  ITMX=   30
                              MDS= -1   ND=  25
   1     -0.6522728E-08 0.1638E-10 -0.6522728E-08 0.1638E-10  0.000    
   2     -0.6570116E-08 0.1668E-10 -0.6546161E-08 0.1169E-10  4.107    
   3     -0.6542377E-08 0.1623E-10 -0.6544870E-08 0.9486E-11  2.072    
   4     -0.6546943E-08 0.1645E-10 -0.6545388E-08 0.8217E-11  1.385    
   5     -0.6558520E-08 0.1661E-10 -0.6547977E-08 0.7365E-11  1.164    
   6     -0.6567027E-08 0.1639E-10 -0.6551194E-08 0.6718E-11  1.156    
   7     -0.6579829E-08 0.1634E-10 -0.6555364E-08 0.6214E-11  1.403    
   8     -0.6540794E-08 0.1637E-10 -0.6553536E-08 0.5809E-11  1.301    
   9     -0.6545208E-08 0.1647E-10 -0.6552617E-08 0.5478E-11  1.167    
  10     -0.6559010E-08 0.1662E-10 -0.6553245E-08 0.5203E-11  1.052    
  11     -0.6564903E-08 0.1662E-10 -0.6554288E-08 0.4965E-11 0.9918    
  12     -0.6515158E-08 0.1734E-10 -0.6551356E-08 0.4773E-11  1.326    
  13     -0.6524556E-08 0.1665E-10 -0.6549336E-08 0.4588E-11  1.414    
  14     -0.6562105E-08 0.1664E-10 -0.6550242E-08 0.4423E-11  1.347    
  15     -0.6536900E-08 0.1635E-10 -0.6549336E-08 0.4270E-11  1.296    
  16     -0.6545704E-08 0.2161E-10 -0.6549200E-08 0.4189E-11  1.211    
  17     -0.6570315E-08 0.1630E-10 -0.6550516E-08 0.4057E-11  1.234    
  18     -0.6515723E-08 0.1637E-10 -0.6548522E-08 0.3938E-11  1.410    
  19     -0.6571851E-08 0.1763E-10 -0.6549638E-08 0.3843E-11  1.425    
  20     -0.6531656E-08 0.1701E-10 -0.6548769E-08 0.3749E-11  1.406    
  21     -0.6537303E-08 0.1636E-10 -0.6548199E-08 0.3654E-11  1.359    
  22     -0.6565625E-08 0.1689E-10 -0.6548983E-08 0.3571E-11  1.342    
  23     -0.6566798E-08 0.1698E-10 -0.6549741E-08 0.3495E-11  1.329    
  24     -0.6580498E-08 0.1830E-10 -0.6550834E-08 0.3433E-11  1.391    
  25     -0.6520584E-08 0.1630E-10 -0.6549559E-08 0.3359E-11  1.469    
  26     -0.6505372E-08 0.1622E-10 -0.6547766E-08 0.3290E-11  1.692    
  27     -0.6551596E-08 0.1637E-10 -0.6547915E-08 0.3225E-11  1.629    
  28     -0.6546435E-08 0.1719E-10 -0.6547864E-08 0.3170E-11  1.569    
  29     -0.6570760E-08 0.2080E-10 -0.6548388E-08 0.3134E-11  1.555    
  30     -0.6559839E-08 0.1677E-10 -0.6548775E-08 0.3080E-11  1.517    
   
   
 Integral=  -6.5487751587705918E-009 +-   3.0804620907969565E-012
 with chisq    =   1.5171855706136648     
  
  
  
 For xq =         1400 
  
 RM48 INITIALIZED:        40           0         0



 INPUT PARAMETERS FOR VEGAS:  NDIM=  6  NCALL=   48275138.
                              IT=    0  ITMX=   15
                              MDS=  1   ND=  50
   1     -0.4143073E-08 0.1110E-09 -0.4143073E-08 0.1110E-09  0.000    
   2     -0.4154555E-08 0.4466E-10 -0.4152963E-08 0.4139E-10 0.9196E-02
   3     -0.4104732E-08 0.3344E-10 -0.4124027E-08 0.2608E-10 0.4149    
   4     -0.4091153E-08 0.3300E-10 -0.4111550E-08 0.2049E-10 0.4801    
   5     -0.4153486E-08 0.3242E-10 -0.4123646E-08 0.1731E-10 0.6601    
   6     -0.4107630E-08 0.3456E-10 -0.4120460E-08 0.1548E-10 0.5631    
   7     -0.4080825E-08 0.3215E-10 -0.4113131E-08 0.1395E-10 0.6734    
   8     -0.4167354E-08 0.3108E-10 -0.4122402E-08 0.1272E-10 0.9432    
   9     -0.4142088E-08 0.3478E-10 -0.4124743E-08 0.1195E-10 0.8601    
  10     -0.4179739E-08 0.3285E-10 -0.4131314E-08 0.1123E-10  1.043    
  11     -0.4085048E-08 0.3089E-10 -0.4126024E-08 0.1055E-10  1.135    
  12     -0.4098460E-08 0.3072E-10 -0.4123152E-08 0.9984E-11  1.098    
  13     -0.4067453E-08 0.3028E-10 -0.4117829E-08 0.9484E-11  1.257    
  14     -0.4148836E-08 0.3087E-10 -0.4120537E-08 0.9065E-11  1.231    
  15     -0.4119441E-08 0.3055E-10 -0.4120448E-08 0.8691E-11  1.143    



 INPUT PARAMETERS FOR VEGAS:  NDIM=  6  NCALL=  488281250.
                              IT=    0  ITMX=   30
                              MDS= -1   ND=  25
   1     -0.4116750E-08 0.1081E-10 -0.4116750E-08 0.1081E-10  0.000    
   2     -0.4123038E-08 0.1052E-10 -0.4119983E-08 0.7540E-11 0.1737    
   3     -0.4109684E-08 0.1045E-10 -0.4116470E-08 0.6115E-11 0.4057    
   4     -0.4091392E-08 0.1041E-10 -0.4110092E-08 0.5273E-11  1.701    
   5     -0.4113473E-08 0.1067E-10 -0.4110756E-08 0.4727E-11  1.296    
   6     -0.4101998E-08 0.1062E-10 -0.4109312E-08 0.4319E-11  1.151    
   7     -0.4140248E-08 0.1634E-10 -0.4111360E-08 0.4178E-11  1.522    
   8     -0.4123170E-08 0.1033E-10 -0.4113028E-08 0.3873E-11  1.465    
   9     -0.4097264E-08 0.1027E-10 -0.4111081E-08 0.3624E-11  1.539    
  10     -0.4098067E-08 0.1193E-10 -0.4109990E-08 0.3467E-11  1.489    
  11     -0.4121551E-08 0.1054E-10 -0.4111124E-08 0.3294E-11  1.449    
  12     -0.4112349E-08 0.1072E-10 -0.4111230E-08 0.3148E-11  1.318    
  13     -0.4116535E-08 0.1040E-10 -0.4111676E-08 0.3013E-11  1.228    
  14     -0.4111108E-08 0.1037E-10 -0.4111632E-08 0.2894E-11  1.134    
  15     -0.4104548E-08 0.1033E-10 -0.4111118E-08 0.2787E-11  1.084    
  16     -0.4121920E-08 0.1083E-10 -0.4111792E-08 0.2699E-11  1.074    
  17     -0.4126620E-08 0.1079E-10 -0.4112671E-08 0.2618E-11  1.118    
  18     -0.4118301E-08 0.1059E-10 -0.4112996E-08 0.2541E-11  1.068    
  19     -0.4125205E-08 0.1053E-10 -0.4113672E-08 0.2470E-11  1.079    
  20     -0.4353411E-08 0.2399E-09 -0.4113700E-08 0.2478E-11  1.075    
  21     -0.4121272E-08 0.1051E-10 -0.4114098E-08 0.2412E-11  1.046    
  22     -0.4124921E-08 0.1052E-10 -0.4114637E-08 0.2351E-11  1.044    
  23     -0.4097581E-08 0.1083E-10 -0.4113880E-08 0.2297E-11  1.103    
  24     -0.4113662E-08 0.1043E-10 -0.4113870E-08 0.2244E-11  1.056    
  25     -0.4101988E-08 0.1113E-10 -0.4113411E-08 0.2199E-11  1.057    
  26     -0.4127533E-08 0.1036E-10 -0.4114021E-08 0.2151E-11  1.086    
  27     -0.4114014E-08 0.1045E-10 -0.4114021E-08 0.2107E-11  1.044    
  28     -0.4109055E-08 0.1057E-10 -0.4113832E-08 0.2067E-11  1.014    
  29     -0.4128582E-08 0.1047E-10 -0.4114387E-08 0.2027E-11  1.046    
  30     -0.4108184E-08 0.1055E-10 -0.4114167E-08 0.1991E-11  1.021    
   
   
 Integral=  -4.1141670486443610E-009 +-   1.9910413903930480E-012
 with chisq    =   1.0214912674543140     
  
  
  
 For xq =         1500 
  
 RM48 INITIALIZED:        40           0         0



 INPUT PARAMETERS FOR VEGAS:  NDIM=  6  NCALL=   48275138.
                              IT=    0  ITMX=   15
                              MDS=  1   ND=  50
   1     -0.2658291E-08 0.6523E-10 -0.2658291E-08 0.6523E-10  0.000    
   2     -0.2619481E-08 0.2718E-10 -0.2625366E-08 0.2522E-10 0.3048    
   3     -0.2596977E-08 0.3093E-10 -0.2614247E-08 0.1956E-10 0.4049    
   4     -0.2661636E-08 0.2619E-10 -0.2631520E-08 0.1565E-10 0.9759    
   5     -0.2680785E-08 0.2158E-10 -0.2648894E-08 0.1264E-10  1.594    
   6     -0.2636964E-08 0.1994E-10 -0.2645487E-08 0.1068E-10  1.327    
   7     -0.2617950E-08 0.1982E-10 -0.2639381E-08 0.9407E-11  1.356    
   8     -0.2618698E-08 0.1990E-10 -0.2635651E-08 0.8508E-11  1.289    
   9     -0.2626551E-08 0.2037E-10 -0.2634308E-08 0.7852E-11  1.150    
  10     -0.2610252E-08 0.2025E-10 -0.2631217E-08 0.7323E-11  1.158    
  11     -0.2642230E-08 0.2000E-10 -0.2632527E-08 0.6876E-11  1.069    
  12     -0.2660753E-08 0.2063E-10 -0.2635401E-08 0.6522E-11  1.126    
  13     -0.2646008E-08 0.2031E-10 -0.2636400E-08 0.6209E-11  1.052    
  14     -0.2640641E-08 0.2041E-10 -0.2636760E-08 0.5940E-11 0.9739    
  15     -0.2639802E-08 0.1980E-10 -0.2637012E-08 0.5690E-11 0.9057    



 INPUT PARAMETERS FOR VEGAS:  NDIM=  6  NCALL=  488281250.
                              IT=    0  ITMX=   30
                              MDS= -1   ND=  25
   1     -0.2631240E-08 0.7100E-11 -0.2631240E-08 0.7100E-11  0.000    
   2     -0.2646243E-08 0.6943E-11 -0.2638952E-08 0.4964E-11  2.282    
   3     -0.2625759E-08 0.6736E-11 -0.2634339E-08 0.3997E-11  2.384    
   4     -0.2630197E-08 0.7223E-11 -0.2633370E-08 0.3497E-11  1.674    
   5     -0.2635708E-08 0.6887E-11 -0.2633850E-08 0.3118E-11  1.278    
   6     -0.2626952E-08 0.7201E-11 -0.2632766E-08 0.2861E-11  1.177    
   7     -0.2635930E-08 0.6977E-11 -0.2633222E-08 0.2647E-11  1.010    
   8     -0.2643079E-08 0.6678E-11 -0.2634569E-08 0.2461E-11  1.135    
   9     -0.2641583E-08 0.6977E-11 -0.2635349E-08 0.2321E-11  1.106    
  10     -0.2632994E-08 0.6807E-11 -0.2635104E-08 0.2197E-11 0.9949    
  11     -0.2649953E-08 0.7254E-11 -0.2636364E-08 0.2102E-11  1.282    
  12     -0.2632597E-08 0.6821E-11 -0.2636038E-08 0.2009E-11  1.191    
  13     -0.2641742E-08 0.6870E-11 -0.2636490E-08 0.1928E-11  1.144    
  14     -0.2639363E-08 0.6881E-11 -0.2636699E-08 0.1857E-11  1.069    
  15     -0.2623722E-08 0.6747E-11 -0.2635794E-08 0.1790E-11  1.237    
  16     -0.2640869E-08 0.7334E-11 -0.2636080E-08 0.1739E-11  1.184    
  17     -0.2630745E-08 0.6770E-11 -0.2635751E-08 0.1685E-11  1.147    
  18     -0.2644238E-08 0.6986E-11 -0.2636220E-08 0.1638E-11  1.161    
  19     -0.2651559E-08 0.6813E-11 -0.2637067E-08 0.1592E-11  1.365    
  20     -0.2637679E-08 0.7047E-11 -0.2637097E-08 0.1553E-11  1.294    
  21     -0.2639738E-08 0.6712E-11 -0.2637232E-08 0.1513E-11  1.236    
  22     -0.2634802E-08 0.6734E-11 -0.2637115E-08 0.1476E-11  1.183    
  23     -0.2637430E-08 0.7228E-11 -0.2637128E-08 0.1446E-11  1.130    
  24     -0.2660505E-08 0.8184E-11 -0.2637848E-08 0.1425E-11  1.429    
  25     -0.2635129E-08 0.6866E-11 -0.2637736E-08 0.1395E-11  1.376    
  26     -0.2633081E-08 0.6765E-11 -0.2637547E-08 0.1366E-11  1.339    
  27     -0.2639524E-08 0.6936E-11 -0.2637621E-08 0.1340E-11  1.291    
  28     -0.2639348E-08 0.7221E-11 -0.2637678E-08 0.1318E-11  1.245    
  29     -0.2634256E-08 0.6796E-11 -0.2637555E-08 0.1294E-11  1.209    
  30     -0.2635750E-08 0.6818E-11 -0.2637492E-08 0.1271E-11  1.170    
   
   
 Integral=  -2.6374920286407879E-009 +-   1.2710410026638606E-012
 with chisq    =   1.1700794415982367     
  
  
  
 For xq =         1600 
  
 RM48 INITIALIZED:        40           0         0



 INPUT PARAMETERS FOR VEGAS:  NDIM=  6  NCALL=   48275138.
                              IT=    0  ITMX=   15
                              MDS=  1   ND=  50
   1     -0.1709834E-08 0.4086E-10 -0.1709834E-08 0.4086E-10  0.000    
   2     -0.1702594E-08 0.1714E-10 -0.1703685E-08 0.1583E-10 0.2677E-01
   3     -0.1733949E-08 0.1503E-10 -0.1719841E-08 0.1087E-10 0.9784    
   4     -0.1694591E-08 0.1396E-10 -0.1710458E-08 0.8588E-11  1.329    
   5     -0.1718114E-08 0.1337E-10 -0.1712710E-08 0.7222E-11  1.053    
   6     -0.1710047E-08 0.1336E-10 -0.1712109E-08 0.6354E-11 0.8491    
   7     -0.1743231E-08 0.1401E-10 -0.1717582E-08 0.5784E-11  1.403    
   8     -0.1731089E-08 0.1333E-10 -0.1719753E-08 0.5304E-11  1.325    
   9     -0.1707718E-08 0.1343E-10 -0.1718147E-08 0.4934E-11  1.247    
  10     -0.1719455E-08 0.1325E-10 -0.1718307E-08 0.4624E-11  1.109    
  11     -0.1736702E-08 0.1410E-10 -0.1720129E-08 0.4394E-11  1.153    
  12     -0.1722629E-08 0.1372E-10 -0.1720362E-08 0.4184E-11  1.050    
  13     -0.1705005E-08 0.1325E-10 -0.1718992E-08 0.3990E-11  1.064    
  14     -0.1733879E-08 0.1327E-10 -0.1720247E-08 0.3821E-11  1.071    
  15     -0.1731495E-08 0.1312E-10 -0.1721137E-08 0.3668E-11  1.043    



 INPUT PARAMETERS FOR VEGAS:  NDIM=  6  NCALL=  488281250.
                              IT=    0  ITMX=   30
                              MDS= -1   ND=  25
   1     -0.1723484E-08 0.4752E-11 -0.1723484E-08 0.4752E-11  0.000    
   2     -0.1714729E-08 0.4519E-11 -0.1718910E-08 0.3275E-11  1.783    
   3     -0.1713387E-08 0.4494E-11 -0.1717002E-08 0.2647E-11  1.385    
   4     -0.1725983E-08 0.4542E-11 -0.1719296E-08 0.2287E-11  1.899    
   5     -0.1713584E-08 0.4595E-11 -0.1718169E-08 0.2047E-11  1.734    
   6     -0.1717483E-08 0.4755E-11 -0.1718062E-08 0.1880E-11  1.391    
   7     -0.1728671E-08 0.5061E-11 -0.1719363E-08 0.1763E-11  1.807    
   8     -0.1721881E-08 0.4475E-11 -0.1719702E-08 0.1640E-11  1.587    
   9     -0.1720103E-08 0.4498E-11 -0.1719749E-08 0.1541E-11  1.390    
  10     -0.1724708E-08 0.4478E-11 -0.1720277E-08 0.1457E-11  1.357    
  11     -0.1724849E-08 0.4760E-11 -0.1720670E-08 0.1393E-11  1.306    
  12     -0.1725582E-08 0.4925E-11 -0.1721036E-08 0.1341E-11  1.270    
  13     -0.1720881E-08 0.4431E-11 -0.1721023E-08 0.1283E-11  1.165    
  14     -0.1728944E-08 0.4598E-11 -0.1721600E-08 0.1236E-11  1.288    
  15     -0.1722975E-08 0.4512E-11 -0.1721696E-08 0.1192E-11  1.202    
  16     -0.1716634E-08 0.4635E-11 -0.1721384E-08 0.1154E-11  1.196    
  17     -0.1717989E-08 0.4798E-11 -0.1721199E-08 0.1122E-11  1.151    
  18     -0.1718762E-08 0.4505E-11 -0.1721057E-08 0.1089E-11  1.100    
  19     -0.1716964E-08 0.4521E-11 -0.1720833E-08 0.1059E-11  1.082    
  20     -0.1726999E-08 0.4803E-11 -0.1721121E-08 0.1034E-11  1.108    
  21     -0.1720129E-08 0.4527E-11 -0.1721072E-08 0.1008E-11  1.055    
  22     -0.1723694E-08 0.4586E-11 -0.1721193E-08 0.9846E-12  1.019    
  23     -0.1730868E-08 0.6141E-11 -0.1721438E-08 0.9723E-12  1.084    
  24     -0.1721007E-08 0.5187E-11 -0.1721424E-08 0.9556E-12  1.037    
  25     -0.1720494E-08 0.4648E-11 -0.1721386E-08 0.9360E-12 0.9954    
  26     -0.1726684E-08 0.4463E-11 -0.1721610E-08 0.9161E-12  1.010    
  27     -0.1727254E-08 0.4517E-11 -0.1721835E-08 0.8978E-12  1.029    
  28     -0.1721840E-08 0.4431E-11 -0.1721835E-08 0.8799E-12 0.9905    
  29     -0.1722023E-08 0.4579E-11 -0.1721842E-08 0.8641E-12 0.9552    
  30     -0.1717062E-08 0.4526E-11 -0.1721675E-08 0.8488E-12 0.9593    
   
   
 Integral=  -1.7216745312352121E-009 +-   8.4879551990983224E-013
 with chisq    =  0.95931718206002325     
  
  
  
 For xq =         1700 
  
 RM48 INITIALIZED:        40           0         0



 INPUT PARAMETERS FOR VEGAS:  NDIM=  6  NCALL=   48275138.
                              IT=    0  ITMX=   15
                              MDS=  1   ND=  50
   1     -0.1148452E-08 0.2989E-10 -0.1148452E-08 0.2989E-10  0.000    
   2     -0.1130618E-08 0.1869E-10 -0.1135743E-08 0.1590E-10 0.2576    
   3     -0.1141394E-08 0.1276E-10 -0.1139185E-08 0.9948E-11 0.1671    
   4     -0.1154030E-08 0.9715E-11 -0.1146873E-08 0.6928E-11 0.4928    
   5     -0.1125400E-08 0.9088E-11 -0.1139140E-08 0.5524E-11  1.242    
   6     -0.1143845E-08 0.8910E-11 -0.1140453E-08 0.4693E-11  1.033    
   7     -0.1140836E-08 0.8750E-11 -0.1140538E-08 0.4136E-11 0.8612    
   8     -0.1132686E-08 0.8851E-11 -0.1139147E-08 0.3748E-11 0.8309    
   9     -0.1147668E-08 0.1034E-10 -0.1140148E-08 0.3524E-11 0.8017    
  10     -0.1131126E-08 0.9425E-11 -0.1139058E-08 0.3301E-11 0.8020    
  11     -0.1143055E-08 0.8925E-11 -0.1139542E-08 0.3096E-11 0.7391    
  12     -0.1146080E-08 0.8827E-11 -0.1140265E-08 0.2921E-11 0.7161    
  13     -0.1145756E-08 0.8920E-11 -0.1140801E-08 0.2776E-11 0.6847    
  14     -0.1167979E-08 0.8891E-11 -0.1143320E-08 0.2649E-11  1.311    
  15     -0.1137010E-08 0.8804E-11 -0.1142801E-08 0.2537E-11  1.252    



 INPUT PARAMETERS FOR VEGAS:  NDIM=  6  NCALL=  488281250.
                              IT=    0  ITMX=   30
                              MDS= -1   ND=  25
   1     -0.1141160E-08 0.3058E-11 -0.1141160E-08 0.3058E-11  0.000    
   2     -0.1142861E-08 0.3059E-11 -0.1142011E-08 0.2162E-11 0.1545    
   3     -0.1143390E-08 0.3037E-11 -0.1142476E-08 0.1762E-11 0.1456    
   4     -0.1137743E-08 0.3014E-11 -0.1141278E-08 0.1521E-11 0.7075    
   5     -0.1137324E-08 0.2996E-11 -0.1140472E-08 0.1356E-11 0.8763    
   6     -0.1144592E-08 0.3818E-11 -0.1140937E-08 0.1278E-11 0.9080    
   7     -0.1138566E-08 0.3331E-11 -0.1140634E-08 0.1193E-11 0.8305    
   8     -0.1141319E-08 0.3081E-11 -0.1140723E-08 0.1113E-11 0.7180    
   9     -0.1130894E-08 0.3284E-11 -0.1139727E-08 0.1054E-11  1.620    
  10     -0.1139524E-08 0.3018E-11 -0.1139705E-08 0.9949E-12  1.441    
  11     -0.1140967E-08 0.3187E-11 -0.1139817E-08 0.9497E-12  1.311    
  12     -0.1140823E-08 0.3019E-11 -0.1139908E-08 0.9060E-12  1.200    
  13     -0.1137055E-08 0.3035E-11 -0.1139675E-08 0.8681E-12  1.168    
  14     -0.1139373E-08 0.3118E-11 -0.1139654E-08 0.8363E-12  1.079    
  15     -0.1134712E-08 0.3867E-11 -0.1139435E-08 0.8173E-12  1.113    
  16     -0.1133886E-08 0.4070E-11 -0.1139222E-08 0.8013E-12  1.158    
  17     -0.1143607E-08 0.3081E-11 -0.1139502E-08 0.7754E-12  1.204    
  18     -0.1138113E-08 0.3022E-11 -0.1139416E-08 0.7511E-12  1.145    
  19     -0.1147666E-08 0.3097E-11 -0.1139881E-08 0.7299E-12  1.458    
  20     -0.1137288E-08 0.2991E-11 -0.1139736E-08 0.7091E-12  1.419    
  21     -0.1142200E-08 0.3024E-11 -0.1139865E-08 0.6904E-12  1.379    
  22     -0.1140566E-08 0.3044E-11 -0.1139899E-08 0.6733E-12  1.316    
  23     -0.1146276E-08 0.3058E-11 -0.1140197E-08 0.6575E-12  1.446    
  24     -0.1145922E-08 0.3088E-11 -0.1140448E-08 0.6431E-12  1.527    
  25     -0.1143484E-08 0.3070E-11 -0.1140576E-08 0.6294E-12  1.502    
  26     -0.1142682E-08 0.3221E-11 -0.1140654E-08 0.6178E-12  1.458    
  27     -0.1137919E-08 0.3028E-11 -0.1140545E-08 0.6053E-12  1.432    
  28     -0.1141919E-08 0.3034E-11 -0.1140598E-08 0.5936E-12  1.386    
  29     -0.1139711E-08 0.3039E-11 -0.1140565E-08 0.5826E-12  1.340    
  30     -0.1143965E-08 0.3039E-11 -0.1140686E-08 0.5722E-12  1.335    
   
   
 Integral=  -1.1406864513060082E-009 +-   5.7217058908928044E-013
 with chisq    =   1.3351709079401801     
  
  
  
 For xq =         1800 
  
 RM48 INITIALIZED:        40           0         0



 INPUT PARAMETERS FOR VEGAS:  NDIM=  6  NCALL=   48275138.
                              IT=    0  ITMX=   15
                              MDS=  1   ND=  50
   1     -0.7716625E-09 0.2122E-10 -0.7716625E-09 0.2122E-10  0.000    
   2     -0.7564652E-09 0.7497E-11 -0.7582127E-09 0.7124E-11 0.4631    
   3     -0.7764466E-09 0.7566E-11 -0.7669272E-09 0.5175E-11  1.778    
   4     -0.7658619E-09 0.6551E-11 -0.7665194E-09 0.4063E-11  1.192    
   5     -0.7640286E-09 0.6246E-11 -0.7657838E-09 0.3407E-11 0.9238    
   6     -0.7734937E-09 0.6207E-11 -0.7675926E-09 0.2985E-11 0.9765    
   7     -0.7648904E-09 0.5998E-11 -0.7670597E-09 0.2673E-11 0.8417    
   8     -0.7655129E-09 0.6540E-11 -0.7668393E-09 0.2474E-11 0.7288    
   9     -0.7743694E-09 0.7167E-11 -0.7676545E-09 0.2339E-11 0.7614    
  10     -0.7785168E-09 0.6492E-11 -0.7689324E-09 0.2200E-11 0.9561    
  11     -0.7655418E-09 0.6081E-11 -0.7685432E-09 0.2069E-11 0.8885    
  12     -0.7634609E-09 0.5981E-11 -0.7680068E-09 0.1956E-11 0.8666    
  13     -0.7736912E-09 0.5970E-11 -0.7685645E-09 0.1858E-11 0.8626    
  14     -0.7587821E-09 0.5909E-11 -0.7677048E-09 0.1773E-11 0.9854    
  15     -0.7630031E-09 0.6108E-11 -0.7673439E-09 0.1703E-11 0.9544    



 INPUT PARAMETERS FOR VEGAS:  NDIM=  6  NCALL=  488281250.
                              IT=    0  ITMX=   30
                              MDS= -1   ND=  25
   1     -0.7675759E-09 0.2059E-11 -0.7675759E-09 0.2059E-11  0.000    
   2     -0.7663091E-09 0.2023E-11 -0.7669325E-09 0.1443E-11 0.1926    
   3     -0.7664227E-09 0.2017E-11 -0.7667601E-09 0.1174E-11 0.1174    
   4     -0.7702096E-09 0.2095E-11 -0.7675895E-09 0.1024E-11 0.7688    
   5     -0.7655465E-09 0.2082E-11 -0.7671932E-09 0.9189E-12 0.7705    
   6     -0.7658979E-09 0.2053E-11 -0.7669776E-09 0.8387E-12 0.6830    
   7     -0.7670154E-09 0.2062E-11 -0.7669829E-09 0.7769E-12 0.5692    
   8     -0.7682146E-09 0.3952E-11 -0.7670289E-09 0.7624E-12 0.5011    
   9     -0.7671123E-09 0.2073E-11 -0.7670388E-09 0.7155E-12 0.4386    
  10     -0.7652294E-09 0.2048E-11 -0.7668429E-09 0.6755E-12 0.4671    
  11     -0.7641880E-09 0.2084E-11 -0.7665921E-09 0.6426E-12 0.5666    
  12     -0.7635260E-09 0.2045E-11 -0.7663187E-09 0.6131E-12 0.7001    
  13     -0.7677343E-09 0.2123E-11 -0.7664280E-09 0.5890E-12 0.6759    
  14     -0.7690294E-09 0.2050E-11 -0.7666276E-09 0.5661E-12 0.7387    
  15     -0.7644920E-09 0.2088E-11 -0.7664821E-09 0.5464E-12 0.7554    
  16     -0.7633266E-09 0.2033E-11 -0.7662712E-09 0.5277E-12 0.8542    
  17     -0.7676165E-09 0.2060E-11 -0.7663543E-09 0.5112E-12 0.8257    
  18     -0.7681226E-09 0.2066E-11 -0.7664567E-09 0.4962E-12 0.8177    
  19     -0.7669582E-09 0.2048E-11 -0.7664845E-09 0.4822E-12 0.7754    
  20     -0.7668694E-09 0.2055E-11 -0.7665046E-09 0.4695E-12 0.7363    
  21     -0.7693789E-09 0.2058E-11 -0.7666478E-09 0.4577E-12 0.7926    
  22     -0.7642420E-09 0.2198E-11 -0.7665485E-09 0.4481E-12 0.8094    
  23     -0.7651210E-09 0.2307E-11 -0.7664968E-09 0.4399E-12 0.7895    
  24     -0.7674307E-09 0.2120E-11 -0.7665354E-09 0.4307E-12 0.7632    
  25     -0.7660428E-09 0.2135E-11 -0.7665162E-09 0.4222E-12 0.7336    
  26     -0.7682834E-09 0.2290E-11 -0.7665745E-09 0.4152E-12 0.7272    
  27     -0.7669314E-09 0.2063E-11 -0.7665884E-09 0.4070E-12 0.7003    
  28     -0.7671106E-09 0.2033E-11 -0.7666086E-09 0.3991E-12 0.6767    
  29     -0.7620288E-09 0.2410E-11 -0.7664877E-09 0.3937E-12 0.7770    
  30     -0.7678100E-09 0.2053E-11 -0.7665348E-09 0.3867E-12 0.7639    
   
   
 Integral=  -7.6653477314114216E-010 +-   3.8669067601045320E-013
 with chisq    =  0.76394333629203215     
  
  
  
 For xq =         1900 
  
 RM48 INITIALIZED:        40           0         0



 INPUT PARAMETERS FOR VEGAS:  NDIM=  6  NCALL=   48275138.
                              IT=    0  ITMX=   15
                              MDS=  1   ND=  50
   1     -0.4856548E-09 0.1696E-10 -0.4856548E-09 0.1696E-10  0.000    
   2     -0.5191377E-09 0.5843E-11 -0.5159870E-09 0.5385E-11  3.295    
   3     -0.5264838E-09 0.4402E-11 -0.5225103E-09 0.3367E-11  2.740    
   4     -0.5235121E-09 0.4486E-11 -0.5228827E-09 0.2685E-11  1.814    
   5     -0.5187180E-09 0.4685E-11 -0.5218384E-09 0.2329E-11  1.506    
   6     -0.5187727E-09 0.5052E-11 -0.5212946E-09 0.2115E-11  1.263    
   7     -0.5230514E-09 0.4658E-11 -0.5216021E-09 0.1925E-11  1.068    
   8     -0.5164050E-09 0.4186E-11 -0.5206957E-09 0.1749E-11  1.097    
   9     -0.5178829E-09 0.4287E-11 -0.5202928E-09 0.1619E-11  1.006    
  10     -0.5226335E-09 0.4122E-11 -0.5206118E-09 0.1506E-11 0.9238    
  11     -0.5179179E-09 0.4130E-11 -0.5202949E-09 0.1415E-11 0.8688    
  12     -0.5222205E-09 0.4116E-11 -0.5205019E-09 0.1338E-11 0.8067    
  13     -0.5234750E-09 0.4162E-11 -0.5207860E-09 0.1274E-11 0.7775    
  14     -0.5185037E-09 0.4185E-11 -0.5205923E-09 0.1218E-11 0.7386    
  15     -0.5187754E-09 0.4105E-11 -0.5204450E-09 0.1168E-11 0.6986    



 INPUT PARAMETERS FOR VEGAS:  NDIM=  6  NCALL=  488281250.
                              IT=    0  ITMX=   30
                              MDS= -1   ND=  25
   1     -0.5204740E-09 0.1450E-11 -0.5204740E-09 0.1450E-11  0.000    
   2     -0.5220706E-09 0.1437E-11 -0.5212821E-09 0.1021E-11 0.6118    
   3     -0.5207031E-09 0.1431E-11 -0.5210872E-09 0.8310E-12 0.3603    
   4     -0.5194899E-09 0.1406E-11 -0.5206756E-09 0.7154E-12 0.5585    
   5     -0.5225400E-09 0.1411E-11 -0.5210588E-09 0.6381E-12 0.7668    
   6     -0.5215929E-09 0.1425E-11 -0.5211481E-09 0.5824E-12 0.6366    
   7     -0.5182785E-09 0.1427E-11 -0.5207424E-09 0.5392E-12  1.104    
   8     -0.5191284E-09 0.1396E-11 -0.5205339E-09 0.5030E-12  1.113    
   9     -0.5205542E-09 0.1471E-11 -0.5205360E-09 0.4759E-12 0.9737    
  10     -0.5181402E-09 0.1520E-11 -0.5203238E-09 0.4542E-12  1.116    
  11     -0.5203656E-09 0.1428E-11 -0.5203276E-09 0.4328E-12  1.004    
  12     -0.5225201E-09 0.1508E-11 -0.5204959E-09 0.4160E-12  1.091    
  13     -0.5248646E-09 0.1444E-11 -0.5208357E-09 0.3998E-12  1.713    
  14     -0.5199568E-09 0.1459E-11 -0.5207745E-09 0.3855E-12  1.608    
  15     -0.5207057E-09 0.1407E-11 -0.5207697E-09 0.3718E-12  1.493    
  16     -0.5181605E-09 0.1430E-11 -0.5206060E-09 0.3599E-12  1.600    
  17     -0.5212190E-09 0.1455E-11 -0.5206414E-09 0.3493E-12  1.511    
  18     -0.5222283E-09 0.1404E-11 -0.5207344E-09 0.3390E-12  1.492    
  19     -0.5208273E-09 0.1416E-11 -0.5207394E-09 0.3297E-12  1.410    
  20     -0.5195862E-09 0.1428E-11 -0.5206813E-09 0.3212E-12  1.368    
  21     -0.5199641E-09 0.1404E-11 -0.5206457E-09 0.3132E-12  1.312    
  22     -0.5248017E-09 0.1420E-11 -0.5208413E-09 0.3058E-12  1.643    
  23     -0.5212448E-09 0.1425E-11 -0.5208591E-09 0.2990E-12  1.572    
  24     -0.5205392E-09 0.1399E-11 -0.5208452E-09 0.2924E-12  1.506    
  25     -0.5194257E-09 0.1453E-11 -0.5207902E-09 0.2867E-12  1.482    
  26     -0.5196153E-09 0.1409E-11 -0.5207437E-09 0.2809E-12  1.449    
  27     -0.5189151E-09 0.1443E-11 -0.5206774E-09 0.2757E-12  1.453    
  28     -0.5204704E-09 0.1486E-11 -0.5206705E-09 0.2711E-12  1.400    
  29     -0.5228305E-09 0.1503E-11 -0.5207391E-09 0.2668E-12  1.421    
  30     -0.5222921E-09 0.1399E-11 -0.5207939E-09 0.2621E-12  1.413    
   
   
 Integral=  -5.2079385563753346E-010 +-   2.6207495398124795E-013
 with chisq    =   1.4133395436474079     
  
  
  
 For xq =         2000 
  
 RM48 INITIALIZED:        40           0         0



 INPUT PARAMETERS FOR VEGAS:  NDIM=  6  NCALL=   48275138.
                              IT=    0  ITMX=   15
                              MDS=  1   ND=  50
   1     -0.3651802E-09 0.9449E-11 -0.3651802E-09 0.9449E-11  0.000    
   2     -0.3605209E-09 0.3451E-11 -0.3610817E-09 0.3257E-11 0.2166    
   3     -0.3543545E-09 0.3575E-11 -0.3581091E-09 0.2415E-11  1.067    
   4     -0.3587141E-09 0.3248E-11 -0.3583234E-09 0.1939E-11 0.7202    
   5     -0.3549506E-09 0.2885E-11 -0.3572936E-09 0.1611E-11 0.7753    
   6     -0.3523705E-09 0.2923E-11 -0.3561776E-09 0.1413E-11  1.050    
   7     -0.3567147E-09 0.2889E-11 -0.3562808E-09 0.1269E-11 0.8799    
   8     -0.3582954E-09 0.2885E-11 -0.3566088E-09 0.1162E-11 0.8124    
   9     -0.3537813E-09 0.3448E-11 -0.3563261E-09 0.1101E-11 0.7867    
  10     -0.3626580E-09 0.3180E-11 -0.3570223E-09 0.1040E-11  1.100    
  11     -0.3564528E-09 0.2884E-11 -0.3569572E-09 0.9786E-12 0.9942    
  12     -0.3526345E-09 0.2822E-11 -0.3565047E-09 0.9249E-12  1.092    
  13     -0.3605585E-09 0.3255E-11 -0.3568127E-09 0.8897E-12  1.121    
  14     -0.3566426E-09 0.3090E-11 -0.3567998E-09 0.8550E-12  1.035    
  15     -0.3578648E-09 0.2902E-11 -0.3568850E-09 0.8201E-12 0.9701    



 INPUT PARAMETERS FOR VEGAS:  NDIM=  6  NCALL=  488281250.
                              IT=    0  ITMX=   30
                              MDS= -1   ND=  25
   1     -0.3573784E-09 0.9877E-12 -0.3573784E-09 0.9877E-12  0.000    
   2     -0.3581539E-09 0.9806E-12 -0.3577698E-09 0.6959E-12 0.3104    
   3     -0.3566818E-09 0.9741E-12 -0.3574036E-09 0.5662E-12 0.5677    
   4     -0.3577012E-09 0.9875E-12 -0.3574773E-09 0.4912E-12 0.4011    
   5     -0.3569439E-09 0.9841E-12 -0.3573712E-09 0.4395E-12 0.3597    
   6     -0.3563426E-09 0.9752E-12 -0.3571984E-09 0.4007E-12 0.4723    
   7     -0.3600228E-09 0.1426E-11 -0.3574082E-09 0.3860E-12  1.006    
   8     -0.3566497E-09 0.1089E-11 -0.3573239E-09 0.3638E-12 0.9246    
   9     -0.3566165E-09 0.9903E-12 -0.3572402E-09 0.3415E-12 0.8654    
  10     -0.3583884E-09 0.9797E-12 -0.3573652E-09 0.3224E-12 0.9055    
  11     -0.3571268E-09 0.9896E-12 -0.3573423E-09 0.3066E-12 0.8204    
  12     -0.3575550E-09 0.1000E-11 -0.3573606E-09 0.2931E-12 0.7495    
  13     -0.3593035E-09 0.9966E-12 -0.3575168E-09 0.2812E-12 0.9806    
  14     -0.3578713E-09 0.1020E-11 -0.3575418E-09 0.2711E-12 0.9137    
  15     -0.3565313E-09 0.9828E-12 -0.3574708E-09 0.2613E-12 0.9186    
  16     -0.3585113E-09 0.9862E-12 -0.3575394E-09 0.2526E-12 0.9267    
  17     -0.3580771E-09 0.9901E-12 -0.3575723E-09 0.2448E-12 0.8860    
  18     -0.3568124E-09 0.1000E-11 -0.3575296E-09 0.2378E-12 0.8660    
  19     -0.3577631E-09 0.1038E-11 -0.3575412E-09 0.2318E-12 0.8205    
  20     -0.3577149E-09 0.9780E-12 -0.3575505E-09 0.2255E-12 0.7789    
  21     -0.3588907E-09 0.9855E-12 -0.3576176E-09 0.2198E-12 0.8281    
  22     -0.3572669E-09 0.1044E-11 -0.3576028E-09 0.2151E-12 0.7939    
  23     -0.3564426E-09 0.9858E-12 -0.3575504E-09 0.2102E-12 0.8178    
  24     -0.3557468E-09 0.9928E-12 -0.3574738E-09 0.2056E-12 0.9186    
  25     -0.3567455E-09 0.9806E-12 -0.3574432E-09 0.2012E-12 0.9024    
  26     -0.3579851E-09 0.9785E-12 -0.3574653E-09 0.1971E-12 0.8780    
  27     -0.3587981E-09 0.9856E-12 -0.3575169E-09 0.1933E-12 0.9121    
  28     -0.3567139E-09 0.1034E-11 -0.3574899E-09 0.1900E-12 0.8999    
  29     -0.3578915E-09 0.1026E-11 -0.3575033E-09 0.1868E-12 0.8730    
  30     -0.3577398E-09 0.9793E-12 -0.3575116E-09 0.1835E-12 0.8448    
   
   
 Integral=  -3.5751158710624603E-010 +-   1.8350648832816308E-013
 with chisq    =  0.84482316610866803     
  
  
    xq            Integral
    100     -0.144517697848017E-02
    200     -0.773181488279308E-04
    300     -0.128069745400575E-04
    400     -0.339365458522405E-05
    500     -0.116611863207815E-05
    600     -0.472916798073707E-06
    700     -0.214910521821931E-06
    800     -0.106171607203802E-06
    900     -0.559512359651944E-07
   1000     -0.310051750081713E-07
   1100     -0.178875100845753E-07
   1200     -0.106672844890783E-07
   1300     -0.654877515877059E-08
   1400     -0.411416704864436E-08
   1500     -0.263749202864079E-08
   1600     -0.172167453123521E-08
   1700     -0.114068645130601E-08
   1800     -0.766534773141142E-09
   1900     -0.520793855637533E-09
   2000     -0.357511587106246E-09

