   2500.0000000000000       -2.7471717478779114E-009   8.8881410039150982E-012
  
 Writing data in the file  ../summary/run_01_tmp/PK_Plus8.dat                                                                  
  
LHAPDF 6.5.4 loading /home/niraj/1TB-Disc/Workspace-IITG/Packages/Install/LHAPDF-6.5.4/install/share/LHAPDF/NNPDF30_nlo_as_0118/NNPDF30_nlo_as_0118_0000.dat
NNPDF30_nlo_as_0118 PDF set, member #0, version 2; LHAPDF ID = 260000
   
   
 ~~~~~~~~~~~~~~~~~~~~~~~~~~~~~~~~~~~~~~~~~~~~
     Calculating [+] distribution with delta 1d-5 usual Kbar
 ~~~~~~~~~~~~~~~~~~~~~~~~~~~~~~~~~~~~~~~~~~~~
   
 ~~~~~~~~~~~~~~~~~~~~~~~~~~~~~~~~~~~~~~~~
Using Vegas points:                   2.E+08
         Iteration:                   10
 ~~~~~~~~~~~~~~~~~~~~~~~~~~~~~~~~~~~~~~~~
  
 For xq =         2500 
  
 RM48 INITIALIZED:        40           0         0



 INPUT PARAMETERS FOR VEGAS:  NDIM=  4  NCALL=  192119202.
                              IT=    0  ITMX=   10
                              MDS= -1   ND=  33
   1     -0.2334376E-08 0.3025E-09 -0.2334376E-08 0.3025E-09  0.000    
   2     -0.2591342E-08 0.1399E-09 -0.2553335E-08 0.1229E-09 0.5510    
   3     -0.2694633E-08 0.1270E-09 -0.2627904E-08 0.8714E-10 0.5864    
   4     -0.2850962E-08 0.1251E-09 -0.2712317E-08 0.7086E-10  1.144    
   5     -0.2884625E-08 0.1241E-09 -0.2761012E-08 0.6125E-10  1.225    
   6     -0.2651775E-08 0.1235E-09 -0.2739798E-08 0.5489E-10  1.107    
   7     -0.2782809E-08 0.1243E-09 -0.2747295E-08 0.5017E-10 0.9296    
   8     -0.2661977E-08 0.1251E-09 -0.2735690E-08 0.4658E-10 0.8552    
   9     -0.2800125E-08 0.1261E-09 -0.2744013E-08 0.4367E-10 0.7718    
  10     -0.2753093E-08 0.1266E-09 -0.2745013E-08 0.4128E-10 0.6838    



 INPUT PARAMETERS FOR VEGAS:  NDIM=  4  NCALL= 1919025152.
                              IT=    0  ITMX=   20
                              MDS= -1   ND=  44
   1     -0.2695594E-08 0.3975E-10 -0.2695594E-08 0.3975E-10  0.000    
   2     -0.2754758E-08 0.3967E-10 -0.2725873E-08 0.2808E-10  1.109    
   3     -0.2772866E-08 0.3977E-10 -0.2741867E-08 0.2294E-10  1.019    
   4     -0.2814439E-08 0.3973E-10 -0.2760736E-08 0.1987E-10  1.526    
   5     -0.2748433E-08 0.3980E-10 -0.2758298E-08 0.1777E-10  1.166    
   6     -0.2656828E-08 0.3977E-10 -0.2742424E-08 0.1623E-10  1.976    
   7     -0.2697746E-08 0.3974E-10 -0.2736211E-08 0.1502E-10  1.830    
   8     -0.2742103E-08 0.3979E-10 -0.2736949E-08 0.1405E-10  1.571    
   9     -0.2757033E-08 0.3971E-10 -0.2739216E-08 0.1325E-10  1.401    
  10     -0.2760624E-08 0.3980E-10 -0.2741383E-08 0.1257E-10  1.272    
  11     -0.2734619E-08 0.3977E-10 -0.2740771E-08 0.1199E-10  1.148    
  12     -0.2738453E-08 0.3973E-10 -0.2740578E-08 0.1148E-10  1.044    
  13     -0.2751976E-08 0.3977E-10 -0.2741461E-08 0.1103E-10 0.9628    
  14     -0.2680397E-08 0.3975E-10 -0.2737275E-08 0.1062E-10  1.054    
  15     -0.2709525E-08 0.3978E-10 -0.2735462E-08 0.1026E-10  1.012    
  16     -0.2756678E-08 0.3972E-10 -0.2736810E-08 0.9938E-11 0.9614    
  17     -0.2752990E-08 0.3976E-10 -0.2737772E-08 0.9642E-11 0.9105    
  18     -0.2800455E-08 0.3973E-10 -0.2741412E-08 0.9370E-11 0.9987    
  19     -0.2824862E-08 0.3972E-10 -0.2746069E-08 0.9120E-11  1.185    
  20     -0.2767730E-08 0.3971E-10 -0.2747172E-08 0.8888E-11  1.137    
   
   
 Integral Plus:  -2.7471717478779114E-009 +-   8.8881410039150982E-012
 with chisq    =   1.1370216096329497     
  
  
  
    xq         Integral Plus                 error
   2500     -0.274717174787791E-08      0.888814100391510E-11
Thanks for using LHAPDF 6.5.4. Please make sure to cite the paper:
  Eur.Phys.J. C75 (2015) 3, 132  (http://arxiv.org/abs/1412.7420)
