LHAPDF 6.5.4 loading /home/niraj/1TB-Disc/Workspace-IITG/Packages/Install/LHAPDF-6.5.4/install/share/LHAPDF/MMHT2014lo68cl/MMHT2014lo68cl_0000.dat
MMHT2014lo68cl PDF set, member #0, version 3; LHAPDF ID = 25000
LHAPDF 6.5.4 loading /home/niraj/1TB-Disc/Workspace-IITG/Packages/Install/LHAPDF-6.5.4/install/share/LHAPDF/MMHT2014lo68cl/MMHT2014lo68cl_0001.dat
MMHT2014lo68cl PDF set, member #1, version 3; LHAPDF ID = 25001
   
   
 ____________________________________
 1. Calculating P and K terms for Leg 1
 ____________________________________
 ````````````````````````````````````
 For xq:   100.00000000000000     
 RM48 INITIALIZED:        40           0         0



 INPUT PARAMETERS FOR VEGAS:  NDIM=  4  NCALL=   48020000.
                              IT=    0  ITMX=   10
                              MDS= -1   ND=  35
   1      -2.100232      1.120      -2.100232      1.120      0.000    
   2      -3.705259      2.005      -2.891358      1.144     0.4921    
   3      -6.494191      2.954      -4.371390      1.307      1.030    
   4      -3.136056     0.3043      -3.259248     0.3856      1.095    
   5      -6.632366      2.521      -3.446133     0.4275      1.445    
   6      -28.32852      21.48      -3.787771      1.098      1.563    
   7      -6.576239     0.7045      -4.924395     0.8010      1.938    
   8      -7.797400     0.3916      -6.790951     0.4573      3.069    
   9      -11.63802      1.848      -7.086763     0.4446      3.519    
  10      -12.59560      1.098      -8.014692     0.4102      5.863    



 INPUT PARAMETERS FOR VEGAS:  NDIM=  4  NCALL=  457773282.
                              IT=    0  ITMX=   20
                              MDS= -1   ND=  41
   1      -14.28024     0.5165      -14.28024     0.5165      0.000    
   2      -13.95164     0.4106      -14.08254     0.3222     0.2492    
   3      -13.53374     0.3336      -13.82914     0.2332     0.8162    
   4      -14.30554     0.5522      -13.90461     0.2154     0.7541    
   5      -13.99808     0.3743      -13.92781     0.1867     0.5776    
   6      -13.21835     0.2852      -13.73198     0.1574      1.283    
   7      -13.56895     0.3674      -13.70767     0.1447      1.103    
   8      -14.03615     0.5199      -13.73190     0.1395     0.9960    
   9      -13.59001     0.4316      -13.71896     0.1327     0.8872    
  10      -13.71256     0.4179      -13.71838     0.1265     0.7900    
  11      -14.50249     0.4659      -13.77722     0.1222     0.9903    
  12      -14.31462     0.5190      -13.80712     0.1191     0.9930    
  13      -13.64571     0.3326      -13.78943     0.1122     0.9298    
  14      -14.31769     0.5878      -13.80907     0.1103     0.9178    
  15      -13.60287     0.3745      -13.79332     0.1058     0.8740    
  16      -14.85063     0.7561      -13.81642     0.1051     0.9527    
  17      -14.63521     0.8908      -13.82875     0.1046     0.9449    
  18      -13.64099     0.3400      -13.81327     0.1001     0.9075    
  19      -13.18828     0.3021      -13.75771     0.9526E-01  1.056    
  20      -14.20363     0.4369      -13.77866     0.9308E-01  1.053    
   
 Integral of PK1=  -13.778660771586477      +-   9.3080772155359828E-002
 with chisq    =   1.0525027437820362     
   
 For xq:   0.0000000000000000     
 RM48 INITIALIZED:        40           0         0



 INPUT PARAMETERS FOR VEGAS:  NDIM=  4  NCALL=   48020000.
                              IT=    0  ITMX=   10
                              MDS= -1   ND=  35
   1      -6993510.     0.6491E+07  -6993510.     0.6491E+07  0.000    
   2      -1589959.     0.2231E+06  -1710735.     0.7037E+06  1.288    
   3     -0.1177611E+08 0.3759E+07  -3310574.     0.1013E+07  6.860    
   4     -0.1732062E+08 0.4490E+07  -6030903.     0.1265E+07  8.767    
   5     -0.1746987E+08 0.1661E+07 -0.1279005E+08 0.9216E+06  14.38    
   6     -0.2522760E+08 0.2766E+07 -0.1661453E+08 0.9393E+06  15.13    
   7     -0.2827534E+08 0.2592E+07 -0.2017689E+08 0.9047E+06  15.32    
   8     -0.4930960E+08 0.9969E+07 -0.2189902E+08 0.1187E+07  11.97    
   9     -0.3974809E+08 0.2031E+07 -0.3047619E+08 0.9330E+06  20.22    
  10     -0.4586917E+08 0.1646E+07 -0.3807177E+08 0.7284E+06  27.34    



 INPUT PARAMETERS FOR VEGAS:  NDIM=  4  NCALL=  457773282.
                              IT=    0  ITMX=   20
                              MDS= -1   ND=  41
   1     -0.5344275E+08 0.1127E+07 -0.5344275E+08 0.1127E+07  0.000    
   2     -0.5678208E+08 0.2898E+07 -0.5392963E+08 0.1075E+07  1.203    
   3     -0.5202102E+08 0.5001E+06 -0.5239451E+08 0.4666E+06  1.941    
   4     -0.5316794E+08 0.7531E+06 -0.5260357E+08 0.3968E+06  1.555    
   5     -0.5537724E+08 0.1669E+07 -0.5275979E+08 0.3876E+06  1.834    
   6     -0.5297756E+08 0.6370E+06 -0.5281672E+08 0.3319E+06  1.495    
   7     -0.5388022E+08 0.9057E+06 -0.5294219E+08 0.3116E+06  1.448    
   8     -0.5556671E+08 0.1839E+07 -0.5301970E+08 0.3081E+06  1.529    
   9     -0.5477009E+08 0.9529E+06 -0.5318872E+08 0.2932E+06  1.723    
  10     -0.5494057E+08 0.1180E+07 -0.5329311E+08 0.2847E+06  1.763    
  11     -0.6302964E+08 0.8724E+07 -0.5330706E+08 0.2890E+06  1.701    
  12     -0.5359409E+08 0.1055E+07 -0.5332606E+08 0.2786E+06  1.560    
  13     -0.5599854E+08 0.1733E+07 -0.5339569E+08 0.2753E+06  1.625    
  14     -0.5300439E+08 0.7051E+06 -0.5334732E+08 0.2571E+06  1.527    
  15     -0.5576578E+08 0.1946E+07 -0.5338999E+08 0.2550E+06  1.527    
  16     -0.5540466E+08 0.1241E+07 -0.5347269E+08 0.2499E+06  1.594    
  17     -0.5513902E+08 0.1198E+07 -0.5354236E+08 0.2446E+06  1.611    
  18     -0.5475812E+08 0.8790E+06 -0.5362891E+08 0.2357E+06  1.620    
  19     -0.5597860E+08 0.1403E+07 -0.5369559E+08 0.2325E+06  1.684    
  20     -0.5429391E+08 0.9249E+06 -0.5373021E+08 0.2255E+06  1.618    
   
 Integral of PK1=  -53730209.067913942      +-   225527.35039652634     
 with chisq    =   1.6176471318185723     
   
 For xq:   100.00000000000000     
 RM48 INITIALIZED:        40           0         0



 INPUT PARAMETERS FOR VEGAS:  NDIM=  4  NCALL=   48020000.
                              IT=    0  ITMX=   10
                              MDS= -1   ND=  35
   1      -2.100232      1.120      -2.100232      1.120      0.000    
   2      -3.705259      2.005      -2.891358      1.144     0.4921    
   3      -6.494191      2.954      -4.371390      1.307      1.030    
   4      -3.136056     0.3043      -3.259248     0.3856      1.095    
   5      -6.632366      2.521      -3.446133     0.4275      1.445    
   6      -28.32852      21.48      -3.787771      1.098      1.563    
   7      -6.576239     0.7045      -4.924395     0.8010      1.938    
   8      -7.797400     0.3916      -6.790951     0.4573      3.069    
   9      -11.63802      1.848      -7.086763     0.4446      3.519    
  10      -12.59560      1.098      -8.014692     0.4102      5.863    



 INPUT PARAMETERS FOR VEGAS:  NDIM=  4  NCALL=  457773282.
                              IT=    0  ITMX=   20
                              MDS= -1   ND=  41
   1      -14.28024     0.5165      -14.28024     0.5165      0.000    
   2      -13.95164     0.4106      -14.08254     0.3222     0.2492    
   3      -13.53374     0.3336      -13.82914     0.2332     0.8162    
   4      -14.30554     0.5522      -13.90461     0.2154     0.7541    
   5      -13.99808     0.3743      -13.92781     0.1867     0.5776    
   6      -13.21835     0.2852      -13.73198     0.1574      1.283    
   7      -13.56895     0.3674      -13.70767     0.1447      1.103    
   8      -14.03615     0.5199      -13.73190     0.1395     0.9960    
   9      -13.59001     0.4316      -13.71896     0.1327     0.8872    
  10      -13.71256     0.4179      -13.71838     0.1265     0.7900    
  11      -14.50249     0.4659      -13.77722     0.1222     0.9903    
  12      -14.31462     0.5190      -13.80712     0.1191     0.9930    
  13      -13.64571     0.3326      -13.78943     0.1122     0.9298    
  14      -14.31769     0.5878      -13.80907     0.1103     0.9178    
  15      -13.60287     0.3745      -13.79332     0.1058     0.8740    
  16      -14.85063     0.7561      -13.81642     0.1051     0.9527    
  17      -14.63521     0.8908      -13.82875     0.1046     0.9449    
  18      -13.64099     0.3400      -13.81327     0.1001     0.9075    
  19      -13.18828     0.3021      -13.75771     0.9526E-01  1.056    
  20      -14.20363     0.4369      -13.77866     0.9308E-01  1.053    
   
 Integral of PK1=  -13.778660771586477      +-   9.3080772155359828E-002
 with chisq    =   1.0525027437820362     
   
 For xq:   200.00000000000000     
 RM48 INITIALIZED:        40           0         0



 INPUT PARAMETERS FOR VEGAS:  NDIM=  4  NCALL=   48020000.
                              IT=    0  ITMX=   10
                              MDS= -1   ND=  35
   1     -0.3267207E-01 0.7035E-02 -0.3267207E-01 0.7035E-02  0.000    
   2     -0.9863150E-01 0.1723E-01 -0.7245206E-01 0.9967E-02  10.48    
   3     -0.1543814     0.2767E-01 -0.1022858     0.1162E-01  8.205    
   4     -0.2113401     0.4516E-01 -0.1245290     0.1359E-01  6.671    
   5     -0.2696067     0.4182E-01 -0.1650234     0.1429E-01  8.450    
   6     -0.2999083     0.2451E-01 -0.2326584     0.1162E-01  11.84    
   7     -0.4185223     0.4396E-01 -0.2759290     0.1237E-01  13.39    
   8     -0.5433162     0.6918E-01 -0.3124948     0.1405E-01  13.79    
   9     -0.9282985     0.2332     -0.3333908     0.1935E-01  10.29    
  10     -0.6223368     0.4548E-01 -0.4161158     0.1732E-01  14.48    



 INPUT PARAMETERS FOR VEGAS:  NDIM=  4  NCALL=  457773282.
                              IT=    0  ITMX=   20
                              MDS= -1   ND=  41
   1     -0.7805864     0.4070E-01 -0.7805864     0.4070E-01  0.000    
   2     -0.7855482     0.2654E-01 -0.7840809     0.2220E-01 0.1040E-01
   3     -0.8771396     0.8871E-01 -0.7908615     0.2227E-01 0.5948    
   4     -0.7719847     0.3147E-01 -0.7850163     0.1826E-01 0.4833    
   5     -0.7379168     0.2350E-01 -0.7691619     0.1463E-01 0.9529    
   6     -0.8596558     0.5516E-01 -0.7760900     0.1427E-01  1.309    
   7     -0.7393304     0.2389E-01 -0.7675658     0.1237E-01  1.378    
   8     -0.7046157     0.1764E-01 -0.7500303     0.1036E-01  2.273    
   9     -0.8309914     0.6099E-01 -0.7525726     0.1027E-01  2.198    
  10     -0.7219493     0.2164E-01 -0.7477205     0.9342E-02  2.146    
  11     -0.9612569     0.7531E-01 -0.7525607     0.9446E-02  2.978    
  12     -0.8465599     0.6616E-01 -0.7546545     0.9386E-02  2.880    
  13     -0.7496104     0.2456E-01 -0.7540872     0.8797E-02  2.670    
  14     -0.7898553     0.3854E-01 -0.7558140     0.8574E-02  2.531    
  15     -0.6981632     0.1600E-01 -0.7454691     0.7705E-02  2.976    
  16     -0.8180030     0.5863E-01 -0.7467764     0.7650E-02  2.873    
  17     -0.7511444     0.3500E-01 -0.7469551     0.7468E-02  2.712    
  18     -0.8082849     0.5999E-01 -0.7479281     0.7417E-02  2.609    
  19     -0.8207971     0.5529E-01 -0.7493049     0.7360E-02  2.556    
  20     -0.9184328     0.1118     -0.7502782     0.7400E-02  2.539    
   
 Integral of PK1= -0.75027820110191956      +-   7.4002417698438129E-003
 with chisq    =   2.5389947847572447     
   
 For xq:   300.00000000000000     
 RM48 INITIALIZED:        40           0         0



 INPUT PARAMETERS FOR VEGAS:  NDIM=  4  NCALL=   48020000.
                              IT=    0  ITMX=   10
                              MDS= -1   ND=  35
   1     -0.6532045E-02 0.2237E-02 -0.6532045E-02 0.2237E-02  0.000    
   2     -0.2212501E-01 0.6111E-02 -0.1597856E-01 0.3507E-02  4.722    
   3     -0.2059825E-01 0.1796E-02 -0.1994540E-01 0.1443E-02  2.592    
   4     -0.4723681E-01 0.1612E-01 -0.2139532E-01 0.2220E-02  3.226    
   5     -0.5086008E-01 0.8689E-02 -0.2654665E-01 0.2428E-02  6.982    
   6     -0.8459314E-01 0.2080E-01 -0.3106336E-01 0.3185E-02  7.762    
   7     -0.7045351E-01 0.7412E-02 -0.4281365E-01 0.2905E-02  11.87    
   8     -0.1119280     0.2933E-01 -0.4598381E-01 0.3461E-02  9.330    
   9     -0.2103307     0.1130     -0.4775934E-01 0.5085E-02  5.138    
  10     -0.1326598     0.2264E-01 -0.5596366E-01 0.5097E-02  6.798    



 INPUT PARAMETERS FOR VEGAS:  NDIM=  4  NCALL=  457773282.
                              IT=    0  ITMX=   20
                              MDS= -1   ND=  41
   1     -0.1378090     0.9014E-02 -0.1378090     0.9014E-02  0.000    
   2     -0.1237286     0.3583E-02 -0.1260361     0.3468E-02  2.259    
   3     -0.1275374     0.4882E-02 -0.1265219     0.2827E-02  1.180    
   4     -0.1344680     0.6599E-02 -0.1278292     0.2608E-02  1.198    
   5     -0.1436467     0.1835E-01 -0.1282041     0.2628E-02  1.073    
   6     -0.1393282     0.7562E-02 -0.1294954     0.2489E-02  1.256    
   7     -0.1320225     0.9721E-02 -0.1296453     0.2407E-02  1.063    
   8     -0.1276115     0.5003E-02 -0.1292934     0.2176E-02 0.9400    
   9     -0.1329548     0.6454E-02 -0.1296647     0.2062E-02 0.8591    
  10     -0.1260437     0.4468E-02 -0.1290860     0.1880E-02 0.8272    
  11     -0.1481070     0.1092E-01 -0.1297635     0.1867E-02  1.085    
  12     -0.1390057     0.6967E-02 -0.1304250     0.1804E-02  1.139    
  13     -0.1468854     0.1916E-01 -0.1305972     0.1808E-02  1.100    
  14     -0.1316603     0.6686E-02 -0.1306658     0.1745E-02  1.021    
  15     -0.1256958     0.4214E-02 -0.1300247     0.1621E-02  1.033    
  16     -0.1388981     0.7732E-02 -0.1304212     0.1588E-02  1.049    
  17     -0.1205214     0.2953E-02 -0.1285652     0.1423E-02  1.456    
  18     -0.1480484     0.1256E-01 -0.1288653     0.1420E-02  1.522    
  19     -0.1224058     0.3276E-02 -0.1279999     0.1315E-02  1.606    
  20     -0.1355586     0.5866E-02 -0.1283682     0.1284E-02  1.605    
   
 Integral of PK1= -0.12836822280036864      +-   1.2835584738842142E-003
 with chisq    =   1.6049405735432547     
   
 For xq:   400.00000000000000     
 RM48 INITIALIZED:        40           0         0



 INPUT PARAMETERS FOR VEGAS:  NDIM=  4  NCALL=   48020000.
                              IT=    0  ITMX=   10
                              MDS= -1   ND=  35
   1     -0.2069587E-02 0.6698E-03 -0.2069587E-02 0.6698E-03  0.000    
   2     -0.4198807E-02 0.9220E-03 -0.3527599E-02 0.6014E-03  2.705    
   3     -0.6351682E-02 0.8105E-03 -0.5418966E-02 0.4757E-03  4.612    
   4     -0.9218504E-02 0.1144E-02 -0.6993319E-02 0.4848E-03  6.701    
   5     -0.1291787E-01 0.2123E-02 -0.8125831E-02 0.5696E-03  7.126    
   6     -0.1787904E-01 0.3317E-02 -0.9398661E-02 0.6888E-03  7.941    
   7     -0.1428210E-01 0.7644E-03 -0.1238017E-01 0.4575E-03  10.36    
   8     -0.2154830E-01 0.1714E-02 -0.1436587E-01 0.4723E-03  15.66    
   9     -0.3216953E-01 0.4520E-02 -0.1552163E-01 0.5768E-03  15.82    
  10     -0.2646378E-01 0.1421E-02 -0.1888981E-01 0.5190E-03  22.54    



 INPUT PARAMETERS FOR VEGAS:  NDIM=  4  NCALL=  457773282.
                              IT=    0  ITMX=   20
                              MDS= -1   ND=  41
   1     -0.3407217E-01 0.1218E-02 -0.3407217E-01 0.1218E-02  0.000    
   2     -0.3569894E-01 0.1185E-02 -0.3494511E-01 0.8489E-03 0.9133    
   3     -0.3527054E-01 0.1440E-02 -0.3503034E-01 0.7319E-03 0.4725    
   4     -0.4110746E-01 0.4235E-02 -0.3527059E-01 0.7504E-03  1.118    
   5     -0.3505234E-01 0.1659E-02 -0.3523616E-01 0.6828E-03 0.8563    
   6     -0.3683355E-01 0.2548E-02 -0.3534602E-01 0.6605E-03 0.7567    
   7     -0.4082644E-01 0.2813E-02 -0.3570128E-01 0.6503E-03  1.326    
   8     -0.3541555E-01 0.1598E-02 -0.3566378E-01 0.6028E-03  1.153    
   9     -0.3841085E-01 0.2940E-02 -0.3578363E-01 0.5923E-03  1.111    
  10     -0.3739619E-01 0.2046E-02 -0.3591053E-01 0.5691E-03  1.051    
  11     -0.5524988E-01 0.1154E-01 -0.3601433E-01 0.5982E-03  1.409    
  12     -0.4957594E-01 0.1036E-01 -0.3608665E-01 0.6116E-03  1.456    
  13     -0.3936000E-01 0.2710E-02 -0.3624002E-01 0.5963E-03  1.451    
  14     -0.3578196E-01 0.1872E-02 -0.3620565E-01 0.5693E-03  1.362    
  15     -0.3847721E-01 0.2258E-02 -0.3633351E-01 0.5519E-03  1.334    
  16     -0.3349028E-01 0.7227E-03 -0.3549781E-01 0.4596E-03  1.797    
  17     -0.4188515E-01 0.4889E-02 -0.3556135E-01 0.4592E-03  1.791    
  18     -0.3684207E-01 0.2767E-02 -0.3559140E-01 0.4521E-03  1.708    
  19     -0.4557905E-01 0.7956E-02 -0.3563460E-01 0.4552E-03  1.700    
  20     -0.3439022E-01 0.1182E-02 -0.3550971E-01 0.4291E-03  1.670    
   
 Integral of PK1=  -3.5509710476306196E-002 +-   4.2909824058488078E-004
 with chisq    =   1.6703858219799499     
   
 For xq:   500.00000000000000     
 RM48 INITIALIZED:        40           0         0



 INPUT PARAMETERS FOR VEGAS:  NDIM=  4  NCALL=   48020000.
                              IT=    0  ITMX=   10
                              MDS= -1   ND=  35
   1     -0.9600839E-03 0.4653E-03 -0.9600839E-03 0.4653E-03  0.000    
   2     -0.2254845E-02 0.4018E-03 -0.2100690E-02 0.2898E-03  2.094    
   3     -0.1956427E-02 0.1719E-03 -0.1987626E-02 0.1408E-03  1.048    
   4     -0.2657360E-02 0.1735E-03 -0.2380536E-02 0.1028E-03  3.976    
   5     -0.5588720E-02 0.8250E-03 -0.2710691E-02 0.1469E-03  12.31    
   6     -0.6144171E-02 0.9585E-03 -0.3000362E-02 0.1714E-03  12.82    
   7     -0.6214132E-02 0.6909E-03 -0.3458167E-02 0.1770E-03  15.31    
   8     -0.7526708E-02 0.5735E-03 -0.4405102E-02 0.1749E-03  24.11    
   9     -0.9793139E-02 0.1059E-02 -0.4963019E-02 0.1931E-03  24.55    
  10     -0.1527606E-01 0.4785E-02 -0.5088794E-02 0.2471E-03  15.50    



 INPUT PARAMETERS FOR VEGAS:  NDIM=  4  NCALL=  457773282.
                              IT=    0  ITMX=   20
                              MDS= -1   ND=  41
   1     -0.1201995E-01 0.3799E-03 -0.1201995E-01 0.3799E-03  0.000    
   2     -0.1603023E-01 0.1793E-02 -0.1231655E-01 0.4309E-03  5.932    
   3     -0.1198098E-01 0.2968E-03 -0.1211481E-01 0.2589E-03  3.478    
   4     -0.1263237E-01 0.7516E-03 -0.1216365E-01 0.2426E-03  2.521    
   5     -0.1430040E-01 0.1017E-02 -0.1229598E-01 0.2387E-03  2.996    
   6     -0.1190062E-01 0.3640E-03 -0.1219678E-01 0.2028E-03  2.631    
   7     -0.1457889E-01 0.1681E-02 -0.1223811E-01 0.2040E-03  2.515    
   8     -0.1247635E-01 0.5613E-03 -0.1226249E-01 0.1917E-03  2.214    
   9     -0.1320150E-01 0.6125E-03 -0.1234491E-01 0.1829E-03  2.204    
  10     -0.1261766E-01 0.5213E-03 -0.1237209E-01 0.1727E-03  2.004    
  11     -0.1263395E-01 0.5463E-03 -0.1239393E-01 0.1646E-03  1.838    
  12     -0.1289614E-01 0.9512E-03 -0.1240792E-01 0.1620E-03  1.701    
  13     -0.1339275E-01 0.6828E-03 -0.1246219E-01 0.1577E-03  1.724    
  14     -0.1352816E-01 0.6232E-03 -0.1252957E-01 0.1529E-03  1.806    
  15     -0.1212106E-01 0.5316E-03 -0.1250294E-01 0.1471E-03  1.729    
  16     -0.1299526E-01 0.7085E-03 -0.1252287E-01 0.1440E-03  1.646    
  17     -0.1290661E-01 0.5522E-03 -0.1254654E-01 0.1393E-03  1.573    
  18     -0.1345926E-01 0.1469E-02 -0.1255511E-01 0.1389E-03  1.500    
  19     -0.1288672E-01 0.9217E-03 -0.1256221E-01 0.1373E-03  1.426    
  20     -0.1299004E-01 0.6662E-03 -0.1257931E-01 0.1344E-03  1.373    
   
 Integral of PK1=  -1.2579305844084435E-002 +-   1.3442649933571122E-004
 with chisq    =   1.3730534673216612     
   
 For xq:   600.00000000000000     
 RM48 INITIALIZED:        40           0         0



 INPUT PARAMETERS FOR VEGAS:  NDIM=  4  NCALL=   48020000.
                              IT=    0  ITMX=   10
                              MDS= -1   ND=  35
   1     -0.5715813E-03 0.2474E-03 -0.5715813E-03 0.2474E-03  0.000    
   2     -0.1036937E-02 0.2323E-03 -0.9386003E-03 0.1666E-03  1.300    
   3     -0.4199543E-02 0.3061E-02 -0.1164837E-02 0.4836E-03  1.540    
   4     -0.1301972E-02 0.1645E-03 -0.1260508E-02 0.2403E-03  1.280    
   5     -0.4516628E-02 0.2365E-02 -0.1387675E-02 0.2968E-03  1.734    
   6     -0.1930183E-02 0.2038E-03 -0.1653441E-02 0.2021E-03  1.887    
   7     -0.2358935E-02 0.1275E-03 -0.2112954E-02 0.1171E-03  3.005    
   8     -0.3098961E-02 0.1639E-03 -0.2512312E-02 0.9220E-04  6.410    
   9     -0.4101811E-02 0.3120E-03 -0.2772547E-02 0.8995E-04  10.27    
  10     -0.4253402E-02 0.2887E-03 -0.3025183E-02 0.8638E-04  12.83    



 INPUT PARAMETERS FOR VEGAS:  NDIM=  4  NCALL=  457773282.
                              IT=    0  ITMX=   20
                              MDS= -1   ND=  41
   1     -0.7418247E-02 0.1013E-02 -0.7418247E-02 0.1013E-02  0.000    
   2     -0.5429712E-02 0.1955E-03 -0.5559050E-02 0.2263E-03  4.695    
   3     -0.7193556E-02 0.8213E-03 -0.5698116E-02 0.2244E-03  4.249    
   4     -0.5434015E-02 0.2197E-03 -0.5591391E-02 0.1655E-03  3.308    
   5     -0.5461226E-02 0.2364E-03 -0.5557461E-02 0.1383E-03  2.671    
   6     -0.6001190E-02 0.3273E-03 -0.5620058E-02 0.1273E-03  2.460    
   7     -0.6009564E-02 0.4858E-03 -0.5643564E-02 0.1228E-03  2.164    
   8     -0.5386880E-02 0.2716E-03 -0.5609089E-02 0.1125E-03  1.999    
   9     -0.6123064E-02 0.5233E-03 -0.5632035E-02 0.1101E-03  1.864    
  10     -0.5389040E-02 0.1983E-03 -0.5584875E-02 0.9771E-04  1.801    
  11     -0.6220832E-02 0.4654E-03 -0.5613403E-02 0.9578E-04  1.800    
  12     -0.6177255E-02 0.5060E-03 -0.5633738E-02 0.9421E-04  1.744    
  13     -0.5433236E-02 0.2029E-03 -0.5604090E-02 0.8631E-04  1.679    
  14     -0.5609701E-02 0.3431E-03 -0.5604383E-02 0.8364E-04  1.565    
  15     -0.6117726E-02 0.4777E-03 -0.5620325E-02 0.8245E-04  1.532    
  16     -0.5797274E-02 0.2274E-03 -0.5639719E-02 0.7765E-04  1.469    
  17     -0.5769308E-02 0.3311E-03 -0.5646031E-02 0.7558E-04  1.392    
  18     -0.5474734E-02 0.2038E-03 -0.5628257E-02 0.7124E-04  1.353    
  19     -0.5674837E-02 0.3954E-03 -0.5629597E-02 0.7004E-04  1.284    
  20     -0.5429850E-02 0.1737E-03 -0.5605613E-02 0.6544E-04  1.279    
   
 Integral of PK1=  -5.6056126927002889E-003 +-   6.5436894084873224E-005
 with chisq    =   1.2785091168701912     
   
 For xq:   700.00000000000000     
 RM48 INITIALIZED:        40           0         0



 INPUT PARAMETERS FOR VEGAS:  NDIM=  4  NCALL=   48020000.
                              IT=    0  ITMX=   10
                              MDS= -1   ND=  35
   1     -0.1718642E-03 0.3448E-04 -0.1718642E-03 0.3448E-04  0.000    
   2     -0.3451643E-03 0.8595E-04 -0.2400709E-03 0.4259E-04  3.951    
   3     -0.1893886E-02 0.1273E-02 -0.3247762E-03 0.1698E-03  2.423    
   4     -0.6394445E-03 0.7074E-04 -0.5306347E-03 0.9108E-04  2.841    
   5     -0.1402608E-02 0.5086E-03 -0.5806885E-03 0.9605E-04  2.921    
   6     -0.1103836E-02 0.1266E-03 -0.7714623E-03 0.7654E-04  4.503    
   7     -0.1297297E-02 0.8916E-04 -0.1036355E-02 0.5535E-04  7.321    
   8     -0.1502433E-02 0.1313E-03 -0.1147014E-02 0.5056E-04  7.933    
   9     -0.2697687E-02 0.5572E-03 -0.1210276E-02 0.5989E-04  8.024    
  10     -0.2121806E-02 0.1309E-03 -0.1496307E-02 0.5247E-04  13.60    



 INPUT PARAMETERS FOR VEGAS:  NDIM=  4  NCALL=  457773282.
                              IT=    0  ITMX=   20
                              MDS= -1   ND=  41
   1     -0.2721988E-02 0.1696E-03 -0.2721988E-02 0.1696E-03  0.000    
   2     -0.2848861E-02 0.1964E-03 -0.2779015E-02 0.1288E-03 0.2401    
   3     -0.3084332E-02 0.3362E-03 -0.2825567E-02 0.1230E-03 0.5101    
   4     -0.3107060E-02 0.4640E-03 -0.2846714E-02 0.1205E-03 0.4535    
   5     -0.3221417E-02 0.4134E-03 -0.2881311E-02 0.1171E-03 0.5419    
   6     -0.3260016E-02 0.4700E-03 -0.2907124E-02 0.1147E-03 0.5595    
   7     -0.2830948E-02 0.1956E-03 -0.2889688E-02 0.9972E-04 0.4927    
   8     -0.2635448E-02 0.1032E-03 -0.2783860E-02 0.7505E-04 0.8335    
   9     -0.2974589E-02 0.1870E-03 -0.2810370E-02 0.6965E-04 0.8413    
  10     -0.3077949E-02 0.3136E-03 -0.2823816E-02 0.6812E-04 0.8243    
  11     -0.2634850E-02 0.8884E-04 -0.2764385E-02 0.5584E-04  1.004    
  12     -0.3926129E-02 0.1040E-02 -0.2770268E-02 0.5745E-04  1.045    
  13     -0.3304632E-02 0.4765E-03 -0.2779258E-02 0.5735E-04  1.065    
  14     -0.2596793E-02 0.9212E-04 -0.2739575E-02 0.5022E-04  1.176    
  15     -0.3049241E-02 0.2107E-03 -0.2756360E-02 0.4885E-04  1.238    
  16     -0.2641563E-02 0.9123E-04 -0.2735890E-02 0.4394E-04  1.240    
  17     -0.2957573E-02 0.3610E-03 -0.2739011E-02 0.4359E-04  1.188    
  18     -0.3091559E-02 0.3067E-03 -0.2746367E-02 0.4320E-04  1.195    
  19     -0.2757470E-02 0.1367E-03 -0.2747222E-02 0.4132E-04  1.138    
  20     -0.3172690E-02 0.2817E-03 -0.2757206E-02 0.4095E-04  1.202    
   
 Integral of PK1=  -2.7572059147829941E-003 +-   4.0950702708633510E-005
 with chisq    =   1.2023201948062401     
   
 For xq:   800.00000000000000     
 RM48 INITIALIZED:        40           0         0



 INPUT PARAMETERS FOR VEGAS:  NDIM=  4  NCALL=   48020000.
                              IT=    0  ITMX=   10
                              MDS= -1   ND=  35
   1     -0.1391245E-03 0.4521E-04 -0.1391245E-03 0.4521E-04  0.000    
   2     -0.1546365E-03 0.1846E-04 -0.1527917E-03 0.1648E-04 0.9281E-01
   3     -0.6771481E-03 0.3574E-03 -0.1754095E-03 0.4483E-04  2.829    
   4     -0.5685516E-03 0.1823E-03 -0.2165646E-03 0.4711E-04  3.706    
   5     -0.4281057E-03 0.3914E-04 -0.3356188E-03 0.3080E-04  5.745    
   6     -0.1448599E-02 0.7966E-03 -0.3526636E-03 0.4897E-04  3.348    
   7     -0.6418285E-03 0.4726E-04 -0.4858700E-03 0.3544E-04  5.631    
   8     -0.8447741E-03 0.7824E-04 -0.5668108E-03 0.3199E-04  7.726    
   9     -0.9665109E-03 0.4301E-04 -0.7643410E-03 0.2370E-04  15.12    
  10     -0.1348586E-02 0.2562E-03 -0.7797607E-03 0.2580E-04  12.51    



 INPUT PARAMETERS FOR VEGAS:  NDIM=  4  NCALL=  457773282.
                              IT=    0  ITMX=   20
                              MDS= -1   ND=  41
   1     -0.1376502E-02 0.5837E-04 -0.1376502E-02 0.5837E-04  0.000    
   2     -0.1407858E-02 0.8828E-04 -0.1386342E-02 0.4891E-04 0.8852E-01
   3     -0.1310309E-02 0.5119E-04 -0.1352356E-02 0.3567E-04 0.6076    
   4     -0.1300116E-02 0.5024E-04 -0.1335973E-02 0.2920E-04 0.6444    
   5     -0.1452227E-02 0.1053E-03 -0.1345476E-02 0.2842E-04 0.7823    
   6     -0.1524722E-02 0.1456E-03 -0.1353544E-02 0.2832E-04 0.9464    
   7     -0.1396882E-02 0.6320E-04 -0.1360787E-02 0.2585E-04 0.8540    
   8     -0.1430722E-02 0.8377E-04 -0.1367132E-02 0.2472E-04 0.8219    
   9     -0.1564514E-02 0.1370E-03 -0.1374826E-02 0.2456E-04  1.002    
  10     -0.1364616E-02 0.4691E-04 -0.1372765E-02 0.2186E-04 0.9019    
  11     -0.1530621E-02 0.1789E-03 -0.1375474E-02 0.2184E-04 0.8875    
  12     -0.1361934E-02 0.8754E-04 -0.1374747E-02 0.2116E-04 0.8147    
  13     -0.1325749E-02 0.5780E-04 -0.1369625E-02 0.1993E-04 0.8015    
  14     -0.1321501E-02 0.4815E-04 -0.1363361E-02 0.1850E-04 0.8055    
  15     -0.1701929E-02 0.2170E-03 -0.1366922E-02 0.1869E-04 0.9696    
  16     -0.1531076E-02 0.1593E-03 -0.1369473E-02 0.1863E-04 0.9759    
  17     -0.1697193E-02 0.1848E-03 -0.1374063E-02 0.1871E-04  1.159    
  18     -0.1706105E-02 0.3635E-03 -0.1375273E-02 0.1887E-04  1.134    
  19     -0.1342875E-02 0.6492E-04 -0.1373132E-02 0.1816E-04  1.091    
  20     -0.1622271E-02 0.1698E-03 -0.1376596E-02 0.1814E-04  1.158    
   
 Integral of PK1=  -1.3765958234707575E-003 +-   1.8136924633898429E-005
 with chisq    =   1.1581756184736391     
   
 For xq:   900.00000000000000     
 RM48 INITIALIZED:        40           0         0



 INPUT PARAMETERS FOR VEGAS:  NDIM=  4  NCALL=   48020000.
                              IT=    0  ITMX=   10
                              MDS= -1   ND=  35
   1     -0.7132972E-04 0.2653E-04 -0.7132972E-04 0.2653E-04  0.000    
   2     -0.8816421E-04 0.1712E-04 -0.8455666E-04 0.1380E-04 0.2504    
   3     -0.1766091E-03 0.3266E-04 -0.1272867E-03 0.1527E-04  4.574    
   4     -0.2673249E-03 0.4896E-04 -0.1722850E-03 0.1764E-04  6.131    
   5     -0.3164308E-03 0.6447E-04 -0.2019910E-03 0.1921E-04  5.382    
   6     -0.3882493E-03 0.7680E-04 -0.2354111E-03 0.2070E-04  5.424    
   7     -0.4345462E-03 0.4248E-04 -0.3197549E-03 0.1792E-04  8.507    
   8     -0.1812103E-01 0.1766E-01 -0.3953266E-03 0.4070E-03  1.169    
   9     -0.4253916E-03 0.4244E-04 -0.4039905E-03 0.3239E-03  1.150    
  10     -0.6318566E-03 0.9786E-04 -0.4283286E-03 0.2906E-03  1.141    



 INPUT PARAMETERS FOR VEGAS:  NDIM=  4  NCALL=  457773282.
                              IT=    0  ITMX=   20
                              MDS= -1   ND=  41
   1     -0.8159659E-03 0.6381E-04 -0.8159659E-03 0.6381E-04  0.000    
   2     -0.9935948E-03 0.1585E-03 -0.8503829E-03 0.6384E-04  1.209    
   3     -0.7409756E-03 0.2199E-04 -0.7575501E-03 0.2342E-04  2.084    
   4     -0.7441809E-03 0.3377E-04 -0.7539905E-03 0.1943E-04  1.511    
   5     -0.7842317E-03 0.4047E-04 -0.7591534E-03 0.1751E-04  1.264    
   6     -0.8156378E-03 0.7795E-04 -0.7618309E-03 0.1707E-04  1.112    
   7     -0.7773859E-03 0.4723E-04 -0.7634639E-03 0.1603E-04 0.9551    
   8     -0.8054959E-03 0.7190E-04 -0.7654138E-03 0.1563E-04 0.8666    
   9     -0.7773026E-03 0.6420E-04 -0.7660248E-03 0.1515E-04 0.7693    
  10     -0.8271326E-03 0.4802E-04 -0.7717812E-03 0.1445E-04 0.8503    
  11     -0.7371228E-03 0.2844E-04 -0.7656874E-03 0.1302E-04 0.8803    
  12     -0.8016919E-03 0.5765E-04 -0.7674217E-03 0.1270E-04 0.8343    
  13     -0.7176243E-03 0.2542E-04 -0.7591749E-03 0.1151E-04 0.9927    
  14     -0.8345910E-03 0.6345E-04 -0.7617929E-03 0.1134E-04  1.024    
  15     -0.9405967E-03 0.1365E-03 -0.7634798E-03 0.1143E-04  1.091    
  16     -0.7433507E-03 0.3816E-04 -0.7620680E-03 0.1097E-04  1.043    
  17     -0.1481958E-02 0.7281E-03 -0.7626186E-03 0.1170E-04  1.039    
  18     -0.7700022E-03 0.3117E-04 -0.7633664E-03 0.1103E-04 0.9911    
  19     -0.7769926E-03 0.4252E-04 -0.7640818E-03 0.1069E-04 0.9493    
  20     -0.7689213E-03 0.4589E-04 -0.7642864E-03 0.1041E-04 0.9083    
   
 Integral of PK1=  -7.6428638136132596E-004 +-   1.0412015337637833E-005
 with chisq    =  0.90825190992903981     
   
 For xq:   1000.0000000000000     
 RM48 INITIALIZED:        40           0         0



 INPUT PARAMETERS FOR VEGAS:  NDIM=  4  NCALL=   48020000.
                              IT=    0  ITMX=   10
                              MDS= -1   ND=  35
   1     -0.1130015E-03 0.8477E-04 -0.1130015E-03 0.8477E-04  0.000    
   2     -0.9787861E-04 0.2816E-04 -0.9981807E-04 0.2840E-04 0.3171E-01
   3     -0.1599647E-03 0.7393E-04 -0.1150090E-03 0.2936E-04 0.4072    
   4     -0.1046986E-03 0.1901E-04 -0.1086109E-03 0.1736E-04 0.3223    
   5     -0.1810155E-03 0.4761E-04 -0.1251438E-03 0.1702E-04 0.9917    
   6     -0.1868475E-03 0.1778E-04 -0.1643658E-03 0.1102E-04  2.142    
   7     -0.2076167E-03 0.1451E-04 -0.1877552E-03 0.8004E-05  2.762    
   8     -0.3990135E-03 0.1313E-03 -0.1927906E-03 0.1030E-04  2.795    
   9     -0.1404616E-02 0.8743E-03 -0.2008054E-03 0.2560E-04  2.233    
  10     -0.5358887E-03 0.2180E-03 -0.2059152E-03 0.2556E-04  2.248    



 INPUT PARAMETERS FOR VEGAS:  NDIM=  4  NCALL=  457773282.
                              IT=    0  ITMX=   20
                              MDS= -1   ND=  41
   1     -0.4619458E-03 0.6756E-04 -0.4619458E-03 0.6756E-04  0.000    
   2     -0.5446921E-03 0.7599E-04 -0.5052704E-03 0.5098E-04 0.6572    
   3     -0.4688870E-03 0.3903E-04 -0.4836153E-03 0.3168E-04 0.5034    
   4     -0.4415913E-03 0.4673E-04 -0.4723023E-03 0.2640E-04 0.5192    
   5     -0.4138478E-03 0.2122E-04 -0.4410850E-03 0.1755E-04  1.101    
   6     -0.4600382E-03 0.3111E-04 -0.4455378E-03 0.1530E-04 0.9411    
   7     -0.4130122E-03 0.1786E-04 -0.4336710E-03 0.1201E-04  1.093    
   8     -0.4568814E-03 0.3148E-04 -0.4365892E-03 0.1122E-04  1.005    
   9     -0.4995893E-03 0.1078E-03 -0.4373865E-03 0.1126E-04 0.9110    
  10     -0.4773319E-03 0.5666E-04 -0.4389899E-03 0.1106E-04 0.8608    
  11     -0.6422068E-03 0.2314E-03 -0.4398711E-03 0.1149E-04 0.8510    
  12     -0.4804520E-03 0.4163E-04 -0.4427023E-03 0.1107E-04 0.8539    
  13     -0.4125346E-03 0.2641E-04 -0.4392839E-03 0.1031E-04 0.8711    
  14     -0.2139214E-02 0.1382E-02 -0.4411728E-03 0.1582E-04  1.327    
  15     -0.4539315E-03 0.3009E-04 -0.4423912E-03 0.1473E-04  1.290    
  16     -0.4272441E-03 0.3499E-04 -0.4414994E-03 0.1400E-04  1.259    
  17     -0.6008998E-03 0.1782E-03 -0.4422119E-03 0.1386E-04  1.236    
  18     -0.3874138E-03 0.1367E-04 -0.4290663E-03 0.1185E-04  1.440    
  19     -0.4139732E-03 0.2521E-04 -0.4279409E-03 0.1120E-04  1.414    
  20     -0.8093462E-03 0.2273E-03 -0.4292732E-03 0.1131E-04  1.519    
   
 Integral of PK1=  -4.2927324096320071E-004 +-   1.1308248323705654E-005
 with chisq    =   1.5185704204918788     
   
 For xq:   1100.0000000000000     
 RM48 INITIALIZED:        40           0         0



 INPUT PARAMETERS FOR VEGAS:  NDIM=  4  NCALL=   48020000.
                              IT=    0  ITMX=   10
                              MDS= -1   ND=  35
   1     -0.8931858E-04 0.7152E-04 -0.8931858E-04 0.7152E-04  0.000    
   2     -0.2546373E-04 0.3017E-05 -0.2683128E-04 0.7696E-05  1.443    
   3     -0.4479546E-04 0.5695E-05 -0.3508304E-04 0.5130E-05  2.401    
   4     -0.6522833E-04 0.5265E-05 -0.5113973E-04 0.3594E-05  7.362    
   5     -0.9085649E-04 0.7311E-05 -0.6499902E-04 0.3234E-05  13.01    
   6     -0.1249982E-03 0.1296E-04 -0.7542176E-04 0.3473E-05  16.02    
   7     -0.2274610E-03 0.6504E-04 -0.7881514E-04 0.4858E-05  10.24    
   8     -0.1672332E-03 0.2191E-04 -0.8731429E-04 0.4943E-05  11.63    
   9     -0.1974579E-03 0.1469E-04 -0.1125993E-03 0.4716E-05  20.68    
  10     -0.2164538E-03 0.1708E-04 -0.1302016E-03 0.4644E-05  23.56    



 INPUT PARAMETERS FOR VEGAS:  NDIM=  4  NCALL=  457773282.
                              IT=    0  ITMX=   20
                              MDS= -1   ND=  41
   1     -0.2774466E-03 0.1417E-04 -0.2774466E-03 0.1417E-04  0.000    
   2     -0.3023694E-03 0.2600E-04 -0.2839479E-03 0.1274E-04 0.7373    
   3     -0.2950450E-03 0.2099E-04 -0.2870093E-03 0.1091E-04 0.4680    
   4     -0.2623978E-03 0.9268E-05 -0.2740093E-03 0.7310E-05  1.269    
   5     -0.3101248E-03 0.2498E-04 -0.2773406E-03 0.7093E-05  1.461    
   6     -0.3464606E-03 0.7771E-04 -0.2781529E-03 0.7298E-05  1.299    
   7     -0.3311035E-03 0.3348E-04 -0.2810479E-03 0.7205E-05  1.515    
   8     -0.3682692E-03 0.5209E-04 -0.2834177E-03 0.7308E-05  1.766    
   9     -0.3212181E-03 0.2918E-04 -0.2857547E-03 0.7098E-05  1.742    
  10     -0.3104445E-03 0.3463E-04 -0.2867267E-03 0.6948E-05  1.606    
  11     -0.4074779E-03 0.9158E-04 -0.2878869E-03 0.7127E-05  1.633    
  12     -0.3361961E-03 0.4218E-04 -0.2893319E-03 0.7043E-05  1.599    
  13     -0.2821835E-03 0.1709E-04 -0.2885190E-03 0.6568E-05  1.504    
  14     -0.3097866E-03 0.4755E-04 -0.2888891E-03 0.6494E-05  1.410    
  15     -0.2715243E-03 0.1369E-04 -0.2864768E-03 0.5969E-05  1.406    
  16     -0.3247256E-03 0.3308E-04 -0.2877351E-03 0.5878E-05  1.399    
  17     -0.3030758E-03 0.2099E-04 -0.2887545E-03 0.5664E-05  1.347    
  18     -0.2825976E-03 0.1241E-04 -0.2878814E-03 0.5217E-05  1.292    
  19     -0.3706403E-03 0.5543E-04 -0.2888814E-03 0.5237E-05  1.362    
  20     -0.7340191E-03 0.4742E-03 -0.2891694E-03 0.5771E-05  1.264    
   
 Integral of PK1=  -2.8916939839046020E-004 +-   5.7714959977856488E-006
 with chisq    =   1.2642505698365125     
   
 For xq:   1200.0000000000000     
 RM48 INITIALIZED:        40           0         0



 INPUT PARAMETERS FOR VEGAS:  NDIM=  4  NCALL=   48020000.
                              IT=    0  ITMX=   10
                              MDS= -1   ND=  35
   1     -0.1272627E-04 0.3918E-05 -0.1272627E-04 0.3918E-05  0.000    
   2     -0.1672244E-04 0.1385E-05 -0.1645293E-04 0.1188E-05 0.7115    
   3     -0.4380359E-04 0.6773E-05 -0.2222363E-04 0.1992E-05  15.79    
   4     -0.4611815E-04 0.4905E-05 -0.2959259E-04 0.1978E-05  17.75    
   5     -0.1381411E-03 0.7383E-04 -0.3090221E-04 0.4031E-05  5.330    
   6     -0.9431432E-04 0.1847E-04 -0.3613092E-04 0.4137E-05  7.270    
   7     -0.1197108E-03 0.3617E-04 -0.3892933E-04 0.4520E-05  6.748    
   8     -0.1018307E-03 0.9419E-05 -0.5548611E-04 0.4012E-05  12.22    
   9     -0.1720464E-03 0.5238E-04 -0.5825128E-04 0.4604E-05  9.783    
  10     -0.1197736E-03 0.5368E-05 -0.9040316E-04 0.3258E-05  18.18    



 INPUT PARAMETERS FOR VEGAS:  NDIM=  4  NCALL=  457773282.
                              IT=    0  ITMX=   20
                              MDS= -1   ND=  41
   1     -0.2041957E-03 0.1903E-04 -0.2041957E-03 0.1903E-04  0.000    
   2     -0.1786269E-03 0.7731E-05 -0.1831637E-03 0.7530E-05  1.683    
   3     -0.2141198E-03 0.3876E-04 -0.1845540E-03 0.7655E-05  1.128    
   4     -0.1956993E-03 0.1611E-04 -0.1865434E-03 0.6905E-05 0.8868    
   5     -0.1994787E-03 0.1677E-04 -0.1884323E-03 0.6387E-05 0.7918    
   6     -0.1677443E-03 0.1015E-04 -0.1838788E-03 0.5503E-05  1.151    
   7     -0.1648084E-03 0.4697E-05 -0.1743858E-03 0.3822E-05  2.036    
   8     -0.1849214E-03 0.1032E-04 -0.1755966E-03 0.3583E-05  1.882    
   9     -0.2318973E-03 0.4232E-04 -0.1761952E-03 0.3662E-05  1.871    
  10     -0.2777216E-03 0.7266E-04 -0.1767176E-03 0.3837E-05  1.905    
  11     -0.1788600E-03 0.8445E-05 -0.1770100E-03 0.3527E-05  1.757    
  12     -0.1885286E-03 0.1410E-04 -0.1776039E-03 0.3416E-05  1.665    
  13     -0.1839731E-03 0.1436E-04 -0.1778919E-03 0.3317E-05  1.559    
  14     -0.2941730E-03 0.1047E-03 -0.1781440E-03 0.3449E-05  1.518    
  15     -0.1684721E-03 0.5923E-05 -0.1763844E-03 0.3083E-05  1.547    
  16     -0.2170264E-03 0.3269E-04 -0.1767832E-03 0.3079E-05  1.546    
  17     -0.1818916E-03 0.9035E-05 -0.1772061E-03 0.2930E-05  1.483    
  18     -0.1816171E-03 0.1185E-04 -0.1774081E-03 0.2845E-05  1.419    
  19     -0.2122975E-03 0.2416E-04 -0.1779254E-03 0.2830E-05  1.458    
  20     -0.1582245E-03 0.5167E-05 -0.1749198E-03 0.2579E-05  1.806    
   
 Integral of PK1=  -1.7491982414505827E-004 +-   2.5788083941547173E-006
 with chisq    =   1.8063529833087868     
   
 For xq:   1300.0000000000000     
 RM48 INITIALIZED:        40           0         0



 INPUT PARAMETERS FOR VEGAS:  NDIM=  4  NCALL=   48020000.
                              IT=    0  ITMX=   10
                              MDS= -1   ND=  35
   1     -0.8135800E-05 0.1717E-05 -0.8135800E-05 0.1717E-05  0.000    
   2     -0.2579156E-04 0.1067E-04 -0.1178052E-04 0.3596E-05  3.949    
   3     -0.1660735E-04 0.1776E-05 -0.1542747E-04 0.1703E-05  2.892    
   4     -0.5014867E-04 0.1338E-04 -0.1918843E-04 0.2605E-05  6.455    
   5     -0.4143733E-04 0.4977E-05 -0.2693661E-04 0.2294E-05  9.405    
   6     -0.3875344E-04 0.1826E-05 -0.3513231E-04 0.1315E-05  10.45    
   7     -0.7720415E-04 0.2127E-04 -0.3596854E-04 0.1655E-05  7.491    
   8     -0.6442940E-04 0.4391E-05 -0.4294546E-04 0.1549E-05  14.46    
   9     -0.7567439E-04 0.5038E-05 -0.4963589E-04 0.1508E-05  20.20    
  10     -0.9138461E-04 0.5736E-05 -0.5744098E-04 0.1509E-05  27.48    



 INPUT PARAMETERS FOR VEGAS:  NDIM=  4  NCALL=  457773282.
                              IT=    0  ITMX=   20
                              MDS= -1   ND=  41
   1     -0.1143935E-03 0.5973E-05 -0.1143935E-03 0.5973E-05  0.000    
   2     -0.1057744E-03 0.2769E-05 -0.1075059E-03 0.2578E-05  1.794    
   3     -0.1064922E-03 0.3830E-05 -0.1072043E-03 0.2137E-05 0.9405    
   4     -0.1307854E-03 0.1001E-04 -0.1086581E-03 0.2182E-05  2.818    
   5     -0.1461725E-03 0.1810E-04 -0.1095213E-03 0.2286E-05  3.393    
   6     -0.1167192E-03 0.5476E-05 -0.1105156E-03 0.2108E-05  3.029    
   7     -0.1635586E-03 0.4264E-04 -0.1107518E-03 0.2225E-05  2.677    
   8     -0.1384998E-03 0.1479E-04 -0.1114694E-03 0.2219E-05  2.808    
   9     -0.1309580E-03 0.1177E-04 -0.1121561E-03 0.2183E-05  2.788    
  10     -0.1164156E-03 0.6773E-05 -0.1124864E-03 0.2077E-05  2.560    
  11     -0.1230073E-03 0.1331E-04 -0.1127172E-03 0.2046E-05  2.378    
  12     -0.1209004E-03 0.1260E-04 -0.1129060E-03 0.2014E-05  2.214    
  13     -0.1205637E-03 0.8950E-05 -0.1132393E-03 0.1962E-05  2.099    
  14     -0.1261184E-03 0.8466E-05 -0.1138900E-03 0.1911E-05  2.106    
  15     -0.1178449E-03 0.7028E-05 -0.1141280E-03 0.1844E-05  1.992    
  16     -0.1154072E-03 0.4219E-05 -0.1143046E-03 0.1704E-05  1.883    
  17     -0.1235825E-03 0.7712E-05 -0.1147242E-03 0.1663E-05  1.852    
  18     -0.1294977E-03 0.9353E-05 -0.1152067E-03 0.1639E-05  1.887    
  19     -0.1315389E-03 0.9735E-05 -0.1156994E-03 0.1618E-05  1.939    
  20     -0.1273653E-03 0.9483E-05 -0.1160370E-03 0.1595E-05  1.914    
   
 Integral of PK1=  -1.1603701022364886E-004 +-   1.5954942617436171E-006
 with chisq    =   1.9139290491915386     
   
 For xq:   1400.0000000000000     
 RM48 INITIALIZED:        40           0         0



 INPUT PARAMETERS FOR VEGAS:  NDIM=  4  NCALL=   48020000.
                              IT=    0  ITMX=   10
                              MDS= -1   ND=  35
   1     -0.9859904E-05 0.4603E-05 -0.9859904E-05 0.4603E-05  0.000    
   2     -0.8280076E-05 0.1069E-05 -0.8392304E-05 0.1133E-05 0.1284    
   3     -0.1180500E-04 0.1138E-05 -0.1052487E-04 0.7685E-06  2.363    
   4     -0.1635906E-04 0.1445E-05 -0.1301430E-04 0.6904E-06  6.942    
   5     -0.3130079E-04 0.9302E-05 -0.1367853E-04 0.9981E-06  5.339    
   6     -0.8501686E-04 0.4800E-04 -0.1438940E-04 0.2156E-05  3.067    
   7     -0.3708389E-04 0.5807E-05 -0.1699152E-04 0.2020E-05  4.714    
   8     -0.4157422E-04 0.3401E-05 -0.2426502E-04 0.1715E-05  10.06    
   9     -0.6637654E-04 0.1385E-04 -0.2609589E-04 0.1851E-05  9.914    
  10     -0.5356652E-04 0.3241E-05 -0.3546297E-04 0.1546E-05  16.21    



 INPUT PARAMETERS FOR VEGAS:  NDIM=  4  NCALL=  457773282.
                              IT=    0  ITMX=   20
                              MDS= -1   ND=  41
   1     -0.6924366E-04 0.1735E-05 -0.6924366E-04 0.1735E-05  0.000    
   2     -0.8275505E-04 0.8038E-05 -0.7008691E-04 0.1851E-05  3.117    
   3     -0.7350851E-04 0.2795E-05 -0.7107702E-04 0.1542E-05  2.103    
   4     -0.7057638E-04 0.3194E-05 -0.7099210E-04 0.1383E-05  1.453    
   5     -0.8807240E-04 0.7594E-05 -0.7175458E-04 0.1406E-05  2.581    
   6     -0.9305547E-04 0.2186E-04 -0.7188195E-04 0.1454E-05  2.175    
   7     -0.8541512E-04 0.9734E-05 -0.7221721E-04 0.1450E-05  2.128    
   8     -0.7013864E-04 0.2275E-05 -0.7173027E-04 0.1249E-05  1.953    
   9     -0.8280440E-04 0.7089E-05 -0.7209038E-04 0.1234E-05  2.010    
  10     -0.8680095E-04 0.1238E-04 -0.7226061E-04 0.1238E-05  1.935    
  11     -0.9229964E-04 0.1431E-04 -0.7245518E-04 0.1249E-05  1.941    
  12     -0.7895144E-04 0.5715E-05 -0.7273213E-04 0.1219E-05  1.880    
  13     -0.8438958E-04 0.1242E-04 -0.7285102E-04 0.1216E-05  1.791    
  14     -0.7682108E-04 0.5015E-05 -0.7304679E-04 0.1180E-05  1.708    
  15     -0.7983912E-04 0.5289E-05 -0.7335724E-04 0.1152E-05  1.699    
  16     -0.1360530E-03 0.5266E-04 -0.7344107E-04 0.1214E-05  1.663    
  17     -0.7359522E-04 0.3202E-05 -0.7345582E-04 0.1145E-05  1.583    
  18     -0.7119828E-04 0.2091E-05 -0.7306412E-04 0.1033E-05  1.556    
  19     -0.1046271E-03 0.2263E-04 -0.7316479E-04 0.1045E-05  1.590    
  20     -0.7719764E-04 0.5811E-05 -0.7326828E-04 0.1027E-05  1.541    
   
 Integral of PK1=  -7.3268278845597807E-005 +-   1.0270932611560892E-006
 with chisq    =   1.5407368701130288     
   
 For xq:   1500.0000000000000     
 RM48 INITIALIZED:        40           0         0



 INPUT PARAMETERS FOR VEGAS:  NDIM=  4  NCALL=   48020000.
                              IT=    0  ITMX=   10
                              MDS= -1   ND=  35
   1     -0.4169292E-05 0.1394E-05 -0.4169292E-05 0.1394E-05  0.000    
   2     -0.7551227E-05 0.1402E-05 -0.6754599E-05 0.9898E-06  2.102    
   3     -0.4635083E-04 0.3728E-04 -0.8303818E-05 0.4330E-05  1.625    
   4     -0.1263574E-04 0.1287E-05 -0.1137564E-04 0.2094E-05  1.642    
   5     -0.6126336E-04 0.4176E-04 -0.1215349E-04 0.2982E-05  1.672    
   6     -0.2451949E-04 0.3087E-05 -0.1603313E-04 0.2363E-05  2.641    
   7     -0.3325330E-04 0.8001E-05 -0.1739517E-04 0.2265E-05  2.907    
   8     -0.2817172E-04 0.1155E-05 -0.2527976E-04 0.1152E-05  5.041    
   9     -0.3557160E-04 0.2548E-05 -0.2726881E-04 0.1044E-05  6.221    
  10     -0.4483983E-04 0.4642E-05 -0.2875660E-04 0.1040E-05  7.567    



 INPUT PARAMETERS FOR VEGAS:  NDIM=  4  NCALL=  457773282.
                              IT=    0  ITMX=   20
                              MDS= -1   ND=  41
   1     -0.5106676E-04 0.1646E-05 -0.5106676E-04 0.1646E-05  0.000    
   2     -0.5368325E-04 0.3992E-05 -0.5148040E-04 0.1549E-05 0.3797    
   3     -0.5086799E-04 0.2021E-05 -0.5126211E-04 0.1231E-05 0.2220    
   4     -0.5490968E-04 0.3928E-05 -0.5162334E-04 0.1186E-05 0.4252    
   5     -0.6037044E-04 0.7226E-05 -0.5192228E-04 0.1201E-05 0.7376    
   6     -0.5943932E-04 0.4204E-05 -0.5259228E-04 0.1165E-05  1.247    
   7     -0.6020485E-04 0.5245E-05 -0.5301475E-04 0.1148E-05  1.396    
   8     -0.4986593E-04 0.2457E-05 -0.5254922E-04 0.1046E-05  1.391    
   9     -0.5216227E-04 0.1962E-05 -0.5247090E-04 0.9285E-06  1.235    
  10     -0.5355661E-04 0.1797E-05 -0.5269091E-04 0.8271E-06  1.134    
  11     -0.6420342E-04 0.7193E-05 -0.5289654E-04 0.8335E-06  1.322    
  12     -0.5478497E-04 0.2732E-05 -0.5305271E-04 0.7973E-06  1.243    
  13     -0.6216773E-04 0.1155E-04 -0.5310667E-04 0.8025E-06  1.182    
  14     -0.5932841E-04 0.4553E-05 -0.5331535E-04 0.7923E-06  1.235    
  15     -0.1130705E-03 0.5998E-04 -0.5335727E-04 0.8681E-06  1.192    
  16     -0.5266318E-04 0.1955E-05 -0.5327032E-04 0.8050E-06  1.137    
  17     -0.5111980E-04 0.1553E-05 -0.5293149E-04 0.7322E-06  1.157    
  18     -0.5269790E-04 0.2765E-05 -0.5291976E-04 0.7087E-06  1.104    
  19     -0.5326974E-04 0.2516E-05 -0.5294017E-04 0.6837E-06  1.056    
  20     -0.6511448E-04 0.8832E-05 -0.5302566E-04 0.6844E-06  1.108    
   
 Integral of PK1=  -5.3025663506961248E-005 +-   6.8439594546362165E-007
 with chisq    =   1.1077203118220835     
   
 For xq:   1600.0000000000000     
 RM48 INITIALIZED:        40           0         0



 INPUT PARAMETERS FOR VEGAS:  NDIM=  4  NCALL=   48020000.
                              IT=    0  ITMX=   10
                              MDS= -1   ND=  35
   1     -0.2266562E-05 0.4552E-06 -0.2266562E-05 0.4552E-06  0.000    
   2     -0.5863655E-05 0.1097E-05 -0.4192683E-05 0.6085E-06  8.692    
   3     -0.5654966E-05 0.6097E-06 -0.5095175E-05 0.4135E-06  5.081    
   4     -0.8180592E-05 0.1066E-05 -0.6011910E-05 0.4177E-06  6.130    
   5     -0.1653844E-04 0.3585E-05 -0.7032264E-05 0.6125E-06  8.395    
   6     -0.1746385E-04 0.4859E-05 -0.7611892E-05 0.7169E-06  6.853    
   7     -0.1870824E-04 0.3134E-05 -0.9086628E-05 0.7539E-06  8.638    
   8     -0.2150974E-04 0.3044E-05 -0.1103667E-04 0.7753E-06  10.76    
   9     -0.2917874E-04 0.5827E-05 -0.1236229E-04 0.8780E-06  10.42    
  10     -0.2596378E-04 0.1788E-05 -0.1753771E-04 0.7426E-06  16.80    



 INPUT PARAMETERS FOR VEGAS:  NDIM=  4  NCALL=  457773282.
                              IT=    0  ITMX=   20
                              MDS= -1   ND=  41
   1     -0.3728440E-04 0.1742E-05 -0.3728440E-04 0.1742E-05  0.000    
   2     -0.4026066E-04 0.5887E-05 -0.3756006E-04 0.1727E-05 0.2497    
   3     -0.3891864E-04 0.2615E-05 -0.3797416E-04 0.1441E-05 0.2188    
   4     -0.3706732E-04 0.3679E-05 -0.3786298E-04 0.1335E-05 0.1657    
   5     -0.3860463E-04 0.2662E-05 -0.3801324E-04 0.1193E-05 0.1396    
   6     -0.3922380E-04 0.4503E-05 -0.3809568E-04 0.1156E-05 0.1249    
   7     -0.4018938E-04 0.3123E-05 -0.3836655E-04 0.1085E-05 0.1727    
   8     -0.3628243E-04 0.2879E-05 -0.3813640E-04 0.1015E-05 0.2096    
   9     -0.4650107E-04 0.1054E-04 -0.3824814E-04 0.1034E-05 0.2824    
  10     -0.3680845E-04 0.2843E-05 -0.3809966E-04 0.9725E-06 0.2768    
  11     -0.4485219E-04 0.6149E-05 -0.3831366E-04 0.9703E-06 0.3910    
  12     -0.3451180E-04 0.1277E-05 -0.3716154E-04 0.8017E-06 0.7947    
  13     -0.5851700E-04 0.2014E-04 -0.3723609E-04 0.8368E-06 0.8552    
  14     -0.4308988E-04 0.4824E-05 -0.3742312E-04 0.8261E-06 0.9034    
  15     -0.3907844E-04 0.3182E-05 -0.3751737E-04 0.7995E-06 0.8612    
  16     -0.4129250E-04 0.3535E-05 -0.3770237E-04 0.7798E-06 0.8762    
  17     -0.6226090E-04 0.2221E-04 -0.3777146E-04 0.8077E-06 0.9256    
  18     -0.3724766E-04 0.1723E-05 -0.3769637E-04 0.7426E-06 0.8865    
  19     -0.5684624E-04 0.1477E-04 -0.3778299E-04 0.7563E-06 0.9639    
  20     -0.3804741E-04 0.2397E-05 -0.3780188E-04 0.7247E-06 0.9241    
   
 Integral of PK1=  -3.7801878565094136E-005 +-   7.2466903345191476E-007
 with chisq    =  0.92408429026697336     
   
 For xq:   1700.0000000000000     
 RM48 INITIALIZED:        40           0         0



 INPUT PARAMETERS FOR VEGAS:  NDIM=  4  NCALL=   48020000.
                              IT=    0  ITMX=   10
                              MDS= -1   ND=  35
   1     -0.7064391E-05 0.4046E-05 -0.7064391E-05 0.4046E-05  0.000    
   2     -0.3079673E-05 0.8809E-06 -0.3875186E-05 0.1394E-05  1.305    
   3     -0.3897879E-05 0.9395E-06 -0.3887211E-05 0.8748E-06 0.7793    
   4     -0.5423902E-05 0.6040E-06 -0.4982636E-05 0.4794E-06  1.198    
   5     -0.7209228E-05 0.4695E-06 -0.6487331E-05 0.2990E-06  3.786    
   6     -0.9280163E-05 0.1008E-05 -0.7033510E-05 0.3050E-06  4.980    
   7     -0.1537581E-04 0.3203E-05 -0.7454255E-05 0.3868E-06  6.161    
   8     -0.1545084E-04 0.2160E-05 -0.8259932E-05 0.4201E-06  8.716    
   9     -0.2875684E-03 0.2659E-03 -0.8901439E-05 0.4267E-05  1.301    
  10     -0.1636009E-04 0.1998E-05 -0.9769530E-05 0.3811E-05  1.325    



 INPUT PARAMETERS FOR VEGAS:  NDIM=  4  NCALL=  457773282.
                              IT=    0  ITMX=   20
                              MDS= -1   ND=  41
   1     -0.2484312E-04 0.2124E-05 -0.2484312E-04 0.2124E-05  0.000    
   2     -0.4573347E-04 0.1601E-04 -0.2601867E-04 0.3056E-05  2.482    
   3     -0.2554736E-04 0.1678E-05 -0.2572869E-04 0.1724E-05  1.509    
   4     -0.3633936E-04 0.4852E-05 -0.2710312E-04 0.1644E-05  2.528    
   5     -0.2594082E-04 0.1252E-05 -0.2652442E-04 0.1114E-05  2.140    
   6     -0.2971775E-04 0.3207E-05 -0.2681351E-04 0.1047E-05  1.917    
   7     -0.2705339E-04 0.2059E-05 -0.2685046E-04 0.9425E-06  1.669    
   8     -0.2782542E-04 0.2960E-05 -0.2692169E-04 0.8947E-06  1.483    
   9     -0.2375194E-04 0.1033E-05 -0.2595770E-04 0.7288E-06  1.861    
  10     -0.2895012E-04 0.2906E-05 -0.2611933E-04 0.7056E-06  1.772    
  11     -0.2617311E-04 0.2123E-05 -0.2612344E-04 0.6703E-06  1.632    
  12     -0.2326988E-04 0.8477E-06 -0.2533932E-04 0.5614E-06  2.002    
  13     -0.2893791E-04 0.2463E-05 -0.2551171E-04 0.5471E-06  2.004    
  14     -0.2233603E-04 0.7150E-06 -0.2470815E-04 0.4657E-06  2.584    
  15     -0.2741636E-04 0.1720E-05 -0.2487551E-04 0.4496E-06  2.566    
  16     -0.2760985E-04 0.2519E-05 -0.2495313E-04 0.4420E-06  2.477    
  17     -0.2781317E-04 0.2758E-05 -0.2502027E-04 0.4360E-06  2.393    
  18     -0.2896891E-04 0.3486E-05 -0.2508224E-04 0.4327E-06  2.325    
  19     -0.2604571E-04 0.1498E-05 -0.2514414E-04 0.4167E-06  2.235    
  20     -0.5285755E-04 0.2345E-04 -0.2517403E-04 0.4409E-06  2.112    
   
 Integral of PK1=  -2.5174029097038120E-005 +-   4.4092843101562336E-007
 with chisq    =   2.1124671328312057     
   
 For xq:   1800.0000000000000     
 RM48 INITIALIZED:        40           0         0



 INPUT PARAMETERS FOR VEGAS:  NDIM=  4  NCALL=   48020000.
                              IT=    0  ITMX=   10
                              MDS= -1   ND=  35
   1     -0.1417148E-05 0.3430E-06 -0.1417148E-05 0.3430E-06  0.000    
   2     -0.1476975E-05 0.1514E-06 -0.1467877E-05 0.1366E-06 0.2474E-01
   3     -0.7497137E-05 0.3334E-05 -0.1727647E-05 0.4142E-06  4.369    
   4     -0.3243253E-05 0.1936E-06 -0.2796438E-05 0.2111E-06  6.881    
   5     -0.4999682E-05 0.4175E-06 -0.3380116E-05 0.1882E-06  11.44    
   6     -0.8639761E-05 0.2402E-05 -0.3502878E-05 0.2264E-06  8.636    
   7     -0.7856317E-05 0.7067E-06 -0.4296451E-05 0.2212E-06  15.78    
   8     -0.9176920E-05 0.4038E-06 -0.6406671E-05 0.1820E-06  36.56    
   9     -0.1064401E-04 0.5509E-06 -0.7415558E-05 0.1745E-06  39.87    
  10     -0.1411665E-04 0.1404E-05 -0.7821381E-05 0.1942E-06  34.43    



 INPUT PARAMETERS FOR VEGAS:  NDIM=  4  NCALL=  457773282.
                              IT=    0  ITMX=   20
                              MDS= -1   ND=  41
   1     -0.2829553E-04 0.7198E-05 -0.2829553E-04 0.7198E-05  0.000    
   2     -0.1966832E-04 0.1924E-05 -0.2077999E-04 0.2225E-05  1.687    
   3     -0.1754074E-04 0.6863E-06 -0.1804309E-04 0.8028E-06  2.072    
   4     -0.1655094E-04 0.5627E-06 -0.1725522E-04 0.5196E-06  2.241    
   5     -0.2180137E-04 0.2898E-05 -0.1740703E-04 0.5146E-06  2.286    
   6     -0.1623722E-04 0.4393E-06 -0.1688490E-04 0.3695E-06  2.459    
   7     -0.2081636E-04 0.3118E-05 -0.1694134E-04 0.3678E-06  2.308    
   8     -0.1923484E-04 0.2988E-05 -0.1697154E-04 0.3627E-06  2.083    
   9     -0.1813971E-04 0.1505E-05 -0.1702308E-04 0.3505E-06  1.923    
  10     -0.2190826E-04 0.3565E-05 -0.1707846E-04 0.3517E-06  1.919    
  11     -0.2064785E-04 0.2067E-05 -0.1718227E-04 0.3471E-06  2.020    
  12     -0.1724246E-04 0.1135E-05 -0.1718606E-04 0.3321E-06  1.880    
  13     -0.2205471E-04 0.2179E-05 -0.1731856E-04 0.3301E-06  2.177    
  14     -0.1777951E-04 0.1248E-05 -0.1734214E-04 0.3189E-06  2.051    
  15     -0.1804409E-04 0.9949E-06 -0.1739590E-04 0.3045E-06  1.956    
  16     -0.1737972E-04 0.9003E-06 -0.1739461E-04 0.2899E-06  1.853    
  17     -0.2662300E-04 0.5838E-05 -0.1743554E-04 0.2960E-06  1.927    
  18     -0.2328568E-04 0.3877E-05 -0.1748020E-04 0.2975E-06  1.954    
  19     -0.1829431E-04 0.1270E-05 -0.1751443E-04 0.2896E-06  1.883    
  20     -0.2923773E-04 0.1277E-04 -0.1752687E-04 0.2971E-06  1.780    
   
 Integral of PK1=  -1.7526870533182752E-005 +-   2.9708459510079115E-007
 with chisq    =   1.7804475043900894     
   
 For xq:   1900.0000000000000     
 RM48 INITIALIZED:        40           0         0



 INPUT PARAMETERS FOR VEGAS:  NDIM=  4  NCALL=   48020000.
                              IT=    0  ITMX=   10
                              MDS= -1   ND=  35
   1     -0.1698624E-05 0.7183E-06 -0.1698624E-05 0.7183E-06  0.000    
   2     -0.1298165E-05 0.2040E-06 -0.1346758E-05 0.2227E-06 0.3448    
   3     -0.4763395E-05 0.1734E-05 -0.1827587E-05 0.4116E-06  4.209    
   4     -0.4443264E-05 0.1590E-05 -0.2159946E-05 0.4373E-06  3.493    
   5     -0.9856551E-04 0.9486E-04 -0.3824731E-05 0.5588E-05  1.278    
   6     -0.4146636E-05 0.5295E-06 -0.3984143E-05 0.3628E-05  1.225    
   7     -0.6413147E-05 0.7939E-06 -0.4822304E-05 0.2724E-05  1.216    
   8     -0.8410314E-05 0.9105E-06 -0.5937890E-05 0.2123E-05  1.271    
   9     -0.1175961E-04 0.2455E-05 -0.6387009E-05 0.1936E-05  1.314    
  10     -0.1154711E-04 0.1563E-05 -0.7187024E-05 0.1699E-05  1.415    



 INPUT PARAMETERS FOR VEGAS:  NDIM=  4  NCALL=  457773282.
                              IT=    0  ITMX=   20
                              MDS= -1   ND=  41
   1     -0.1342544E-04 0.6099E-06 -0.1342544E-04 0.6099E-06  0.000    
   2     -0.1327027E-04 0.6850E-06 -0.1335771E-04 0.4552E-06 0.2858E-01
   3     -0.1373149E-04 0.7865E-06 -0.1345553E-04 0.3949E-06 0.1006    
   4     -0.1455123E-04 0.1411E-05 -0.1354716E-04 0.3858E-06 0.2704    
   5     -0.1222497E-04 0.2976E-06 -0.1279302E-04 0.2475E-06  1.960    
   6     -0.1280822E-04 0.5876E-06 -0.1279513E-04 0.2279E-06  1.593    
   7     -0.1589564E-04 0.3028E-05 -0.1281981E-04 0.2337E-06  1.485    
   8     -0.1373836E-04 0.8138E-06 -0.1288970E-04 0.2246E-06  1.441    
   9     -0.1872045E-04 0.5371E-05 -0.1290855E-04 0.2346E-06  1.400    
  10     -0.1285120E-04 0.5324E-06 -0.1290085E-04 0.2161E-06  1.271    
  11     -0.1362123E-04 0.1074E-05 -0.1292661E-04 0.2114E-06  1.193    
  12     -0.1514184E-04 0.1649E-05 -0.1296732E-04 0.2107E-06  1.253    
  13     -0.1439004E-04 0.1103E-05 -0.1301824E-04 0.2070E-06  1.283    
  14     -0.1454600E-04 0.2581E-05 -0.1302837E-04 0.2066E-06  1.209    
  15     -0.1630899E-04 0.2693E-05 -0.1305331E-04 0.2079E-06  1.235    
  16     -0.1596753E-04 0.1570E-05 -0.1311448E-04 0.2071E-06  1.408    
  17     -0.1327677E-04 0.8138E-06 -0.1312279E-04 0.2007E-06  1.335    
  18     -0.1343908E-04 0.7932E-06 -0.1313936E-04 0.1947E-06  1.274    
  19     -0.1687850E-04 0.2661E-05 -0.1316660E-04 0.1958E-06  1.326    
  20     -0.1303490E-04 0.6983E-06 -0.1315879E-04 0.1890E-06  1.270    
   
 Integral of PK1=  -1.3158785454670844E-005 +-   1.8899529390395328E-007
 with chisq    =   1.2704622311620384     
   
 ____________________________________
 2. Calculating P and K terms for Leg 2
 ____________________________________
 ````````````````````````````````````
  
 For xq:   100.00000000000000     
 RM48 INITIALIZED:        40           0         0



 INPUT PARAMETERS FOR VEGAS:  NDIM=  4  NCALL=   48020000.
                              IT=    0  ITMX=   10
                              MDS= -1   ND=  35
   1      -1.864900     0.9950      -1.864900     0.9950      0.000    
   2      -3.287924      1.777      -2.567120      1.015     0.4913    
   3      -5.763148      2.623      -3.878827      1.160      1.029    
   4      -2.745140     0.2677      -2.859176     0.3430      1.119    
   5      -6.800541      2.647      -3.069842     0.4049      1.768    
   6      -5.081482     0.4166      -4.168823     0.2789      3.931    
   7      -8.515581      1.621      -4.568651     0.3084      5.199    
   8      -8.206501     0.9854      -5.251988     0.3006      6.999    
   9      -8.661590     0.9638      -5.863956     0.2906      7.913    
  10      -10.85235      1.093      -6.760736     0.2895      10.68    



 INPUT PARAMETERS FOR VEGAS:  NDIM=  4  NCALL=  457773282.
