   100.00000000000000        3.1315627014679365E-006   2.4717398233552663E-009
   200.00000000000000        2.0032525460916078E-005   2.2582920274532777E-008
   300.00000000000000        5.0907025332334536E-005   6.9016844983188708E-008
   400.00000000000000        9.1299028137136861E-005   1.3882697687247310E-007
   500.00000000000000        1.3686036527408590E-004   2.2735659334333278E-007
   600.00000000000000        1.8392019483982384E-004   3.2585961648904820E-007
   700.00000000000000        2.2861351872387436E-004   4.8040601843470695E-007
   800.00000000000000        2.7228028066289984E-004   5.4325704191629321E-007
   900.00000000000000        3.1315922717702277E-004   6.4321308663793288E-007
   1000.0000000000000        3.4849541048699324E-004   7.3626126890285564E-007
   1100.0000000000000        3.7923565183211629E-004   8.3181022314762296E-007
   1200.0000000000000        4.0635364165162650E-004   8.8562344288605189E-007
 ADD model
 M_s =    2500.0000000000000      GeV
 ND=           2
 acut=   1.0000000000000000     
 File  already exist  ../summary/run_new_05/LO.dat                                                                        
 All previous data for this run will be lost. Overwrite ?     [y/n]
 Overwriting data in../summary/run_new_05/LO.dat                                                                        
LHAPDF 6.5.4 loading /home/niraj/1TB-Disc/Workspace-IITG/Packages/Install/LHAPDF-6.5.4/install/share/LHAPDF/MMHT2014lo68cl/MMHT2014lo68cl_0000.dat
MMHT2014lo68cl PDF set, member #0, version 3; LHAPDF ID = 25000
  
  
 ____________________________________
  Calculating LO_gg2aa
 ____________________________________
 ````````````````````````````````````
  
  
 ~~~~~~~~~~~~~~~~~~~~~~~~~~~~~~~~~~~~~~~~
Using Vegas points:                   2.E+06
         Iteration:                   10
 ~~~~~~~~~~~~~~~~~~~~~~~~~~~~~~~~~~~~~~~~
  
 For xq =          100 
  
 RM48 INITIALIZED:        40           0         0



 INPUT PARAMETERS FOR VEGAS:  NDIM=  3  NCALL=    1882384.
                              IT=    0  ITMX=   10
                              MDS= -1   ND=  49
   1      0.3688396E-05 0.9616E-06  0.3688396E-05 0.9616E-06  0.000    
   2      0.3087358E-05 0.1280E-06  0.3102185E-05 0.1393E-06 0.4481    
   3      0.3062975E-05 0.6002E-07  0.3070281E-05 0.5819E-07 0.2735    
   4      0.3177384E-05 0.4771E-07  0.3132489E-05 0.3735E-07 0.8528    
   5      0.3139941E-05 0.4278E-07  0.3135571E-05 0.2839E-07 0.6535    
   6      0.3101742E-05 0.4265E-07  0.3125800E-05 0.2377E-07 0.6133    
   7      0.3150771E-05 0.4171E-07  0.3131733E-05 0.2070E-07 0.5580    
   8      0.3116299E-05 0.4090E-07  0.3128728E-05 0.1851E-07 0.4973    
   9      0.3182648E-05 0.4113E-07  0.3137742E-05 0.1688E-07 0.6131    
  10      0.3088619E-05 0.4044E-07  0.3130861E-05 0.1560E-07 0.6812    



 INPUT PARAMETERS FOR VEGAS:  NDIM=  3  NCALL=   19876750.
                              IT=    0  ITMX=   20
                              MDS= -1   ND=  43
   1      0.3118698E-05 0.1105E-07  0.3118698E-05 0.1105E-07  0.000    
   2      0.3131655E-05 0.1103E-07  0.3125211E-05 0.7808E-08 0.6885    
   3      0.3129969E-05 0.1105E-07  0.3126798E-05 0.6377E-08 0.4058    
   4      0.3114901E-05 0.1105E-07  0.3123843E-05 0.5523E-08 0.5598    
   5      0.3152989E-05 0.1103E-07  0.3129772E-05 0.4939E-08  1.829    
   6      0.3139024E-05 0.1100E-07  0.3131333E-05 0.4505E-08  1.580    
   7      0.3141465E-05 0.1105E-07  0.3132784E-05 0.4172E-08  1.436    
   8      0.3114494E-05 0.1100E-07  0.3130506E-05 0.3901E-08  1.575    
   9      0.3133573E-05 0.1101E-07  0.3130849E-05 0.3677E-08  1.387    
  10      0.3131543E-05 0.1106E-07  0.3130918E-05 0.3489E-08  1.233    
  11      0.3129517E-05 0.1110E-07  0.3130792E-05 0.3328E-08  1.111    
  12      0.3134333E-05 0.1105E-07  0.3131087E-05 0.3187E-08  1.019    
  13      0.3135926E-05 0.1106E-07  0.3131459E-05 0.3062E-08 0.9483    
  14      0.3137967E-05 0.1108E-07  0.3131923E-05 0.2952E-08 0.8998    
  15      0.3135965E-05 0.1110E-07  0.3132191E-05 0.2852E-08 0.8443    
  16      0.3121876E-05 0.1105E-07  0.3131550E-05 0.2762E-08 0.8425    
  17      0.3133496E-05 0.1107E-07  0.3131664E-05 0.2680E-08 0.7916    
  18      0.3117881E-05 0.1104E-07  0.3130903E-05 0.2604E-08 0.8313    
  19      0.3139664E-05 0.1111E-07  0.3131362E-05 0.2535E-08 0.8179    
  20      0.3135398E-05 0.1111E-07  0.3131563E-05 0.2472E-08 0.7813    
   
   
 Integral Leading Order:   3.1315627014679365E-006 +-   2.4717398233552663E-009
 with chisq    =  0.78133125804894177     
  
  
  
 For xq =          200 
  
 RM48 INITIALIZED:        40           0         0



 INPUT PARAMETERS FOR VEGAS:  NDIM=  3  NCALL=    1882384.
                              IT=    0  ITMX=   10
                              MDS= -1   ND=  49
   1      0.1971405E-04 0.4284E-05  0.1971405E-04 0.4284E-05  0.000    
   2      0.1900712E-04 0.7085E-06  0.1902733E-04 0.7114E-06 0.2742E-01
   3      0.2034282E-04 0.4852E-06  0.1995280E-04 0.3940E-06  1.176    
   4      0.2016560E-04 0.4109E-06  0.2005725E-04 0.2828E-06 0.8217    
   5      0.1994626E-04 0.3664E-06  0.2001547E-04 0.2236E-06 0.6291    
   6      0.2025316E-04 0.3533E-06  0.2008548E-04 0.1885E-06 0.5658    
   7      0.2080046E-04 0.3815E-06  0.2023590E-04 0.1686E-06 0.9634    
   8      0.2045440E-04 0.3620E-06  0.2027617E-04 0.1527E-06 0.8655    
   9      0.2043174E-04 0.3598E-06  0.2030058E-04 0.1404E-06 0.7747    
  10      0.2016427E-04 0.3536E-06  0.2028195E-04 0.1305E-06 0.7027    



 INPUT PARAMETERS FOR VEGAS:  NDIM=  3  NCALL=   19876750.
                              IT=    0  ITMX=   20
                              MDS= -1   ND=  43
   1      0.1990758E-04 0.1005E-06  0.1990758E-04 0.1005E-06  0.000    
   2      0.2018990E-04 0.1009E-06  0.2005018E-04 0.7124E-07  3.926    
   3      0.2002596E-04 0.1010E-06  0.2004214E-04 0.5821E-07  1.984    
   4      0.2002477E-04 0.1010E-06  0.2003781E-04 0.5043E-07  1.330    
   5      0.2012596E-04 0.1013E-06  0.2005544E-04 0.4514E-07  1.149    
   6      0.1989743E-04 0.1008E-06  0.2002940E-04 0.4120E-07  1.326    
   7      0.1991403E-04 0.1010E-06  0.2001311E-04 0.3815E-07  1.292    
   8      0.1999656E-04 0.1010E-06  0.2001104E-04 0.3569E-07  1.111    
   9      0.2009091E-04 0.1004E-06  0.2002006E-04 0.3363E-07  1.042    
  10      0.2002391E-04 0.1003E-06  0.2002045E-04 0.3188E-07 0.9261    
  11      0.2012482E-04 0.1012E-06  0.2002996E-04 0.3041E-07 0.9302    
  12      0.2002329E-04 0.1010E-06  0.2002940E-04 0.2912E-07 0.8460    
  13      0.2019337E-04 0.1018E-06  0.2004199E-04 0.2800E-07 0.9771    
  14      0.1999940E-04 0.1009E-06  0.2003896E-04 0.2698E-07 0.9149    
  15      0.2003921E-04 0.1009E-06  0.2003897E-04 0.2606E-07 0.8495    
  16      0.2005200E-04 0.1011E-06  0.2003979E-04 0.2524E-07 0.7939    
  17      0.1998971E-04 0.1008E-06  0.2003685E-04 0.2448E-07 0.7589    
  18      0.2003234E-04 0.1013E-06  0.2003660E-04 0.2380E-07 0.7144    
  19      0.2006165E-04 0.1013E-06  0.2003791E-04 0.2317E-07 0.6778    
  20      0.1992866E-04 0.1012E-06  0.2003253E-04 0.2258E-07 0.7003    
   
   
 Integral Leading Order:   2.0032525460916078E-005 +-   2.2582920274532777E-008
 with chisq    =  0.70025842836068841     
  
  
  
 For xq =          300 
  
 RM48 INITIALIZED:        40           0         0



 INPUT PARAMETERS FOR VEGAS:  NDIM=  3  NCALL=    1882384.
                              IT=    0  ITMX=   10
                              MDS= -1   ND=  49
   1      0.5599600E-04 0.1006E-04  0.5599600E-04 0.1006E-04  0.000    
   2      0.4924070E-04 0.1692E-05  0.4947903E-04 0.1779E-05 0.4906    
   3      0.5243732E-04 0.1258E-05  0.5144473E-04 0.1029E-05  1.168    
   4      0.5362924E-04 0.1142E-05  0.5244341E-04 0.7616E-06  1.452    
   5      0.5060067E-04 0.1080E-05  0.5186663E-04 0.6259E-06  1.573    
   6      0.5319007E-04 0.1090E-05  0.5220186E-04 0.5422E-06  1.478    
   7      0.5029108E-04 0.1058E-05  0.5183138E-04 0.4839E-06  1.653    
   8      0.5237328E-04 0.1070E-05  0.5192380E-04 0.4408E-06  1.446    
   9      0.5143047E-04 0.1053E-05  0.5185219E-04 0.4068E-06  1.293    
  10      0.5226654E-04 0.1056E-05  0.5190596E-04 0.3796E-06  1.164    



 INPUT PARAMETERS FOR VEGAS:  NDIM=  3  NCALL=   19876750.
                              IT=    0  ITMX=   20
                              MDS= -1   ND=  43
   1      0.5076013E-04 0.3095E-06  0.5076013E-04 0.3095E-06  0.000    
   2      0.5142016E-04 0.3095E-06  0.5109440E-04 0.2189E-06  2.273    
   3      0.5087918E-04 0.3075E-06  0.5102242E-04 0.1783E-06  1.302    
   4      0.5041001E-04 0.3085E-06  0.5087179E-04 0.1544E-06  1.846    
   5      0.5052778E-04 0.3085E-06  0.5080362E-04 0.1381E-06  1.635    
   6      0.5059489E-04 0.3073E-06  0.5076881E-04 0.1259E-06  1.386    
   7      0.5084504E-04 0.3090E-06  0.5077970E-04 0.1166E-06  1.163    
   8      0.5068405E-04 0.3073E-06  0.5076770E-04 0.1090E-06  1.009    
   9      0.5118540E-04 0.3082E-06  0.5081485E-04 0.1028E-06  1.088    
  10      0.5095025E-04 0.3072E-06  0.5082854E-04 0.9748E-07 0.9864    
  11      0.5150200E-04 0.3107E-06  0.5089037E-04 0.9301E-07  1.323    
  12      0.5078267E-04 0.3085E-06  0.5088144E-04 0.8905E-07  1.213    
  13      0.5140179E-04 0.3092E-06  0.5092205E-04 0.8557E-07  1.332    
  14      0.5116353E-04 0.3102E-06  0.5093928E-04 0.8249E-07  1.272    
  15      0.5110877E-04 0.3094E-06  0.5095060E-04 0.7971E-07  1.201    
  16      0.5095283E-04 0.3078E-06  0.5095074E-04 0.7716E-07  1.121    
  17      0.5089115E-04 0.3090E-06  0.5094725E-04 0.7486E-07  1.053    
  18      0.5049530E-04 0.3069E-06  0.5092229E-04 0.7273E-07  1.111    
  19      0.5083972E-04 0.3103E-06  0.5091800E-04 0.7081E-07  1.053    
  20      0.5069698E-04 0.3085E-06  0.5090703E-04 0.6902E-07  1.023    
   
   
 Integral Leading Order:   5.0907025332334536E-005 +-   6.9016844983188708E-008
 with chisq    =   1.0234331859454666     
  
  
  
 For xq =          400 
  
 RM48 INITIALIZED:        40           0         0



 INPUT PARAMETERS FOR VEGAS:  NDIM=  3  NCALL=    1882384.
                              IT=    0  ITMX=   10
                              MDS= -1   ND=  49
   1      0.4972368E-04 0.1119E-04  0.4972368E-04 0.1119E-04  0.000    
   2      0.9567394E-04 0.3380E-05  0.9456843E-04 0.2661E-05  7.000    
   3      0.9171302E-04 0.2349E-05  0.9271230E-04 0.1687E-05  3.372    
   4      0.9065485E-04 0.2129E-05  0.9181530E-04 0.1303E-05  2.330    
   5      0.8805018E-04 0.2056E-05  0.9066259E-04 0.1096E-05  2.340    
   6      0.8978161E-04 0.2177E-05  0.9046781E-04 0.9770E-06  1.864    
   7      0.9058795E-04 0.2122E-05  0.9049082E-04 0.8858E-06  1.528    
   8      0.9223177E-04 0.2126E-05  0.9077826E-04 0.8164E-06  1.377    
   9      0.9229281E-04 0.2141E-05  0.9099050E-04 0.7621E-06  1.248    
  10      0.9387309E-04 0.2114E-05  0.9136385E-04 0.7161E-06  1.297    



 INPUT PARAMETERS FOR VEGAS:  NDIM=  3  NCALL=   19876750.
                              IT=    0  ITMX=   20
                              MDS= -1   ND=  43
   1      0.9119454E-04 0.6233E-06  0.9119454E-04 0.6233E-06  0.000    
   2      0.9120895E-04 0.6219E-06  0.9120176E-04 0.4403E-06 0.2680E-03
   3      0.9136250E-04 0.6197E-06  0.9125581E-04 0.3589E-06 0.2252E-01
   4      0.9085221E-04 0.6238E-06  0.9115609E-04 0.3111E-06 0.1194    
   5      0.9123275E-04 0.6183E-06  0.9117159E-04 0.2779E-06 0.9261E-01
   6      0.9132973E-04 0.6121E-06  0.9119870E-04 0.2530E-06 0.8514E-01
   7      0.9157501E-04 0.6206E-06  0.9125272E-04 0.2343E-06 0.1237    
   8      0.9148200E-04 0.6159E-06  0.9128183E-04 0.2190E-06 0.1233    
   9      0.9096164E-04 0.6227E-06  0.9124681E-04 0.2066E-06 0.1373    
  10      0.9181123E-04 0.6252E-06  0.9130300E-04 0.1962E-06 0.2043    
  11      0.9173944E-04 0.6255E-06  0.9134243E-04 0.1872E-06 0.2284    
  12      0.9157671E-04 0.6189E-06  0.9136215E-04 0.1792E-06 0.2195    
  13      0.9064239E-04 0.6153E-06  0.9130671E-04 0.1720E-06 0.3052    
  14      0.9042486E-04 0.6225E-06  0.9124528E-04 0.1658E-06 0.4232    
  15      0.9147118E-04 0.6284E-06  0.9126005E-04 0.1603E-06 0.4015    
  16      0.9193846E-04 0.6220E-06  0.9130290E-04 0.1552E-06 0.4497    
  17      0.9050706E-04 0.6224E-06  0.9125705E-04 0.1506E-06 0.5168    
  18      0.9125582E-04 0.6191E-06  0.9125698E-04 0.1464E-06 0.4864    
  19      0.9154661E-04 0.6171E-06  0.9127250E-04 0.1424E-06 0.4708    
  20      0.9180095E-04 0.6230E-06  0.9129903E-04 0.1388E-06 0.4822    
   
   
 Integral Leading Order:   9.1299028137136861E-005 +-   1.3882697687247310E-007
 with chisq    =  0.48215129374893273     
  
  
  
 For xq =          500 
  
 RM48 INITIALIZED:        40           0         0



 INPUT PARAMETERS FOR VEGAS:  NDIM=  3  NCALL=    1882384.
                              IT=    0  ITMX=   10
                              MDS= -1   ND=  49
   1      0.1465867E-03 0.2217E-04  0.1465867E-03 0.2217E-04  0.000    
   2      0.1454285E-03 0.4792E-05  0.1454810E-03 0.4701E-05 0.2626E-02
   3      0.1406840E-03 0.3834E-05  0.1426861E-03 0.3001E-05 0.3121    
   4      0.1380796E-03 0.3577E-05  0.1408802E-03 0.2315E-05 0.5270    
   5      0.1412737E-03 0.3496E-05  0.1409985E-03 0.1932E-05 0.3991    
   6      0.1434426E-03 0.3476E-05  0.1415818E-03 0.1688E-05 0.3947    
   7      0.1396944E-03 0.3414E-05  0.1412232E-03 0.1515E-05 0.3706    
   8      0.1400751E-03 0.3469E-05  0.1410439E-03 0.1389E-05 0.3317    
   9      0.1359714E-03 0.3351E-05  0.1403529E-03 0.1285E-05 0.5221    
  10      0.1405373E-03 0.3569E-05  0.1403739E-03 0.1209E-05 0.4649    



 INPUT PARAMETERS FOR VEGAS:  NDIM=  3  NCALL=   19876750.
                              IT=    0  ITMX=   20
                              MDS= -1   ND=  43
   1      0.1363537E-03 0.1011E-05  0.1363537E-03 0.1011E-05  0.000    
   2      0.1369151E-03 0.1016E-05  0.1366341E-03 0.7168E-06 0.1534    
   3      0.1374277E-03 0.1022E-05  0.1368977E-03 0.5869E-06 0.2792    
   4      0.1378081E-03 0.1016E-05  0.1371277E-03 0.5082E-06 0.3875    
   5      0.1386751E-03 0.1021E-05  0.1374407E-03 0.4549E-06 0.7561    
   6      0.1371294E-03 0.1015E-05  0.1373889E-03 0.4152E-06 0.6209    
   7      0.1385679E-03 0.1023E-05  0.1375581E-03 0.3847E-06 0.7086    
   8      0.1368769E-03 0.1018E-05  0.1374737E-03 0.3598E-06 0.6637    
   9      0.1350066E-03 0.1005E-05  0.1372024E-03 0.3388E-06  1.232    
  10      0.1369310E-03 0.1018E-05  0.1371754E-03 0.3215E-06  1.102    
  11      0.1373628E-03 0.1022E-05  0.1371924E-03 0.3066E-06 0.9949    
  12      0.1363243E-03 0.1017E-05  0.1371208E-03 0.2936E-06 0.9655    
  13      0.1351331E-03 0.1013E-05  0.1369710E-03 0.2820E-06  1.176    
  14      0.1370550E-03 0.1015E-05  0.1369770E-03 0.2717E-06  1.086    
  15      0.1351649E-03 0.1014E-05  0.1368586E-03 0.2624E-06  1.218    
  16      0.1379355E-03 0.1024E-05  0.1369259E-03 0.2542E-06  1.206    
  17      0.1362313E-03 0.1013E-05  0.1368852E-03 0.2466E-06  1.158    
  18      0.1361903E-03 0.1018E-05  0.1368470E-03 0.2396E-06  1.116    
  19      0.1355449E-03 0.1011E-05  0.1367790E-03 0.2332E-06  1.141    
  20      0.1383885E-03 0.1023E-05  0.1368604E-03 0.2274E-06  1.206    
   
   
 Integral Leading Order:   1.3686036527408590E-004 +-   2.2735659334333278E-007
 with chisq    =   1.2064170322271854     
  
  
  
 For xq =          600 
  
 RM48 INITIALIZED:        40           0         0



 INPUT PARAMETERS FOR VEGAS:  NDIM=  3  NCALL=    1882384.
                              IT=    0  ITMX=   10
                              MDS= -1   ND=  49
   1      0.2117176E-03 0.2922E-04  0.2117176E-03 0.2922E-04  0.000    
   2      0.1895927E-03 0.6889E-05  0.1910269E-03 0.7061E-05 0.5951    
   3      0.1870807E-03 0.5287E-05  0.1886305E-03 0.4326E-05 0.4106    
   4      0.1854063E-03 0.4918E-05  0.1873149E-03 0.3283E-05 0.3591    
   5      0.1841294E-03 0.4870E-05  0.1863881E-03 0.2737E-05 0.3445    
   6      0.1857529E-03 0.5036E-05  0.1862503E-03 0.2410E-05 0.2809    
   7      0.1858905E-03 0.4867E-05  0.1861824E-03 0.2162E-05 0.2365    
   8      0.1847250E-03 0.4779E-05  0.1859464E-03 0.1973E-05 0.2147    
   9      0.1845331E-03 0.4910E-05  0.1857588E-03 0.1832E-05 0.1975    
  10      0.1838125E-03 0.4841E-05  0.1855265E-03 0.1714E-05 0.1916    



 INPUT PARAMETERS FOR VEGAS:  NDIM=  3  NCALL=   19876750.
                              IT=    0  ITMX=   20
                              MDS= -1   ND=  43
   1      0.1832580E-03 0.1469E-05  0.1832580E-03 0.1469E-05  0.000    
   2      0.1853810E-03 0.1461E-05  0.1843379E-03 0.1036E-05  1.050    
   3      0.1850370E-03 0.1461E-05  0.1845729E-03 0.8451E-06 0.5999    
   4      0.1823413E-03 0.1441E-05  0.1840120E-03 0.7290E-06 0.9901    
   5      0.1839685E-03 0.1463E-05  0.1840033E-03 0.6525E-06 0.7428    
   6      0.1852612E-03 0.1472E-05  0.1842123E-03 0.5966E-06 0.7161    
   7      0.1858995E-03 0.1476E-05  0.1844530E-03 0.5531E-06 0.7849    
   8      0.1833991E-03 0.1457E-05  0.1843216E-03 0.5171E-06 0.7385    
   9      0.1816076E-03 0.1447E-05  0.1840221E-03 0.4869E-06  1.029    
  10      0.1854736E-03 0.1461E-05  0.1841693E-03 0.4620E-06  1.014    
  11      0.1847244E-03 0.1459E-05  0.1842201E-03 0.4404E-06 0.9249    
  12      0.1831484E-03 0.1446E-05  0.1841301E-03 0.4213E-06 0.8869    
  13      0.1828455E-03 0.1449E-05  0.1840312E-03 0.4046E-06 0.8736    
  14      0.1840135E-03 0.1463E-05  0.1840299E-03 0.3899E-06 0.8064    
  15      0.1812705E-03 0.1438E-05  0.1838462E-03 0.3764E-06 0.9889    
  16      0.1825094E-03 0.1455E-05  0.1837635E-03 0.3644E-06 0.9759    
  17      0.1838095E-03 0.1445E-05  0.1837663E-03 0.3533E-06 0.9150    
  18      0.1857318E-03 0.1454E-05  0.1838781E-03 0.3433E-06 0.9636    
  19      0.1843032E-03 0.1468E-05  0.1839003E-03 0.3343E-06 0.9143    
  20      0.1842991E-03 0.1461E-05  0.1839202E-03 0.3259E-06 0.8697    
   
   
 Integral Leading Order:   1.8392019483982384E-004 +-   3.2585961648904820E-007
 with chisq    =  0.86971785841416493     
  
  
  
 For xq =          700 
  
 RM48 INITIALIZED:        40           0         0



 INPUT PARAMETERS FOR VEGAS:  NDIM=  3  NCALL=    1882384.
                              IT=    0  ITMX=   10
                              MDS= -1   ND=  49
   1      0.1986024E-03 0.3081E-04  0.1986024E-03 0.3081E-04  0.000    
   2      0.2377711E-03 0.8817E-05  0.2356535E-03 0.7901E-05  1.257    
   3      0.2322312E-03 0.6878E-05  0.2336094E-03 0.5116E-05 0.6573    
   4      0.2219051E-03 0.6378E-05  0.2290678E-03 0.3995E-05  1.119    
   5      0.2190511E-03 0.6147E-05  0.2261697E-03 0.3356E-05  1.304    
   6      0.2320859E-03 0.6223E-05  0.2275932E-03 0.2946E-05  1.175    
   7      0.2334740E-03 0.6900E-05  0.2285654E-03 0.2708E-05  1.075    
   8      0.2421633E-03 0.6678E-05  0.2307358E-03 0.2507E-05  1.468    
   9      0.2242593E-03 0.6254E-05  0.2298615E-03 0.2328E-05  1.402    
  10      0.2331465E-03 0.6368E-05  0.2302667E-03 0.2185E-05  1.267    



 INPUT PARAMETERS FOR VEGAS:  NDIM=  3  NCALL=   19876750.
                              IT=    0  ITMX=   20
                              MDS= -1   ND=  43
   1      0.2322775E-03 0.2472E-05  0.2322775E-03 0.2472E-05  0.000    
   2      0.2257733E-03 0.1959E-05  0.2283707E-03 0.1541E-05  4.276    
   3      0.2254065E-03 0.2096E-05  0.2273527E-03 0.1242E-05  2.803    
   4      0.2260910E-03 0.2102E-05  0.2270301E-03 0.1069E-05  1.964    
   5      0.2297581E-03 0.2192E-05  0.2275630E-03 0.9611E-06  1.784    
   6      0.2309452E-03 0.2124E-05  0.2281506E-03 0.8756E-06  1.849    
   7      0.2254128E-03 0.1895E-05  0.2276791E-03 0.7952E-06  1.828    
   8      0.2289449E-03 0.2053E-05  0.2278454E-03 0.7415E-06  1.613    
   9      0.2287444E-03 0.2316E-05  0.2279294E-03 0.7062E-06  1.427    
  10      0.2302315E-03 0.2124E-05  0.2281623E-03 0.6702E-06  1.386    
  11      0.2281037E-03 0.2143E-05  0.2281571E-03 0.6396E-06  1.248    
  12      0.2271637E-03 0.1917E-05  0.2280585E-03 0.6068E-06  1.157    
  13      0.2275041E-03 0.2047E-05  0.2280140E-03 0.5818E-06  1.067    
  14      0.2292510E-03 0.1995E-05  0.2281117E-03 0.5585E-06  1.011    
  15      0.2279374E-03 0.2210E-05  0.2281013E-03 0.5415E-06 0.9397    
  16      0.2318205E-03 0.2250E-05  0.2283110E-03 0.5265E-06  1.052    
  17      0.2288291E-03 0.2546E-05  0.2283323E-03 0.5156E-06 0.9888    
  18      0.2307242E-03 0.2198E-05  0.2284594E-03 0.5020E-06 0.9968    
  19      0.2307050E-03 0.2442E-05  0.2285520E-03 0.4918E-06 0.9863    
  20      0.2298827E-03 0.2245E-05  0.2286135E-03 0.4804E-06 0.9518    
   
   
 Integral Leading Order:   2.2861351872387436E-004 +-   4.8040601843470695E-007
 with chisq    =  0.95176590605706146     
  
  
  
 For xq =          800 
  
 RM48 INITIALIZED:        40           0         0



 INPUT PARAMETERS FOR VEGAS:  NDIM=  3  NCALL=    1882384.
                              IT=    0  ITMX=   10
                              MDS= -1   ND=  49
   1      0.3299038E-03 0.4272E-04  0.3299038E-03 0.4272E-04  0.000    
   2      0.2834321E-03 0.1045E-04  0.2869156E-03 0.1090E-04  1.260    
   3      0.2807612E-03 0.8467E-05  0.2833447E-03 0.6866E-05 0.7647    
   4      0.2696352E-03 0.8013E-05  0.2782173E-03 0.5304E-05  1.056    
   5      0.2678665E-03 0.8199E-05  0.2755190E-03 0.4488E-05  1.074    
   6      0.2710402E-03 0.7965E-05  0.2745317E-03 0.3927E-05 0.9199    
   7      0.2760178E-03 0.8327E-05  0.2747888E-03 0.3556E-05 0.7773    
   8      0.2638678E-03 0.8023E-05  0.2731995E-03 0.3259E-05 0.8770    
   9      0.2699434E-03 0.7968E-05  0.2727639E-03 0.3020E-05 0.7908    
  10      0.2756149E-03 0.7736E-05  0.2731313E-03 0.2815E-05 0.7178    



 INPUT PARAMETERS FOR VEGAS:  NDIM=  3  NCALL=   19876750.
                              IT=    0  ITMX=   20
                              MDS= -1   ND=  43
   1      0.2709868E-03 0.2355E-05  0.2709868E-03 0.2355E-05  0.000    
   2      0.2675539E-03 0.2330E-05  0.2692739E-03 0.1656E-05  1.074    
   3      0.2699636E-03 0.2409E-05  0.2694961E-03 0.1365E-05 0.5639    
   4      0.2716005E-03 0.2444E-05  0.2700022E-03 0.1192E-05 0.5643    
   5      0.2712586E-03 0.2461E-05  0.2702427E-03 0.1073E-05 0.4756    
   6      0.2746026E-03 0.2412E-05  0.2709820E-03 0.9801E-06 0.9357    
   7      0.2743520E-03 0.2486E-05  0.2714451E-03 0.9119E-06  1.047    
   8      0.2750785E-03 0.2479E-05  0.2718882E-03 0.8559E-06  1.170    
   9      0.2710621E-03 0.2380E-05  0.2717941E-03 0.8054E-06  1.038    
  10      0.2732761E-03 0.2465E-05  0.2719385E-03 0.7656E-06 0.9580    
  11      0.2737328E-03 0.2457E-05  0.2720991E-03 0.7309E-06 0.9103    
  12      0.2746475E-03 0.2509E-05  0.2723018E-03 0.7018E-06 0.9141    
  13      0.2731926E-03 0.2483E-05  0.2723681E-03 0.6754E-06 0.8475    
  14      0.2693308E-03 0.2491E-05  0.2721646E-03 0.6518E-06 0.8880    
  15      0.2744985E-03 0.2489E-05  0.2723167E-03 0.6306E-06 0.8833    
  16      0.2710363E-03 0.2501E-05  0.2722409E-03 0.6114E-06 0.8412    
  17      0.2741745E-03 0.2375E-05  0.2723626E-03 0.5921E-06 0.8273    
  18      0.2749159E-03 0.2391E-05  0.2725127E-03 0.5747E-06 0.8420    
  19      0.2694469E-03 0.2367E-05  0.2723457E-03 0.5585E-06 0.8824    
  20      0.2711225E-03 0.2339E-05  0.2722803E-03 0.5433E-06 0.8499    
   
   
 Integral Leading Order:   2.7228028066289984E-004 +-   5.4325704191629321E-007
 with chisq    =  0.84988674729205016     
  
  
  
 For xq =          900 
  
 RM48 INITIALIZED:        40           0         0



 INPUT PARAMETERS FOR VEGAS:  NDIM=  3  NCALL=    1882384.
                              IT=    0  ITMX=   10
                              MDS= -1   ND=  49
   1      0.3122972E-03 0.4245E-04  0.3122972E-03 0.4245E-04  0.000    
   2      0.3088991E-03 0.1194E-04  0.3091534E-03 0.1155E-04 0.5994E-02
   3      0.3193456E-03 0.9869E-05  0.3151812E-03 0.7452E-05 0.2290    
   4      0.3150517E-03 0.9509E-05  0.3151317E-03 0.5862E-05 0.1523    
   5      0.3089207E-03 0.9346E-05  0.3134184E-03 0.4972E-05 0.1929    
   6      0.3021293E-03 0.9284E-05  0.3110367E-03 0.4392E-05 0.3761    
   7      0.3059195E-03 0.9131E-05  0.3101015E-03 0.3961E-05 0.3564    
   8      0.3184555E-03 0.9540E-05  0.3113843E-03 0.3656E-05 0.4005    
   9      0.3212876E-03 0.9657E-05  0.3126950E-03 0.3418E-05 0.4685    
  10      0.3049162E-03 0.9516E-05  0.3118445E-03 0.3218E-05 0.4817    



 INPUT PARAMETERS FOR VEGAS:  NDIM=  3  NCALL=   19876750.
                              IT=    0  ITMX=   20
                              MDS= -1   ND=  43
   1      0.3137322E-03 0.2871E-05  0.3137322E-03 0.2871E-05  0.000    
   2      0.3125449E-03 0.2851E-05  0.3131366E-03 0.2023E-05 0.8610E-01
   3      0.3166546E-03 0.2837E-05  0.3143403E-03 0.1647E-05 0.5561    
   4      0.3085773E-03 0.2881E-05  0.3129596E-03 0.1430E-05  1.361    
   5      0.3154181E-03 0.2885E-05  0.3134506E-03 0.1281E-05  1.164    
   6      0.3129036E-03 0.2874E-05  0.3133602E-03 0.1170E-05 0.9381    
   7      0.3120158E-03 0.2864E-05  0.3131693E-03 0.1083E-05 0.8139    
   8      0.3115414E-03 0.2921E-05  0.3129742E-03 0.1016E-05 0.7372    
   9      0.3128207E-03 0.2916E-05  0.3129576E-03 0.9591E-06 0.6454    
  10      0.3101260E-03 0.2876E-05  0.3126788E-03 0.9099E-06 0.6703    
  11      0.3178697E-03 0.2913E-05  0.3131543E-03 0.8685E-06 0.8986    
  12      0.3133454E-03 0.2871E-05  0.3131703E-03 0.8313E-06 0.8172    
  13      0.3166751E-03 0.2929E-05  0.3134371E-03 0.7998E-06 0.8603    
  14      0.3083215E-03 0.2823E-05  0.3130683E-03 0.7695E-06  1.023    
  15      0.3132374E-03 0.2946E-05  0.3130791E-03 0.7445E-06 0.9504    
  16      0.3090112E-03 0.2826E-05  0.3128215E-03 0.7200E-06  1.015    
  17      0.3152587E-03 0.2862E-05  0.3129686E-03 0.6982E-06 0.9937    
  18      0.3170590E-03 0.2873E-05  0.3132024E-03 0.6785E-06  1.049    
  19      0.3148925E-03 0.2869E-05  0.3132929E-03 0.6603E-06  1.009    
  20      0.3106307E-03 0.2848E-05  0.3131592E-03 0.6432E-06 0.9993    
   
   
 Integral Leading Order:   3.1315922717702277E-004 +-   6.4321308663793288E-007
 with chisq    =  0.99934454809202355     
  
  
  
 For xq =         1000 
  
 RM48 INITIALIZED:        40           0         0



 INPUT PARAMETERS FOR VEGAS:  NDIM=  3  NCALL=    1882384.
                              IT=    0  ITMX=   10
                              MDS= -1   ND=  49
   1      0.3421987E-03 0.4446E-04  0.3421987E-03 0.4446E-04  0.000    
   2      0.3397447E-03 0.1378E-04  0.3399626E-03 0.1320E-04 0.2796E-02
   3      0.3582041E-03 0.1172E-04  0.3506057E-03 0.8666E-05 0.5397    
   4      0.3564425E-03 0.1098E-04  0.3529229E-03 0.6777E-05 0.4140    
   5      0.3371770E-03 0.1054E-04  0.3485463E-03 0.5719E-05 0.6951    
   6      0.3481285E-03 0.1057E-04  0.3484511E-03 0.5028E-05 0.5557    
   7      0.3559434E-03 0.1085E-04  0.3498307E-03 0.4559E-05 0.5273    
   8      0.3474158E-03 0.1087E-04  0.3494713E-03 0.4204E-05 0.4582    
   9      0.3478612E-03 0.1615E-04  0.3493693E-03 0.4069E-05 0.4022    
  10      0.3603601E-03 0.1283E-04  0.3504378E-03 0.3880E-05 0.4333    



 INPUT PARAMETERS FOR VEGAS:  NDIM=  3  NCALL=   19876750.
                              IT=    0  ITMX=   20
                              MDS= -1   ND=  43
   1      0.3508152E-03 0.3308E-05  0.3508152E-03 0.3308E-05  0.000    
   2      0.3485780E-03 0.3283E-05  0.3496953E-03 0.2330E-05 0.2304    
   3      0.3478544E-03 0.3278E-05  0.3490817E-03 0.1899E-05 0.2200    
   4      0.3511758E-03 0.3280E-05  0.3496123E-03 0.1644E-05 0.2486    
   5      0.3512039E-03 0.3299E-05  0.3499311E-03 0.1471E-05 0.2330    
   6      0.3501830E-03 0.3383E-05  0.3499712E-03 0.1349E-05 0.1873    
   7      0.3461814E-03 0.3255E-05  0.3494259E-03 0.1246E-05 0.3463    
   8      0.3510927E-03 0.3279E-05  0.3496381E-03 0.1165E-05 0.3290    
   9      0.3417333E-03 0.3250E-05  0.3487739E-03 0.1097E-05 0.9215    
  10      0.3495615E-03 0.3270E-05  0.3488539E-03 0.1040E-05 0.8246    
  11      0.3510903E-03 0.3335E-05  0.3490544E-03 0.9927E-06 0.7827    
  12      0.3485402E-03 0.3298E-05  0.3490118E-03 0.9506E-06 0.7137    
  13      0.3496263E-03 0.3341E-05  0.3490579E-03 0.9143E-06 0.6567    
  14      0.3464139E-03 0.3239E-05  0.3488655E-03 0.8799E-06 0.6537    
  15      0.3473051E-03 0.3271E-05  0.3487611E-03 0.8497E-06 0.6224    
  16      0.3473272E-03 0.3284E-05  0.3486718E-03 0.8226E-06 0.5930    
  17      0.3455156E-03 0.3303E-05  0.3484906E-03 0.7983E-06 0.6094    
  18      0.3443155E-03 0.3237E-05  0.3482566E-03 0.7750E-06 0.6647    
  19      0.3523778E-03 0.3331E-05  0.3484730E-03 0.7549E-06 0.7093    
  20      0.3489314E-03 0.3334E-05  0.3484954E-03 0.7363E-06 0.6729    
   
   
 Integral Leading Order:   3.4849541048699324E-004 +-   7.3626126890285564E-007
 with chisq    =  0.67285577064790358     
  
  
  
 For xq =         1100 
  
 RM48 INITIALIZED:        40           0         0



 INPUT PARAMETERS FOR VEGAS:  NDIM=  3  NCALL=    1882384.
                              IT=    0  ITMX=   10
                              MDS= -1   ND=  49
   1      0.3537329E-03 0.4766E-04  0.3537329E-03 0.4766E-04  0.000    
   2      0.3670019E-03 0.1507E-04  0.3658743E-03 0.1416E-04 0.6830E-01
   3      0.3839685E-03 0.1261E-04  0.3765233E-03 0.9284E-05 0.4927    
   4      0.3708936E-03 0.1239E-04  0.3744808E-03 0.7423E-05 0.3717    
   5      0.3773796E-03 0.1189E-04  0.3753203E-03 0.6285E-05 0.2872    
   6      0.3619053E-03 0.1204E-04  0.3725545E-03 0.5578E-05 0.4209    
   7      0.3796493E-03 0.1206E-04  0.3738626E-03 0.5058E-05 0.3972    
   8      0.3611484E-03 0.1178E-04  0.3719707E-03 0.4651E-05 0.4779    
   9      0.3784423E-03 0.1201E-04  0.3728498E-03 0.4336E-05 0.4486    
  10      0.3838455E-03 0.1268E-04  0.3740754E-03 0.4102E-05 0.4750    



 INPUT PARAMETERS FOR VEGAS:  NDIM=  3  NCALL=   19876750.
                              IT=    0  ITMX=   20
                              MDS= -1   ND=  43
   1      0.3749467E-03 0.3676E-05  0.3749467E-03 0.3676E-05  0.000    
   2      0.3852869E-03 0.3735E-05  0.3801750E-03 0.2620E-05  3.893    
   3      0.3792589E-03 0.3722E-05  0.3798724E-03 0.2143E-05  1.970    
   4      0.3749195E-03 0.3697E-05  0.3786511E-03 0.1854E-05  1.764    
   5      0.3813187E-03 0.3729E-05  0.3791857E-03 0.1660E-05  1.422    
   6      0.3862859E-03 0.3748E-05  0.3803867E-03 0.1518E-05  1.746    
   7      0.3781463E-03 0.3731E-05  0.3800717E-03 0.1406E-05  1.508    
   8      0.3770300E-03 0.3706E-05  0.3796943E-03 0.1315E-05  1.379    
   9      0.3803710E-03 0.3739E-05  0.3797690E-03 0.1240E-05  1.210    
  10      0.3754501E-03 0.3732E-05  0.3793483E-03 0.1177E-05  1.209    
  11      0.3762590E-03 0.3706E-05  0.3790695E-03 0.1122E-05  1.152    
  12      0.3771533E-03 0.3687E-05  0.3789086E-03 0.1073E-05  1.071    
  13      0.3805903E-03 0.3730E-05  0.3790383E-03 0.1031E-05 0.9964    
  14      0.3749558E-03 0.3704E-05  0.3787504E-03 0.9935E-06  1.006    
  15      0.3827552E-03 0.3726E-05  0.3790216E-03 0.9599E-06  1.012    
  16      0.3831054E-03 0.3725E-05  0.3792810E-03 0.9296E-06  1.019    
  17      0.3797975E-03 0.3739E-05  0.3793112E-03 0.9021E-06 0.9566    
  18      0.3777150E-03 0.3713E-05  0.3792229E-03 0.8766E-06 0.9110    
  19      0.3831409E-03 0.3736E-05  0.3794314E-03 0.8534E-06 0.9184    
  20      0.3754417E-03 0.3718E-05  0.3792357E-03 0.8318E-06 0.9275    
   
   
 Integral Leading Order:   3.7923565183211629E-004 +-   8.3181022314762296E-007
 with chisq    =  0.92748419832787909     
  
  
  
 For xq =         1200 
  
 RM48 INITIALIZED:        40           0         0



 INPUT PARAMETERS FOR VEGAS:  NDIM=  3  NCALL=    1882384.
                              IT=    0  ITMX=   10
                              MDS= -1   ND=  49
   1      0.3854268E-03 0.4801E-04  0.3854268E-03 0.4801E-04  0.000    
   2      0.3985351E-03 0.1645E-04  0.3972384E-03 0.1536E-04 0.6492E-01
   3      0.3873210E-03 0.1335E-04  0.3916485E-03 0.1011E-04 0.1511    
   4      0.3932887E-03 0.1298E-04  0.3922731E-03 0.7967E-05 0.1037    
   5      0.4026534E-03 0.1310E-04  0.3951969E-03 0.6792E-05 0.1950    
   6      0.3905957E-03 0.1331E-04  0.3942570E-03 0.6052E-05 0.1752    
   7      0.3975046E-03 0.1310E-04  0.3948392E-03 0.5491E-05 0.1541    
   8      0.4252473E-03 0.1730E-04  0.3980369E-03 0.5249E-05 0.5806    
   9      0.4061180E-03 0.1462E-04  0.3989942E-03 0.4940E-05 0.5406    
  10      0.4082431E-03 0.1306E-04  0.4002010E-03 0.4617E-05 0.5288    



 INPUT PARAMETERS FOR VEGAS:  NDIM=  3  NCALL=   19876750.
                              IT=    0  ITMX=   20
                              MDS= -1   ND=  43
   1      0.4076222E-03 0.3948E-05  0.4076222E-03 0.3948E-05  0.000    
   2      0.4067381E-03 0.3923E-05  0.4071783E-03 0.2783E-05 0.2523E-01
   3      0.4102779E-03 0.3982E-05  0.4082057E-03 0.2281E-05 0.2171    
   4      0.4033092E-03 0.3997E-05  0.4070244E-03 0.1981E-05 0.5183    
   5      0.4100560E-03 0.4003E-05  0.4076281E-03 0.1776E-05 0.5038    
   6      0.4066093E-03 0.3973E-05  0.4074592E-03 0.1621E-05 0.4143    
   7      0.3998499E-03 0.3889E-05  0.4063682E-03 0.1496E-05 0.8763    
   8      0.4059220E-03 0.3972E-05  0.4063129E-03 0.1400E-05 0.7529    
   9      0.3993102E-03 0.3958E-05  0.4055577E-03 0.1320E-05 0.9997    
  10      0.4103737E-03 0.3941E-05  0.4060540E-03 0.1252E-05  1.038    
  11      0.4045648E-03 0.3966E-05  0.4059200E-03 0.1194E-05 0.9480    
  12      0.4064826E-03 0.3960E-05  0.4059670E-03 0.1143E-05 0.8633    
  13      0.4090227E-03 0.3981E-05  0.4062029E-03 0.1099E-05 0.8364    
  14      0.4086911E-03 0.4001E-05  0.4063793E-03 0.1059E-05 0.7993    
  15      0.4119901E-03 0.3980E-05  0.4067602E-03 0.1024E-05 0.8766    
  16      0.4015125E-03 0.3913E-05  0.4064321E-03 0.9904E-06 0.9292    
  17      0.4023148E-03 0.3894E-05  0.4061866E-03 0.9599E-06 0.9366    
  18      0.4037997E-03 0.3982E-05  0.4060570E-03 0.9332E-06 0.9019    
  19      0.4027166E-03 0.3925E-05  0.4058810E-03 0.9078E-06 0.8900    
  20      0.4152261E-03 0.4024E-05  0.4063536E-03 0.8856E-06  1.123    
   
   
 Integral Leading Order:   4.0635364165162650E-004 +-   8.8562344288605189E-007
 with chisq    =   1.1226232135837200     
  
  
  
    xq         Integral Leading Order                 error
    100      0.313156270146794E-05      0.247173982335527E-08
    200      0.200325254609161E-04      0.225829202745328E-07
    300      0.509070253323345E-04      0.690168449831887E-07
    400      0.912990281371369E-04      0.138826976872473E-06
    500      0.136860365274086E-03      0.227356593343333E-06
    600      0.183920194839824E-03      0.325859616489048E-06
    700      0.228613518723874E-03      0.480406018434707E-06
    800      0.272280280662900E-03      0.543257041916293E-06
    900      0.313159227177023E-03      0.643213086637933E-06
   1000      0.348495410486993E-03      0.736261268902856E-06
   1100      0.379235651832116E-03      0.831810223147623E-06
   1200      0.406353641651627E-03      0.885623442886052E-06
Thanks for using LHAPDF 6.5.4. Please make sure to cite the paper:
  Eur.Phys.J. C75 (2015) 3, 132  (http://arxiv.org/abs/1412.7420)
