       100     6.693803350827587e-02     8.462213344915116e-04
       400     2.138649722615302e-04     4.441860245364498e-06
       700     1.679792475860881e-05     4.083704651184949e-07
      1000     3.018567942015744e-06     7.782442071251604e-08
      1300     7.835467369354521e-07     2.070149788850180e-08
      1600     2.669063112149651e-07     6.708246066111260e-09
      1900     1.011105802645247e-07     2.455889362098792e-09
      2200     4.167074968371096e-08     9.709005966915071e-10
      2500     1.838212112369775e-08     4.100705778877186e-10
  
 Writing data in the file  ../summary/run_01/PK2.dat                                                                           
  
LHAPDF 6.5.4 loading /home/niraj/1TB-Disc/Workspace-IITG/Packages/Install/LHAPDF-6.5.4/install/share/LHAPDF/MMHT2014nlo68cl/MMHT2014nlo68cl_0000.dat
MMHT2014nlo68cl PDF set, member #0, version 3; LHAPDF ID = 25100
   
   
 ~~~~~~~~~~~~~~~~~~~~~~~~~~~~~~~~~~~~~~~~~~~~
     Calculating P and K terms
 ~~~~~~~~~~~~~~~~~~~~~~~~~~~~~~~~~~~~~~~~~~~~
   
   
   
 ~~~~~~~~~~~~~~~~~~~~~~~~~~~~~~~~~~~~~~~~~~~~
     Calculating [+] distribution
 ~~~~~~~~~~~~~~~~~~~~~~~~~~~~~~~~~~~~~~~~~~~~
   
 ~~~~~~~~~~~~~~~~~~~~~~~~~~~~~~~~~~~~~~~~
Using Vegas points:                   1.E+09
         Iteration:                   10
 ~~~~~~~~~~~~~~~~~~~~~~~~~~~~~~~~~~~~~~~~
  
 For xq =          700 
  
   
   
 ~~~~~~~~~~~~~~~~~~~~~~~~~~~~~~~~~~~~~~~~~~~~
     Calculating PlusA distribution
 ~~~~~~~~~~~~~~~~~~~~~~~~~~~~~~~~~~~~~~~~~~~~
   
 RM48 INITIALIZED:        40           0         0



 INPUT PARAMETERS FOR VEGAS:  NDIM=  4  NCALL=  933897762.
                              IT=    0  ITMX=   10
                              MDS= -1   ND=  49
   1     -0.7693733E-03 0.4965E-05 -0.7693733E-03 0.4965E-05  0.000    
   2     -0.7718480E-03 0.1540E-05 -0.7716321E-03 0.1469E-05 0.2261    
   3     -0.7721142E-03 0.1199E-05 -0.7719219E-03 0.9281E-06 0.1452    
   4     -0.7720812E-03 0.1108E-05 -0.7719877E-03 0.7113E-06 0.1008    
   5     -0.7717027E-03 0.1073E-05 -0.7719006E-03 0.5928E-06 0.8786E-01
   6     -0.7721323E-03 0.1059E-05 -0.7719560E-03 0.5173E-06 0.7756E-01
   7     -0.7693333E-03 0.1054E-05 -0.7714492E-03 0.4644E-06 0.8932    
   8     -0.7730119E-03 0.1054E-05 -0.7717045E-03 0.4249E-06  1.029    
   9     -0.7706045E-03 0.1051E-05 -0.7715502E-03 0.3939E-06  1.018    
  10     -0.7713716E-03 0.1057E-05 -0.7715284E-03 0.3692E-06 0.9079    



 INPUT PARAMETERS FOR VEGAS:  NDIM=  4  NCALL= 1310720000.
                              IT=    0  ITMX=   20
                              MDS= -1   ND=  40
   1     -0.7733727E-03 0.8905E-06 -0.7733727E-03 0.8905E-06  0.000    
   2     -0.7719303E-03 0.8894E-06 -0.7726520E-03 0.6293E-06  1.313    
   3     -0.7717773E-03 0.8895E-06 -0.7723607E-03 0.5137E-06 0.9793    
   4     -0.7716036E-03 0.8901E-06 -0.7721718E-03 0.4449E-06 0.8338    
   5     -0.7719992E-03 0.8901E-06 -0.7721373E-03 0.3980E-06 0.6330    
   6     -0.7707651E-03 0.8892E-06 -0.7719090E-03 0.3633E-06 0.9025    
   7     -0.7692644E-03 0.8883E-06 -0.7715323E-03 0.3362E-06  2.012    
   8     -0.7710671E-03 0.8887E-06 -0.7714741E-03 0.3145E-06  1.759    
   9     -0.7714881E-03 0.8890E-06 -0.7714757E-03 0.2965E-06  1.539    
  10     -0.7722530E-03 0.8902E-06 -0.7715534E-03 0.2813E-06  1.444    
  11     -0.7726942E-03 0.8895E-06 -0.7716574E-03 0.2682E-06  1.450    
  12     -0.7715665E-03 0.8892E-06 -0.7716498E-03 0.2568E-06  1.319    
  13     -0.7714245E-03 0.8892E-06 -0.7716325E-03 0.2467E-06  1.214    
  14     -0.7728034E-03 0.8901E-06 -0.7717162E-03 0.2377E-06  1.244    
  15     -0.7720138E-03 0.8895E-06 -0.7717361E-03 0.2297E-06  1.163    
  16     -0.7717529E-03 0.8893E-06 -0.7717371E-03 0.2224E-06  1.085    
  17     -0.7723569E-03 0.8903E-06 -0.7717736E-03 0.2157E-06  1.046    
  18     -0.7724556E-03 0.8900E-06 -0.7718115E-03 0.2097E-06  1.017    
  19     -0.7707566E-03 0.8886E-06 -0.7717560E-03 0.2041E-06  1.034    
  20     -0.7711970E-03 0.8895E-06 -0.7717281E-03 0.1989E-06 0.9998    
   
   
 ~~~~~~~~~~~~~~~~~~~~~~~~~~~~~~~~~~~~~~~~~~~~
     Calculating PlusB distribution
 ~~~~~~~~~~~~~~~~~~~~~~~~~~~~~~~~~~~~~~~~~~~~
   
 RM48 INITIALIZED:        40           0         0



 INPUT PARAMETERS FOR VEGAS:  NDIM=  4  NCALL=  933897762.
                              IT=    0  ITMX=   10
                              MDS= -1   ND=  49
   1     -0.7768484E-03 0.4992E-05 -0.7768484E-03 0.4992E-05  0.000    
   2     -0.7770639E-03 0.1567E-05 -0.7770446E-03 0.1495E-05 0.1696E-02
   3     -0.7754772E-03 0.1218E-05 -0.7761038E-03 0.9448E-06 0.3311    
   4     -0.7773189E-03 0.1126E-05 -0.7766067E-03 0.7235E-06 0.4487    
   5     -0.7758243E-03 0.1088E-05 -0.7763671E-03 0.6025E-06 0.4262    
   6     -0.7767899E-03 0.1075E-05 -0.7764683E-03 0.5256E-06 0.3645    
   7     -0.7748191E-03 0.1068E-05 -0.7761479E-03 0.4716E-06 0.6228    
   8     -0.7758065E-03 0.1066E-05 -0.7760921E-03 0.4313E-06 0.5462    
   9     -0.7765352E-03 0.1069E-05 -0.7761542E-03 0.4000E-06 0.4963    
  10     -0.7766007E-03 0.1068E-05 -0.7762092E-03 0.3746E-06 0.4582    



 INPUT PARAMETERS FOR VEGAS:  NDIM=  4  NCALL= 1310720000.
                              IT=    0  ITMX=   20
                              MDS= -1   ND=  40
   1     -0.7749549E-03 0.9027E-06 -0.7749549E-03 0.9027E-06  0.000    
   2     -0.7767521E-03 0.9040E-06 -0.7758543E-03 0.6388E-06  1.979    
   3     -0.7751012E-03 0.9031E-06 -0.7756035E-03 0.5215E-06  1.222    
   4     -0.7756632E-03 0.9034E-06 -0.7756184E-03 0.4516E-06 0.8156    
   5     -0.7761945E-03 0.9033E-06 -0.7757337E-03 0.4040E-06 0.6929    
   6     -0.7753809E-03 0.9032E-06 -0.7756750E-03 0.3688E-06 0.5798    
   7     -0.7755775E-03 0.9030E-06 -0.7756610E-03 0.3414E-06 0.4849    
   8     -0.7761741E-03 0.9033E-06 -0.7757253E-03 0.3193E-06 0.4559    
   9     -0.7760295E-03 0.9037E-06 -0.7757591E-03 0.3011E-06 0.4115    
  10     -0.7757422E-03 0.9033E-06 -0.7757574E-03 0.2856E-06 0.3658    
  11     -0.7768364E-03 0.9037E-06 -0.7758556E-03 0.2724E-06 0.4590    
  12     -0.7767909E-03 0.9037E-06 -0.7759337E-03 0.2608E-06 0.5067    
  13     -0.7750410E-03 0.9033E-06 -0.7758652E-03 0.2505E-06 0.5395    
  14     -0.7767034E-03 0.9039E-06 -0.7759251E-03 0.2414E-06 0.5595    
  15     -0.7765279E-03 0.9040E-06 -0.7759653E-03 0.2333E-06 0.5491    
  16     -0.7769850E-03 0.9044E-06 -0.7760290E-03 0.2259E-06 0.5921    
  17     -0.7761519E-03 0.9037E-06 -0.7760363E-03 0.2191E-06 0.5562    
  18     -0.7763724E-03 0.9035E-06 -0.7760550E-03 0.2130E-06 0.5311    
  19     -0.7770153E-03 0.9042E-06 -0.7761056E-03 0.2073E-06 0.5611    
  20     -0.7765095E-03 0.9043E-06 -0.7761257E-03 0.2020E-06 0.5415    
   
   
 Integral Plus:   4.3976408297065252E-006 +-   1.6433117446325701E-319
 with chisq    =  0.54149196482725248     
  
  
  
    xq         Integral Plus                 error
    700      0.439764082970653E-05      0.400947924018738E-06
   
   
 ~~~~~~~~~~~~~~~~~~~~~~~~~~~~~~~~~~~~~~~~~~~~
     Calculating Regular Terms
 ~~~~~~~~~~~~~~~~~~~~~~~~~~~~~~~~~~~~~~~~~~~~
   
 ~~~~~~~~~~~~~~~~~~~~~~~~~~~~~~~~~~~~~~~~
Using Vegas points:                   1.E+07
         Iteration:                   10
 ~~~~~~~~~~~~~~~~~~~~~~~~~~~~~~~~~~~~~~~~
  
 For xq =          700 
  
 RM48 INITIALIZED:        40           0         0



 INPUT PARAMETERS FOR VEGAS:  NDIM=  4  NCALL=    9759362.
                              IT=    0  ITMX=   10
                              MDS= -1   ND=  47
   1      0.6700346E-05 0.6614E-06  0.6700346E-05 0.6614E-06  0.000    
   2      0.7958002E-05 0.1775E-06  0.7896885E-05 0.1601E-06  2.854    
   3      0.7750340E-05 0.1202E-06  0.7799707E-05 0.9459E-07  1.645    
   4      0.7850296E-05 0.1126E-06  0.7821800E-05 0.7186E-07  1.111    
   5      0.7777017E-05 0.1090E-06  0.7807750E-05 0.5984E-07 0.8546    
   6      0.7514034E-05 0.1056E-06  0.7737869E-05 0.5212E-07  1.838    
   7      0.7722685E-05 0.1065E-06  0.7734860E-05 0.4678E-07  1.528    
   8      0.7651659E-05 0.1056E-06  0.7721124E-05 0.4276E-07  1.383    
   9      0.7749335E-05 0.1069E-06  0.7725124E-05 0.3969E-07  1.213    
  10      0.7618208E-05 0.1065E-06  0.7712137E-05 0.3719E-07  1.177    



 INPUT PARAMETERS FOR VEGAS:  NDIM=  4  NCALL=   99574272.
                              IT=    0  ITMX=   20
                              MDS= -1   ND=  42
   1      0.7742865E-05 0.3325E-07  0.7742865E-05 0.3325E-07  0.000    
   2      0.7720454E-05 0.3316E-07  0.7731662E-05 0.2348E-07 0.2277    
   3      0.7652904E-05 0.3309E-07  0.7705640E-05 0.1915E-07  1.986    
   4      0.7723841E-05 0.3325E-07  0.7710189E-05 0.1660E-07  1.397    
   5      0.7694705E-05 0.3316E-07  0.7707097E-05 0.1484E-07  1.092    
   6      0.7765196E-05 0.3335E-07  0.7716821E-05 0.1356E-07  1.383    
   7      0.7696589E-05 0.3326E-07  0.7713950E-05 0.1256E-07  1.206    
   8      0.7738170E-05 0.3323E-07  0.7716992E-05 0.1175E-07  1.100    
   9      0.7695432E-05 0.3310E-07  0.7714594E-05 0.1107E-07  1.010    
  10      0.7738071E-05 0.3325E-07  0.7716948E-05 0.1050E-07 0.9473    
  11      0.7745712E-05 0.3314E-07  0.7719591E-05 0.1001E-07 0.9208    
  12      0.7730228E-05 0.3322E-07  0.7720479E-05 0.9586E-08 0.8455    
  13      0.7755132E-05 0.3328E-07  0.7723155E-05 0.9212E-08 0.8585    
  14      0.7711477E-05 0.3311E-07  0.7722319E-05 0.8875E-08 0.8015    
  15      0.7680442E-05 0.3313E-07  0.7719544E-05 0.8572E-08 0.8503    
  16      0.7700551E-05 0.3313E-07  0.7718358E-05 0.8299E-08 0.8143    
  17      0.7690218E-05 0.3316E-07  0.7716711E-05 0.8051E-08 0.8058    
  18      0.7699636E-05 0.3318E-07  0.7715765E-05 0.7824E-08 0.7732    
  19      0.7758468E-05 0.3326E-07  0.7718028E-05 0.7616E-08 0.8175    
  20      0.7683348E-05 0.3313E-07  0.7716302E-05 0.7423E-08 0.8291    
   
   
 Integral Regular:   7.7163022020904109E-006 +-   7.4225097474156973E-009
 with chisq    =  0.82910760206734091     
  
  
  
    xq         Integral Regular                 error
    700      0.771630220209041E-05      0.742250974741570E-08
   
   
 ~~~~~~~~~~~~~~~~~~~~~~~~~~~~~~~~~~~~~~~~~~~~
     Calculating Delta Functions
 ~~~~~~~~~~~~~~~~~~~~~~~~~~~~~~~~~~~~~~~~~~~~
   
 ~~~~~~~~~~~~~~~~~~~~~~~~~~~~~~~~~~~~~~~~
Using Vegas points:                   1.E+07
         Iteration:                   10
 ~~~~~~~~~~~~~~~~~~~~~~~~~~~~~~~~~~~~~~~~
  
 For xq =          700 
  
 RM48 INITIALIZED:        40           0         0



 INPUT PARAMETERS FOR VEGAS:  NDIM=  2  NCALL=    9724050.
                              IT=    0  ITMX=   10
                              MDS= -1   ND=  49
   1      0.4684042E-05 0.6264E-10  0.4684042E-05 0.6264E-10  0.000    
   2      0.4683982E-05 0.2406E-11  0.4683982E-05 0.2404E-11 0.9192    
   3      0.4683983E-05 0.1412E-11  0.4683983E-05 0.1218E-11 0.5785    
   4      0.4683982E-05 0.1353E-11  0.4683982E-05 0.9052E-12 0.4272    
   5      0.4683982E-05 0.1347E-11  0.4683982E-05 0.7512E-12 0.3221    
   6      0.4683982E-05 0.1347E-11  0.4683982E-05 0.6561E-12 0.2927    
   7      0.4683982E-05 0.1350E-11  0.4683982E-05 0.5901E-12 0.2552    
   8      0.4683982E-05 0.1357E-11  0.4683982E-05 0.5411E-12 0.2491    
   9      0.4683981E-05 0.1366E-11  0.4683982E-05 0.5031E-12 0.2537    
  10      0.4683981E-05 0.1380E-11  0.4683982E-05 0.4727E-12 0.2780    



 INPUT PARAMETERS FOR VEGAS:  NDIM=  2  NCALL=   96827528.
                              IT=    0  ITMX=   20
                              MDS= -1   ND=  49
   1      0.4683982E-05 0.1402E-12  0.4683982E-05 0.1402E-12  0.000    
   2      0.4683982E-05 0.1402E-12  0.4683982E-05 0.9914E-13-0.3287    
   3      0.4683982E-05 0.1402E-12  0.4683982E-05 0.8095E-13-0.2465    
   4      0.4683982E-05 0.1402E-12  0.4683982E-05 0.7010E-13 0.2192    
   5      0.4683982E-05 0.1402E-12  0.4683982E-05 0.6270E-13 0.4109    
   6      0.4683982E-05 0.1402E-12  0.4683982E-05 0.5724E-13 0.5916    
   7      0.4683982E-05 0.1402E-12  0.4683982E-05 0.5300E-13 0.9587    
   8      0.4683982E-05 0.1402E-12  0.4683982E-05 0.4957E-13 0.9392    
   9      0.4683982E-05 0.1402E-12  0.4683982E-05 0.4674E-13 0.9245    
  10      0.4683982E-05 0.1402E-12  0.4683982E-05 0.4434E-13 0.5479    
  11      0.4683982E-05 0.1402E-12  0.4683982E-05 0.4228E-13  0.000    
  12      0.4683982E-05 0.1402E-12  0.4683982E-05 0.4048E-13 0.1793    
  13      0.4683981E-05 0.1402E-12  0.4683982E-05 0.3889E-13 0.8903    
  14      0.4683982E-05 0.1402E-12  0.4683982E-05 0.3747E-13  1.062    
  15      0.4683982E-05 0.1402E-12  0.4683982E-05 0.3620E-13  1.409    
  16      0.4683982E-05 0.1402E-12  0.4683982E-05 0.3505E-13  1.052    
  17      0.4683982E-05 0.1402E-12  0.4683982E-05 0.3401E-13  1.048    
  18      0.4683982E-05 0.1402E-12  0.4683982E-05 0.3305E-13  1.218    
  19      0.4683981E-05 0.1402E-12  0.4683982E-05 0.3217E-13  1.388    
  20      0.4683982E-05 0.1402E-12  0.4683982E-05 0.3135E-13  1.557    
   
   
 Integral Delta:   4.6839817268118738E-006 +-   3.1352341199170606E-014
 with chisq    =   1.5570742994526356     
  
  
  
    xq         Integral Delta                 error
    700      0.468398172681187E-05      0.313523411991706E-13
   
    xq              Plus                      regular                        delta                    combined PK                      error
    700      0.439764082970653E-05      0.771630220209041E-05      0.468398172681187E-05      0.167979247586088E-04      0.408370465118495E-06
Thanks for using LHAPDF 6.5.4. Please make sure to cite the paper:
  Eur.Phys.J. C75 (2015) 3, 132  (http://arxiv.org/abs/1412.7420)
  
 Writing data in the file  ../summary/run_01/PK4.dat                                                                           
  
LHAPDF 6.5.4 loading /home/niraj/1TB-Disc/Workspace-IITG/Packages/Install/LHAPDF-6.5.4/install/share/LHAPDF/MMHT2014nlo68cl/MMHT2014nlo68cl_0000.dat
MMHT2014nlo68cl PDF set, member #0, version 3; LHAPDF ID = 25100
   
   
 ~~~~~~~~~~~~~~~~~~~~~~~~~~~~~~~~~~~~~~~~~~~~
     Calculating P and K terms
 ~~~~~~~~~~~~~~~~~~~~~~~~~~~~~~~~~~~~~~~~~~~~
   
   
   
 ~~~~~~~~~~~~~~~~~~~~~~~~~~~~~~~~~~~~~~~~~~~~
     Calculating [+] distribution
 ~~~~~~~~~~~~~~~~~~~~~~~~~~~~~~~~~~~~~~~~~~~~
   
 ~~~~~~~~~~~~~~~~~~~~~~~~~~~~~~~~~~~~~~~~
Using Vegas points:                   1.E+09
         Iteration:                   10
 ~~~~~~~~~~~~~~~~~~~~~~~~~~~~~~~~~~~~~~~~
  
 For xq =         1300 
  
   
   
 ~~~~~~~~~~~~~~~~~~~~~~~~~~~~~~~~~~~~~~~~~~~~
     Calculating PlusA distribution
 ~~~~~~~~~~~~~~~~~~~~~~~~~~~~~~~~~~~~~~~~~~~~
   
 RM48 INITIALIZED:        40           0         0



 INPUT PARAMETERS FOR VEGAS:  NDIM=  4  NCALL=  933897762.
                              IT=    0  ITMX=   10
                              MDS= -1   ND=  49
   1     -0.3259891E-04 0.1805E-06 -0.3259891E-04 0.1805E-06  0.000    
   2     -0.3267757E-04 0.6894E-07 -0.3266760E-04 0.6434E-07 0.1654    
   3     -0.3277900E-04 0.5714E-07 -0.3273012E-04 0.4268E-07 0.9211    
   4     -0.3286541E-04 0.5471E-07 -0.3278167E-04 0.3363E-07  1.885    
   5     -0.3284766E-04 0.5383E-07 -0.3280029E-04 0.2851E-07  1.683    
   6     -0.3280389E-04 0.5342E-07 -0.3280109E-04 0.2515E-07  1.346    
   7     -0.3284858E-04 0.5335E-07 -0.3280976E-04 0.2275E-07  1.230    
   8     -0.3285883E-04 0.5343E-07 -0.3281733E-04 0.2093E-07  1.156    
   9     -0.3278202E-04 0.5323E-07 -0.3281260E-04 0.1948E-07  1.059    
  10     -0.3276188E-04 0.5340E-07 -0.3280665E-04 0.1830E-07  1.030    



 INPUT PARAMETERS FOR VEGAS:  NDIM=  4  NCALL= 1310720000.
                              IT=    0  ITMX=   20
                              MDS= -1   ND=  40
   1     -0.3282763E-04 0.4527E-07 -0.3282763E-04 0.4527E-07  0.000    
   2     -0.3276474E-04 0.4521E-07 -0.3279621E-04 0.3199E-07 0.9660    
   3     -0.3280323E-04 0.4525E-07 -0.3279855E-04 0.2612E-07 0.4910    
   4     -0.3275135E-04 0.4520E-07 -0.3278676E-04 0.2262E-07 0.5996    
   5     -0.3270422E-04 0.4515E-07 -0.3277027E-04 0.2022E-07  1.116    
   6     -0.3279217E-04 0.4522E-07 -0.3277392E-04 0.1846E-07 0.9316    
   7     -0.3274997E-04 0.4522E-07 -0.3277051E-04 0.1709E-07 0.8165    
   8     -0.3277272E-04 0.4521E-07 -0.3277078E-04 0.1599E-07 0.7002    
   9     -0.3279927E-04 0.4525E-07 -0.3277395E-04 0.1507E-07 0.6566    
  10     -0.3281897E-04 0.4524E-07 -0.3277846E-04 0.1430E-07 0.6828    
  11     -0.3274777E-04 0.4520E-07 -0.3277567E-04 0.1363E-07 0.6564    
  12     -0.3276380E-04 0.4519E-07 -0.3277468E-04 0.1305E-07 0.6025    
  13     -0.3281426E-04 0.4522E-07 -0.3277773E-04 0.1254E-07 0.6113    
  14     -0.3276752E-04 0.4517E-07 -0.3277700E-04 0.1208E-07 0.5679    
  15     -0.3283426E-04 0.4524E-07 -0.3278083E-04 0.1167E-07 0.6344    
  16     -0.3281139E-04 0.4523E-07 -0.3278274E-04 0.1130E-07 0.6206    
  17     -0.3271365E-04 0.4518E-07 -0.3277869E-04 0.1097E-07 0.7190    
  18     -0.3281572E-04 0.4522E-07 -0.3278075E-04 0.1066E-07 0.7139    
  19     -0.3269379E-04 0.4518E-07 -0.3277618E-04 0.1037E-07 0.8685    
  20     -0.3271864E-04 0.4517E-07 -0.3277331E-04 0.1011E-07 0.9038    
   
   
 ~~~~~~~~~~~~~~~~~~~~~~~~~~~~~~~~~~~~~~~~~~~~
     Calculating PlusB distribution
 ~~~~~~~~~~~~~~~~~~~~~~~~~~~~~~~~~~~~~~~~~~~~
   
 RM48 INITIALIZED:        40           0         0



 INPUT PARAMETERS FOR VEGAS:  NDIM=  4  NCALL=  933897762.
                              IT=    0  ITMX=   10
                              MDS= -1   ND=  49
   1     -0.3292203E-04 0.1813E-06 -0.3292203E-04 0.1813E-06  0.000    
   2     -0.3302699E-04 0.7055E-07 -0.3301327E-04 0.6567E-07 0.2903    
   3     -0.3301996E-04 0.5825E-07 -0.3301702E-04 0.4357E-07 0.1479    
   4     -0.3303456E-04 0.5559E-07 -0.3302371E-04 0.3428E-07 0.1191    
   5     -0.3318966E-04 0.5477E-07 -0.3307081E-04 0.2905E-07  1.748    
   6     -0.3306568E-04 0.5424E-07 -0.3306966E-04 0.2561E-07  1.399    
   7     -0.3312277E-04 0.5414E-07 -0.3307941E-04 0.2315E-07  1.297    
   8     -0.3302355E-04 0.5410E-07 -0.3307078E-04 0.2128E-07  1.240    
   9     -0.3314602E-04 0.5439E-07 -0.3308082E-04 0.1982E-07  1.293    
  10     -0.3307327E-04 0.5466E-07 -0.3307994E-04 0.1863E-07  1.151    



 INPUT PARAMETERS FOR VEGAS:  NDIM=  4  NCALL= 1310720000.
                              IT=    0  ITMX=   20
                              MDS= -1   ND=  40
   1     -0.3299215E-04 0.4576E-07 -0.3299215E-04 0.4576E-07  0.000    
   2     -0.3306555E-04 0.4583E-07 -0.3302888E-04 0.3238E-07  1.284    
   3     -0.3303945E-04 0.4579E-07 -0.3303240E-04 0.2644E-07 0.6597    
   4     -0.3306582E-04 0.4579E-07 -0.3304077E-04 0.2290E-07 0.5729    
   5     -0.3303577E-04 0.4577E-07 -0.3303977E-04 0.2048E-07 0.4321    
   6     -0.3308256E-04 0.4584E-07 -0.3304691E-04 0.1870E-07 0.4910    
   7     -0.3309989E-04 0.4584E-07 -0.3305448E-04 0.1731E-07 0.6004    
   8     -0.3304542E-04 0.4578E-07 -0.3305335E-04 0.1619E-07 0.5195    
   9     -0.3299982E-04 0.4578E-07 -0.3304742E-04 0.1527E-07 0.6063    
  10     -0.3301484E-04 0.4579E-07 -0.3304416E-04 0.1448E-07 0.5896    
  11     -0.3308362E-04 0.4582E-07 -0.3304775E-04 0.1381E-07 0.5980    
  12     -0.3304231E-04 0.4582E-07 -0.3304730E-04 0.1322E-07 0.5449    
  13     -0.3307900E-04 0.4581E-07 -0.3304974E-04 0.1270E-07 0.5363    
  14     -0.3308726E-04 0.4586E-07 -0.3305242E-04 0.1224E-07 0.5428    
  15     -0.3302593E-04 0.4574E-07 -0.3305065E-04 0.1183E-07 0.5265    
  16     -0.3305284E-04 0.4581E-07 -0.3305079E-04 0.1145E-07 0.4915    
  17     -0.3302389E-04 0.4582E-07 -0.3304921E-04 0.1111E-07 0.4811    
  18     -0.3306756E-04 0.4585E-07 -0.3305023E-04 0.1080E-07 0.4617    
  19     -0.3299531E-04 0.4573E-07 -0.3304734E-04 0.1051E-07 0.5117    
  20     -0.3305597E-04 0.4580E-07 -0.3304777E-04 0.1024E-07 0.4866    
   
   
 Integral Plus:   2.7445851979625296E-007 +-   1.6433117446325701E-319
 with chisq    =  0.48656111625409215     
  
  
  
    xq         Integral Plus                 error
   1300      0.274458519796253E-06      0.203512224505706E-07
   
   
 ~~~~~~~~~~~~~~~~~~~~~~~~~~~~~~~~~~~~~~~~~~~~
     Calculating Regular Terms
 ~~~~~~~~~~~~~~~~~~~~~~~~~~~~~~~~~~~~~~~~~~~~
   
 ~~~~~~~~~~~~~~~~~~~~~~~~~~~~~~~~~~~~~~~~
Using Vegas points:                   1.E+07
         Iteration:                   10
 ~~~~~~~~~~~~~~~~~~~~~~~~~~~~~~~~~~~~~~~~
  
 For xq =         1300 
  
 RM48 INITIALIZED:        40           0         0



 INPUT PARAMETERS FOR VEGAS:  NDIM=  4  NCALL=    9759362.
                              IT=    0  ITMX=   10
                              MDS= -1   ND=  47
   1      0.3435482E-06 0.2825E-07  0.3435482E-06 0.2825E-07  0.000    
   2      0.3040339E-06 0.6613E-08  0.3066186E-06 0.6822E-08  2.051    
   3      0.3115409E-06 0.5356E-08  0.3095690E-06 0.4261E-08  1.213    
   4      0.3095096E-06 0.5104E-08  0.3095456E-06 0.3289E-08 0.8222    
   5      0.3130576E-06 0.5067E-08  0.3105659E-06 0.2762E-08 0.7034    
   6      0.3087986E-06 0.5009E-08  0.3101694E-06 0.2423E-08 0.5859    
   7      0.3103479E-06 0.5016E-08  0.3102023E-06 0.2183E-08 0.4906    
   8      0.3124694E-06 0.5070E-08  0.3105529E-06 0.2006E-08 0.4451    
   9      0.3112872E-06 0.5049E-08  0.3106513E-06 0.1864E-08 0.3925    
  10      0.3103867E-06 0.5029E-08  0.3106200E-06 0.1749E-08 0.3500    



 INPUT PARAMETERS FOR VEGAS:  NDIM=  4  NCALL=   99574272.
                              IT=    0  ITMX=   20
                              MDS= -1   ND=  42
   1      0.3079618E-06 0.1563E-08  0.3079618E-06 0.1563E-08  0.000    
   2      0.3092537E-06 0.1567E-08  0.3086088E-06 0.1106E-08 0.3409    
   3      0.3078918E-06 0.1563E-08  0.3083702E-06 0.9030E-09 0.2407    
   4      0.3078716E-06 0.1565E-08  0.3082459E-06 0.7821E-09 0.1860    
   5      0.3138027E-06 0.1577E-08  0.3093744E-06 0.7007E-09  2.683    
   6      0.3097490E-06 0.1566E-08  0.3094370E-06 0.6396E-09  2.155    
   7      0.3096109E-06 0.1570E-08  0.3094618E-06 0.5923E-09  1.797    
   8      0.3064477E-06 0.1553E-08  0.3090854E-06 0.5534E-09  2.007    
   9      0.3100438E-06 0.1568E-08  0.3091922E-06 0.5219E-09  1.797    
  10      0.3087469E-06 0.1560E-08  0.3091475E-06 0.4949E-09  1.606    
  11      0.3092571E-06 0.1566E-08  0.3091574E-06 0.4719E-09  1.446    
  12      0.3089168E-06 0.1564E-08  0.3091374E-06 0.4518E-09  1.316    
  13      0.3118424E-06 0.1575E-08  0.3093465E-06 0.4343E-09  1.436    
  14      0.3125258E-06 0.1581E-08  0.3095739E-06 0.4188E-09  1.618    
  15      0.3102120E-06 0.1570E-08  0.3096165E-06 0.4046E-09  1.513    
  16      0.3096117E-06 0.1569E-08  0.3096162E-06 0.3918E-09  1.412    
  17      0.3084748E-06 0.1559E-08  0.3095488E-06 0.3800E-09  1.356    
  18      0.3105407E-06 0.1569E-08  0.3096041E-06 0.3693E-09  1.298    
  19      0.3090092E-06 0.1561E-08  0.3095727E-06 0.3594E-09  1.234    
  20      0.3091510E-06 0.1566E-08  0.3095517E-06 0.3503E-09  1.172    
   
   
 Integral Regular:   3.0955168810567466E-007 +-   3.5027431990515385E-010
 with chisq    =   1.1723927291164542     
  
  
  
    xq         Integral Regular                 error
   1300      0.309551688105675E-06      0.350274319905154E-09
   
   
 ~~~~~~~~~~~~~~~~~~~~~~~~~~~~~~~~~~~~~~~~~~~~
     Calculating Delta Functions
 ~~~~~~~~~~~~~~~~~~~~~~~~~~~~~~~~~~~~~~~~~~~~
   
 ~~~~~~~~~~~~~~~~~~~~~~~~~~~~~~~~~~~~~~~~
Using Vegas points:                   1.E+07
         Iteration:                   10
 ~~~~~~~~~~~~~~~~~~~~~~~~~~~~~~~~~~~~~~~~
  
 For xq =         1300 
  
 RM48 INITIALIZED:        40           0         0



 INPUT PARAMETERS FOR VEGAS:  NDIM=  2  NCALL=    9724050.
                              IT=    0  ITMX=   10
                              MDS= -1   ND=  49
   1      0.1995368E-06 0.6265E-12  0.1995368E-06 0.6265E-12  0.000    
   2      0.1995366E-06 0.7237E-13  0.1995366E-06 0.7190E-13 0.1795    
   3      0.1995366E-06 0.5021E-13  0.1995366E-06 0.4116E-13 0.1099    
   4      0.1995366E-06 0.4854E-13  0.1995366E-06 0.3139E-13 0.7897E-01
   5      0.1995365E-06 0.4842E-13  0.1995366E-06 0.2634E-13 0.8867E-01
   6      0.1995366E-06 0.4838E-13  0.1995366E-06 0.2314E-13 0.7310E-01
   7      0.1995365E-06 0.4842E-13  0.1995366E-06 0.2087E-13 0.1014    
   8      0.1995365E-06 0.4859E-13  0.1995366E-06 0.1918E-13 0.1201    
   9      0.1995365E-06 0.4884E-13  0.1995365E-06 0.1785E-13 0.1238    
  10      0.1995365E-06 0.4927E-13  0.1995365E-06 0.1678E-13 0.1742    



 INPUT PARAMETERS FOR VEGAS:  NDIM=  2  NCALL=   96827528.
                              IT=    0  ITMX=   20
                              MDS= -1   ND=  49
   1      0.1995365E-06 0.5000E-14  0.1995365E-06 0.5000E-14  0.000    
   2      0.1995365E-06 0.5000E-14  0.1995365E-06 0.3536E-14  0.000    
   3      0.1995365E-06 0.5000E-14  0.1995365E-06 0.2887E-14 0.7573    
   4      0.1995365E-06 0.5000E-14  0.1995365E-06 0.2500E-14  1.346    
   5      0.1995365E-06 0.5000E-14  0.1995365E-06 0.2236E-14 0.9466    
   6      0.1995365E-06 0.5001E-14  0.1995365E-06 0.2041E-14 0.9087    
   7      0.1995365E-06 0.4999E-14  0.1995365E-06 0.1890E-14  1.178    
   8      0.1995365E-06 0.5000E-14  0.1995365E-06 0.1768E-14 0.8655    
   9      0.1995365E-06 0.4999E-14  0.1995365E-06 0.1667E-14 0.8520    
  10      0.1995365E-06 0.5000E-14  0.1995365E-06 0.1581E-14 0.8414    
  11      0.1995365E-06 0.5000E-14  0.1995365E-06 0.1508E-14 0.5554    
  12      0.1995365E-06 0.4999E-14  0.1995365E-06 0.1443E-14 0.5508    
  13      0.1995365E-06 0.5001E-14  0.1995365E-06 0.1387E-14  1.094    
  14      0.1995365E-06 0.5000E-14  0.1995365E-06 0.1336E-14  1.087    
  15      0.1995365E-06 0.5001E-14  0.1995365E-06 0.1291E-14 0.8114    
  16      0.1995365E-06 0.5000E-14  0.1995365E-06 0.1250E-14  1.346    
  17      0.1995365E-06 0.5000E-14  0.1995365E-06 0.1213E-14  1.341    
  18      0.1995365E-06 0.5001E-14  0.1995365E-06 0.1179E-14  1.871    
  19      0.1995365E-06 0.4999E-14  0.1995365E-06 0.1147E-14  1.865    
  20      0.1995365E-06 0.4999E-14  0.1995365E-06 0.1118E-14  1.329    
   
   
 Integral Delta:   1.9953652903352451E-007 +-   1.1180260809085850E-015
 with chisq    =   1.3286266350270246     
  
  
  
    xq         Integral Delta                 error
   1300      0.199536529033525E-06      0.111802608090859E-14
   
    xq              Plus                      regular                        delta                    combined PK                      error
   1300      0.274458519796253E-06      0.309551688105675E-06      0.199536529033525E-06      0.783546736935452E-06      0.207014978885018E-07
Thanks for using LHAPDF 6.5.4. Please make sure to cite the paper:
  Eur.Phys.J. C75 (2015) 3, 132  (http://arxiv.org/abs/1412.7420)
  
 Writing data in the file  ../summary/run_01/PK6.dat                                                                           
  
LHAPDF 6.5.4 loading /home/niraj/1TB-Disc/Workspace-IITG/Packages/Install/LHAPDF-6.5.4/install/share/LHAPDF/MMHT2014nlo68cl/MMHT2014nlo68cl_0000.dat
MMHT2014nlo68cl PDF set, member #0, version 3; LHAPDF ID = 25100
   
   
 ~~~~~~~~~~~~~~~~~~~~~~~~~~~~~~~~~~~~~~~~~~~~
     Calculating P and K terms
 ~~~~~~~~~~~~~~~~~~~~~~~~~~~~~~~~~~~~~~~~~~~~
   
   
   
 ~~~~~~~~~~~~~~~~~~~~~~~~~~~~~~~~~~~~~~~~~~~~
     Calculating [+] distribution
 ~~~~~~~~~~~~~~~~~~~~~~~~~~~~~~~~~~~~~~~~~~~~
   
 ~~~~~~~~~~~~~~~~~~~~~~~~~~~~~~~~~~~~~~~~
Using Vegas points:                   1.E+09
         Iteration:                   10
 ~~~~~~~~~~~~~~~~~~~~~~~~~~~~~~~~~~~~~~~~
  
 For xq =         1900 
  
   
   
 ~~~~~~~~~~~~~~~~~~~~~~~~~~~~~~~~~~~~~~~~~~~~
     Calculating PlusA distribution
 ~~~~~~~~~~~~~~~~~~~~~~~~~~~~~~~~~~~~~~~~~~~~
   
 RM48 INITIALIZED:        40           0         0



 INPUT PARAMETERS FOR VEGAS:  NDIM=  4  NCALL=  933897762.
                              IT=    0  ITMX=   10
                              MDS= -1   ND=  49
   1     -0.3551244E-05 0.1818E-07 -0.3551244E-05 0.1818E-07  0.000    
   2     -0.3540457E-05 0.7519E-08 -0.3542041E-05 0.6956E-08 0.3012    
   3     -0.3534843E-05 0.6551E-08 -0.3538237E-05 0.4772E-08 0.4344    
   4     -0.3544545E-05 0.6370E-08 -0.3540506E-05 0.3819E-08 0.4990    
   5     -0.3532662E-05 0.6297E-08 -0.3538406E-05 0.3266E-08 0.6574    
   6     -0.3533899E-05 0.6290E-08 -0.3537452E-05 0.2899E-08 0.6070    
   7     -0.3515961E-05 0.6253E-08 -0.3533692E-05 0.2631E-08  2.113    
   8     -0.3534135E-05 0.6281E-08 -0.3533758E-05 0.2426E-08  1.812    
   9     -0.3543704E-05 0.6312E-08 -0.3535043E-05 0.2265E-08  1.856    
  10     -0.3542962E-05 0.6339E-08 -0.3535942E-05 0.2133E-08  1.803    



 INPUT PARAMETERS FOR VEGAS:  NDIM=  4  NCALL= 1310720000.
                              IT=    0  ITMX=   20
                              MDS= -1   ND=  40
   1     -0.3534329E-05 0.5345E-08 -0.3534329E-05 0.5345E-08  0.000    
   2     -0.3538836E-05 0.5344E-08 -0.3536586E-05 0.3779E-08 0.3556    
   3     -0.3530333E-05 0.5340E-08 -0.3534504E-05 0.3085E-08 0.6344    
   4     -0.3532603E-05 0.5342E-08 -0.3534029E-05 0.2671E-08 0.4547    
   5     -0.3537312E-05 0.5348E-08 -0.3534686E-05 0.2390E-08 0.4164    
   6     -0.3540052E-05 0.5351E-08 -0.3535580E-05 0.2182E-08 0.5010    
   7     -0.3529779E-05 0.5343E-08 -0.3534753E-05 0.2020E-08 0.5856    
   8     -0.3534800E-05 0.5341E-08 -0.3534759E-05 0.1889E-08 0.5020    
   9     -0.3535933E-05 0.5343E-08 -0.3534890E-05 0.1781E-08 0.4446    
  10     -0.3537297E-05 0.5343E-08 -0.3535131E-05 0.1690E-08 0.4154    
  11     -0.3541991E-05 0.5350E-08 -0.3535755E-05 0.1611E-08 0.5238    
  12     -0.3546446E-05 0.5353E-08 -0.3536649E-05 0.1543E-08 0.8101    
  13     -0.3531073E-05 0.5336E-08 -0.3536220E-05 0.1482E-08 0.8265    
  14     -0.3539911E-05 0.5346E-08 -0.3536484E-05 0.1428E-08 0.7969    
  15     -0.3539307E-05 0.5348E-08 -0.3536672E-05 0.1380E-08 0.7585    
  16     -0.3549523E-05 0.5360E-08 -0.3537477E-05 0.1336E-08  1.069    
  17     -0.3534369E-05 0.5343E-08 -0.3537294E-05 0.1296E-08  1.022    
  18     -0.3536933E-05 0.5347E-08 -0.3537274E-05 0.1260E-08 0.9626    
  19     -0.3532417E-05 0.5340E-08 -0.3537018E-05 0.1226E-08 0.9527    
  20     -0.3542886E-05 0.5355E-08 -0.3537312E-05 0.1195E-08 0.9626    
   
   
 ~~~~~~~~~~~~~~~~~~~~~~~~~~~~~~~~~~~~~~~~~~~~
     Calculating PlusB distribution
 ~~~~~~~~~~~~~~~~~~~~~~~~~~~~~~~~~~~~~~~~~~~~
   
 RM48 INITIALIZED:        40           0         0



 INPUT PARAMETERS FOR VEGAS:  NDIM=  4  NCALL=  933897762.
                              IT=    0  ITMX=   10
                              MDS= -1   ND=  49
   1     -0.3593650E-05 0.1829E-07 -0.3593650E-05 0.1829E-07  0.000    
   2     -0.3597318E-05 0.7717E-08 -0.3596764E-05 0.7107E-08 0.3413E-01
   3     -0.3598356E-05 0.6727E-08 -0.3597604E-05 0.4885E-08 0.3028E-01
   4     -0.3594785E-05 0.6514E-08 -0.3596590E-05 0.3908E-08 0.6015E-01
   5     -0.3586304E-05 0.6432E-08 -0.3593827E-05 0.3341E-08 0.5108    
   6     -0.3594726E-05 0.6428E-08 -0.3594019E-05 0.2964E-08 0.4117    
   7     -0.3582643E-05 0.6421E-08 -0.3592031E-05 0.2692E-08 0.7727    
   8     -0.3591075E-05 0.6424E-08 -0.3591888E-05 0.2483E-08 0.6650    
   9     -0.3592494E-05 0.6436E-08 -0.3591967E-05 0.2316E-08 0.5829    
  10     -0.3578440E-05 0.6448E-08 -0.3590431E-05 0.2180E-08 0.9490    



 INPUT PARAMETERS FOR VEGAS:  NDIM=  4  NCALL= 1310720000.
                              IT=    0  ITMX=   20
                              MDS= -1   ND=  40
   1     -0.3579062E-05 0.5456E-08 -0.3579062E-05 0.5456E-08  0.000    
   2     -0.3585291E-05 0.5464E-08 -0.3582177E-05 0.3861E-08 0.6508    
   3     -0.3586732E-05 0.5461E-08 -0.3583698E-05 0.3152E-08 0.5572    
   4     -0.3585574E-05 0.5462E-08 -0.3584167E-05 0.2730E-08 0.4009    
   5     -0.3582230E-05 0.5465E-08 -0.3583780E-05 0.2442E-08 0.3258    
   6     -0.3589512E-05 0.5466E-08 -0.3584737E-05 0.2230E-08 0.4442    
   7     -0.3583098E-05 0.5460E-08 -0.3584503E-05 0.2064E-08 0.3831    
   8     -0.3581850E-05 0.5464E-08 -0.3584172E-05 0.1931E-08 0.3579    
   9     -0.3587617E-05 0.5463E-08 -0.3584555E-05 0.1821E-08 0.3573    
  10     -0.3586744E-05 0.5468E-08 -0.3584774E-05 0.1727E-08 0.3336    
  11     -0.3591691E-05 0.5466E-08 -0.3585404E-05 0.1647E-08 0.4462    
  12     -0.3586174E-05 0.5467E-08 -0.3585468E-05 0.1577E-08 0.4073    
  13     -0.3579619E-05 0.5457E-08 -0.3585019E-05 0.1515E-08 0.4616    
  14     -0.3582672E-05 0.5460E-08 -0.3584851E-05 0.1460E-08 0.4393    
  15     -0.3584977E-05 0.5467E-08 -0.3584859E-05 0.1411E-08 0.4079    
  16     -0.3585200E-05 0.5465E-08 -0.3584881E-05 0.1366E-08 0.3810    
  17     -0.3587391E-05 0.5469E-08 -0.3585028E-05 0.1325E-08 0.3695    
  18     -0.3592989E-05 0.5473E-08 -0.3585471E-05 0.1288E-08 0.4657    
  19     -0.3590131E-05 0.5468E-08 -0.3585716E-05 0.1254E-08 0.4781    
  20     -0.3579575E-05 0.5456E-08 -0.3585410E-05 0.1222E-08 0.5162    
   
   
 Integral Plus:   4.8097859205438077E-008 +-   1.6433117446325701E-319
 with chisq    =  0.51621200043684523     
  
  
  
    xq         Integral Plus                 error
   1900      0.480978592054381E-07      0.241709910695194E-08
   
   
 ~~~~~~~~~~~~~~~~~~~~~~~~~~~~~~~~~~~~~~~~~~~~
     Calculating Regular Terms
 ~~~~~~~~~~~~~~~~~~~~~~~~~~~~~~~~~~~~~~~~~~~~
   
 ~~~~~~~~~~~~~~~~~~~~~~~~~~~~~~~~~~~~~~~~
Using Vegas points:                   1.E+07
         Iteration:                   10
 ~~~~~~~~~~~~~~~~~~~~~~~~~~~~~~~~~~~~~~~~
  
 For xq =         1900 
  
 RM48 INITIALIZED:        40           0         0



 INPUT PARAMETERS FOR VEGAS:  NDIM=  4  NCALL=    9759362.
                              IT=    0  ITMX=   10
                              MDS= -1   ND=  47
   1      0.3181976E-07 0.2649E-08  0.3181976E-07 0.2649E-08  0.000    
   2      0.3154432E-07 0.7332E-09  0.3156424E-07 0.7093E-09 0.1012E-01
   3      0.3160653E-07 0.5773E-09  0.3158963E-07 0.4480E-09 0.6136E-02
   4      0.3368834E-07 0.5786E-09  0.3243839E-07 0.3514E-09  2.867    
   5      0.3051108E-07 0.5455E-09  0.3191465E-07 0.2969E-09  4.280    
   6      0.3134934E-07 0.5544E-09  0.3179176E-07 0.2619E-09  3.601    
   7      0.3182327E-07 0.5554E-09  0.3179751E-07 0.2369E-09  2.999    
   8      0.3053326E-07 0.5465E-09  0.3161062E-07 0.2176E-09  3.203    
   9      0.3118250E-07 0.5534E-09  0.3155466E-07 0.2026E-09  2.875    
  10      0.3169051E-07 0.5525E-09  0.3157087E-07 0.1902E-09  2.559    



 INPUT PARAMETERS FOR VEGAS:  NDIM=  4  NCALL=   99574272.
                              IT=    0  ITMX=   20
                              MDS= -1   ND=  42
   1      0.3108907E-07 0.1725E-09  0.3108907E-07 0.1725E-09  0.000    
   2      0.3161941E-07 0.1741E-09  0.3135623E-07 0.1225E-09  4.682    
   3      0.3141484E-07 0.1735E-09  0.3137579E-07 0.1001E-09  2.376    
   4      0.3126495E-07 0.1731E-09  0.3134817E-07 0.8666E-10  1.689    
   5      0.3154715E-07 0.1737E-09  0.3138821E-07 0.7755E-10  1.528    
   6      0.3154177E-07 0.1737E-09  0.3141394E-07 0.7081E-10  1.352    
   7      0.3149933E-07 0.1738E-09  0.3142615E-07 0.6558E-10  1.160    
   8      0.3145059E-07 0.1737E-09  0.3142921E-07 0.6135E-10 0.9966    
   9      0.3150621E-07 0.1747E-09  0.3143770E-07 0.5788E-10 0.8933    
  10      0.3153559E-07 0.1751E-09  0.3144740E-07 0.5496E-10 0.8250    
  11      0.3141065E-07 0.1737E-09  0.3144406E-07 0.5240E-10 0.7467    
  12      0.3131429E-07 0.1728E-09  0.3143322E-07 0.5014E-10 0.7259    
  13      0.3130984E-07 0.1728E-09  0.3142370E-07 0.4816E-10 0.7048    
  14      0.3124640E-07 0.1729E-09  0.3141107E-07 0.4639E-10 0.7254    
  15      0.3132191E-07 0.1734E-09  0.3140515E-07 0.4481E-10 0.6914    
  16      0.3138882E-07 0.1733E-09  0.3140413E-07 0.4339E-10 0.6459    
  17      0.3091453E-07 0.1728E-09  0.3137595E-07 0.4208E-10  1.066    
  18      0.3145216E-07 0.1738E-09  0.3138019E-07 0.4090E-10  1.013    
  19      0.3136627E-07 0.1729E-09  0.3137945E-07 0.3980E-10 0.9574    
  20      0.3129280E-07 0.1731E-09  0.3137512E-07 0.3879E-10 0.9197    
   
   
 Integral Regular:   3.1375120613216834E-008 +-   3.8790146331108266E-011
 with chisq    =  0.91973882098924498     
  
  
  
    xq         Integral Regular                 error
   1900      0.313751206132168E-07      0.387901463311083E-10
   
   
 ~~~~~~~~~~~~~~~~~~~~~~~~~~~~~~~~~~~~~~~~~~~~
     Calculating Delta Functions
 ~~~~~~~~~~~~~~~~~~~~~~~~~~~~~~~~~~~~~~~~~~~~
   
 ~~~~~~~~~~~~~~~~~~~~~~~~~~~~~~~~~~~~~~~~
Using Vegas points:                   1.E+07
         Iteration:                   10
 ~~~~~~~~~~~~~~~~~~~~~~~~~~~~~~~~~~~~~~~~
  
 For xq =         1900 
  
 RM48 INITIALIZED:        40           0         0



 INPUT PARAMETERS FOR VEGAS:  NDIM=  2  NCALL=    9724050.
                              IT=    0  ITMX=   10
                              MDS= -1   ND=  49
   1      0.2163764E-07 0.3111E-13  0.2163764E-07 0.3111E-13  0.000    
   2      0.2163761E-07 0.6375E-14  0.2163761E-07 0.6245E-14  1.029    
   3      0.2163760E-07 0.4860E-14  0.2163761E-07 0.3835E-14 0.7943    
   4      0.2163760E-07 0.4740E-14  0.2163760E-07 0.2982E-14 0.6248    
   5      0.2163760E-07 0.4738E-14  0.2163760E-07 0.2524E-14 0.4722    
   6      0.2163760E-07 0.4734E-14  0.2163760E-07 0.2227E-14 0.4016    
   7      0.2163760E-07 0.4737E-14  0.2163760E-07 0.2015E-14 0.4087    
   8      0.2163760E-07 0.4751E-14  0.2163760E-07 0.1855E-14 0.3642    
   9      0.2163760E-07 0.4768E-14  0.2163760E-07 0.1729E-14 0.3834    
  10      0.2163760E-07 0.4802E-14  0.2163760E-07 0.1627E-14 0.3809    



 INPUT PARAMETERS FOR VEGAS:  NDIM=  2  NCALL=   96827528.
                              IT=    0  ITMX=   20
                              MDS= -1   ND=  49
   1      0.2163760E-07 0.4866E-15  0.2163760E-07 0.4866E-15  0.000    
   2      0.2163760E-07 0.4867E-15  0.2163760E-07 0.3441E-15  0.000    
   3      0.2163760E-07 0.4866E-15  0.2163760E-07 0.2810E-15  1.249    
   4      0.2163760E-07 0.4866E-15  0.2163760E-07 0.2433E-15  0.000    
   5      0.2163760E-07 0.4867E-15  0.2163760E-07 0.2176E-15 0.5205    
   6      0.2163760E-07 0.4867E-15  0.2163760E-07 0.1987E-15 0.9993    
   7      0.2163760E-07 0.4866E-15  0.2163760E-07 0.1839E-15 0.4858    
   8      0.2163760E-07 0.4867E-15  0.2163760E-07 0.1721E-15  0.000    
   9      0.2163760E-07 0.4866E-15  0.2163760E-07 0.1622E-15 0.9369    
  10      0.2163760E-07 0.4866E-15  0.2163760E-07 0.1539E-15 0.4626    
  11      0.2163760E-07 0.4866E-15  0.2163760E-07 0.1467E-15 0.9161    
  12      0.2163760E-07 0.4866E-15  0.2163760E-07 0.1405E-15 0.4543    
  13      0.2163760E-07 0.4867E-15  0.2163760E-07 0.1350E-15 0.4511    
  14      0.2163760E-07 0.4867E-15  0.2163760E-07 0.1301E-15 0.8968    
  15      0.2163760E-07 0.4867E-15  0.2163760E-07 0.1257E-15 0.4461    
  16      0.2163760E-07 0.4866E-15  0.2163760E-07 0.1217E-15  0.000    
  17      0.2163760E-07 0.4866E-15  0.2163760E-07 0.1180E-15  0.000    
  18      0.2163760E-07 0.4867E-15  0.2163760E-07 0.1147E-15  0.000    
  19      0.2163760E-07 0.4866E-15  0.2163760E-07 0.1116E-15 0.8790    
  20      0.2163760E-07 0.4866E-15  0.2163760E-07 0.1088E-15 0.4383    
   
   
 Integral Delta:   2.1637600445869822E-008 +-   1.0881574547320305E-016
 with chisq    =  0.43830190913138728     
  
  
  
    xq         Integral Delta                 error
   1900      0.216376004458698E-07      0.108815745473203E-15
   
    xq              Plus                      regular                        delta                    combined PK                      error
   1900      0.480978592054381E-07      0.313751206132168E-07      0.216376004458698E-07      0.101110580264525E-06      0.245588936209879E-08
Thanks for using LHAPDF 6.5.4. Please make sure to cite the paper:
  Eur.Phys.J. C75 (2015) 3, 132  (http://arxiv.org/abs/1412.7420)
  
 Writing data in the file  ../summary/run_01/PK7.dat                                                                           
  
LHAPDF 6.5.4 loading /home/niraj/1TB-Disc/Workspace-IITG/Packages/Install/LHAPDF-6.5.4/install/share/LHAPDF/MMHT2014nlo68cl/MMHT2014nlo68cl_0000.dat
MMHT2014nlo68cl PDF set, member #0, version 3; LHAPDF ID = 25100
   
   
 ~~~~~~~~~~~~~~~~~~~~~~~~~~~~~~~~~~~~~~~~~~~~
     Calculating P and K terms
 ~~~~~~~~~~~~~~~~~~~~~~~~~~~~~~~~~~~~~~~~~~~~
   
   
   
 ~~~~~~~~~~~~~~~~~~~~~~~~~~~~~~~~~~~~~~~~~~~~
     Calculating [+] distribution
 ~~~~~~~~~~~~~~~~~~~~~~~~~~~~~~~~~~~~~~~~~~~~
   
 ~~~~~~~~~~~~~~~~~~~~~~~~~~~~~~~~~~~~~~~~
Using Vegas points:                   1.E+09
         Iteration:                   10
 ~~~~~~~~~~~~~~~~~~~~~~~~~~~~~~~~~~~~~~~~
  
 For xq =         2200 
  
   
   
 ~~~~~~~~~~~~~~~~~~~~~~~~~~~~~~~~~~~~~~~~~~~~
     Calculating PlusA distribution
 ~~~~~~~~~~~~~~~~~~~~~~~~~~~~~~~~~~~~~~~~~~~~
   
 RM48 INITIALIZED:        40           0         0



 INPUT PARAMETERS FOR VEGAS:  NDIM=  4  NCALL=  933897762.
                              IT=    0  ITMX=   10
                              MDS= -1   ND=  49
   1     -0.1361505E-05 0.6835E-08 -0.1361505E-05 0.6835E-08  0.000    
   2     -0.1364506E-05 0.2910E-08 -0.1364047E-05 0.2675E-08 0.1630    
   3     -0.1363817E-05 0.2575E-08 -0.1363928E-05 0.1855E-08 0.8340E-01
   4     -0.1363698E-05 0.2513E-08 -0.1363846E-05 0.1493E-08 0.5740E-01
   5     -0.1362132E-05 0.2489E-08 -0.1363394E-05 0.1280E-08 0.1302    
   6     -0.1362735E-05 0.2481E-08 -0.1363255E-05 0.1138E-08 0.1153    
   7     -0.1358640E-05 0.2477E-08 -0.1362455E-05 0.1034E-08 0.5720    
   8     -0.1367871E-05 0.2483E-08 -0.1363261E-05 0.9544E-09  1.072    
   9     -0.1363001E-05 0.2487E-08 -0.1363227E-05 0.8910E-09 0.9394    
  10     -0.1360217E-05 0.2495E-08 -0.1362888E-05 0.8392E-09 0.9784    



 INPUT PARAMETERS FOR VEGAS:  NDIM=  4  NCALL= 1310720000.
                              IT=    0  ITMX=   20
                              MDS= -1   ND=  40
   1     -0.1365786E-05 0.2114E-08 -0.1365786E-05 0.2114E-08  0.000    
   2     -0.1365861E-05 0.2112E-08 -0.1365823E-05 0.1494E-08 0.6319E-03
   3     -0.1359455E-05 0.2107E-08 -0.1363705E-05 0.1219E-08  3.031    
   4     -0.1363836E-05 0.2114E-08 -0.1363738E-05 0.1056E-08  2.021    
   5     -0.1364994E-05 0.2112E-08 -0.1363989E-05 0.9444E-09  1.586    
   6     -0.1366077E-05 0.2113E-08 -0.1364338E-05 0.8623E-09  1.431    
   7     -0.1359810E-05 0.2108E-08 -0.1363692E-05 0.7980E-09  1.850    
   8     -0.1360761E-05 0.2109E-08 -0.1363327E-05 0.7464E-09  1.827    
   9     -0.1362676E-05 0.2110E-08 -0.1363254E-05 0.7037E-09  1.609    
  10     -0.1365530E-05 0.2114E-08 -0.1363482E-05 0.6677E-09  1.546    
  11     -0.1363371E-05 0.2112E-08 -0.1363472E-05 0.6366E-09  1.392    
  12     -0.1365489E-05 0.2112E-08 -0.1363640E-05 0.6095E-09  1.341    
  13     -0.1361256E-05 0.2111E-08 -0.1363457E-05 0.5856E-09  1.328    
  14     -0.1363877E-05 0.2112E-08 -0.1363487E-05 0.5643E-09  1.228    
  15     -0.1363897E-05 0.2111E-08 -0.1363515E-05 0.5452E-09  1.143    
  16     -0.1363004E-05 0.2108E-08 -0.1363483E-05 0.5278E-09  1.071    
  17     -0.1363427E-05 0.2110E-08 -0.1363479E-05 0.5120E-09  1.004    
  18     -0.1363223E-05 0.2112E-08 -0.1363465E-05 0.4976E-09 0.9454    
  19     -0.1361998E-05 0.2110E-08 -0.1363388E-05 0.4843E-09 0.9184    
  20     -0.1361414E-05 0.2110E-08 -0.1363290E-05 0.4720E-09 0.9139    
   
   
 ~~~~~~~~~~~~~~~~~~~~~~~~~~~~~~~~~~~~~~~~~~~~
     Calculating PlusB distribution
 ~~~~~~~~~~~~~~~~~~~~~~~~~~~~~~~~~~~~~~~~~~~~
   
 RM48 INITIALIZED:        40           0         0



 INPUT PARAMETERS FOR VEGAS:  NDIM=  4  NCALL=  933897762.
                              IT=    0  ITMX=   10
                              MDS= -1   ND=  49
   1     -0.1381142E-05 0.6876E-08 -0.1381142E-05 0.6876E-08  0.000    
   2     -0.1384343E-05 0.2985E-08 -0.1383837E-05 0.2736E-08 0.1821    
   3     -0.1387135E-05 0.2649E-08 -0.1385545E-05 0.1902E-08 0.4660    
   4     -0.1383098E-05 0.2575E-08 -0.1384682E-05 0.1530E-08 0.5054    
   5     -0.1388196E-05 0.2553E-08 -0.1385615E-05 0.1312E-08 0.7283    
   6     -0.1388372E-05 0.2545E-08 -0.1386196E-05 0.1166E-08 0.7683    
   7     -0.1389481E-05 0.2536E-08 -0.1386772E-05 0.1059E-08 0.8713    
   8     -0.1389647E-05 0.2540E-08 -0.1387200E-05 0.9777E-09 0.9027    
   9     -0.1384156E-05 0.2546E-08 -0.1386810E-05 0.9127E-09 0.9455    
  10     -0.1383378E-05 0.2550E-08 -0.1386421E-05 0.8594E-09  1.019    



 INPUT PARAMETERS FOR VEGAS:  NDIM=  4  NCALL= 1310720000.
                              IT=    0  ITMX=   20
                              MDS= -1   ND=  40
   1     -0.1385022E-05 0.2165E-08 -0.1385022E-05 0.2165E-08  0.000    
   2     -0.1387698E-05 0.2166E-08 -0.1386361E-05 0.1531E-08 0.7633    
   3     -0.1386024E-05 0.2163E-08 -0.1386249E-05 0.1250E-08 0.3898    
   4     -0.1384900E-05 0.2163E-08 -0.1385912E-05 0.1082E-08 0.3571    
   5     -0.1383378E-05 0.2162E-08 -0.1385406E-05 0.9677E-09 0.5419    
   6     -0.1382973E-05 0.2165E-08 -0.1385002E-05 0.8835E-09 0.6437    
   7     -0.1388283E-05 0.2168E-08 -0.1385471E-05 0.8182E-09 0.8644    
   8     -0.1381460E-05 0.2160E-08 -0.1384970E-05 0.7652E-09  1.170    
   9     -0.1384240E-05 0.2165E-08 -0.1384889E-05 0.7214E-09  1.037    
  10     -0.1385532E-05 0.2164E-08 -0.1384954E-05 0.6844E-09 0.9302    
  11     -0.1384338E-05 0.2163E-08 -0.1384898E-05 0.6525E-09 0.8446    
  12     -0.1383759E-05 0.2162E-08 -0.1384803E-05 0.6247E-09 0.7909    
  13     -0.1388734E-05 0.2169E-08 -0.1385105E-05 0.6003E-09 0.9787    
  14     -0.1383399E-05 0.2164E-08 -0.1384984E-05 0.5784E-09 0.9479    
  15     -0.1385888E-05 0.2167E-08 -0.1385044E-05 0.5589E-09 0.8917    
  16     -0.1385117E-05 0.2166E-08 -0.1385049E-05 0.5411E-09 0.8323    
  17     -0.1382109E-05 0.2163E-08 -0.1384876E-05 0.5250E-09 0.8888    
  18     -0.1383896E-05 0.2165E-08 -0.1384822E-05 0.5102E-09 0.8479    
  19     -0.1386677E-05 0.2167E-08 -0.1384919E-05 0.4966E-09 0.8394    
  20     -0.1384466E-05 0.2165E-08 -0.1384897E-05 0.4840E-09 0.7974    
   
   
 Integral Plus:   2.1607207302828386E-008 +-   1.6433117446325701E-319
 with chisq    =  0.79741142505111084     
  
  
  
    xq         Integral Plus                 error
   2200      0.216072073028284E-07      0.956062166477997E-09
   
   
 ~~~~~~~~~~~~~~~~~~~~~~~~~~~~~~~~~~~~~~~~~~~~
     Calculating Regular Terms
 ~~~~~~~~~~~~~~~~~~~~~~~~~~~~~~~~~~~~~~~~~~~~
   
 ~~~~~~~~~~~~~~~~~~~~~~~~~~~~~~~~~~~~~~~~
Using Vegas points:                   1.E+07
         Iteration:                   10
 ~~~~~~~~~~~~~~~~~~~~~~~~~~~~~~~~~~~~~~~~
  
 For xq =         2200 
  
 RM48 INITIALIZED:        40           0         0



 INPUT PARAMETERS FOR VEGAS:  NDIM=  4  NCALL=    9759362.
                              IT=    0  ITMX=   10
                              MDS= -1   ND=  47
   1      0.1192054E-07 0.9195E-09  0.1192054E-07 0.9195E-09  0.000    
   2      0.1158081E-07 0.2717E-09  0.1160957E-07 0.2637E-09 0.1286    
   3      0.1155169E-07 0.2163E-09  0.1157545E-07 0.1680E-09 0.7937E-01
   4      0.1153087E-07 0.2133E-09  0.1155866E-07 0.1322E-09 0.6216E-01
   5      0.1166521E-07 0.2114E-09  0.1158869E-07 0.1121E-09 0.9233E-01
   6      0.1190377E-07 0.2132E-09  0.1165925E-07 0.9910E-10 0.4247    
   7      0.1157605E-07 0.2080E-09  0.1164411E-07 0.8950E-10 0.3763    
   8      0.1150736E-07 0.2182E-09  0.1162490E-07 0.8283E-10 0.3708    
   9      0.1200068E-07 0.2171E-09  0.1167512E-07 0.7735E-10 0.6638    
  10      0.1188505E-07 0.2119E-09  0.1170051E-07 0.7264E-10 0.6868    



 INPUT PARAMETERS FOR VEGAS:  NDIM=  4  NCALL=   99574272.
                              IT=    0  ITMX=   20
                              MDS= -1   ND=  42
   1      0.1157767E-07 0.6571E-10  0.1157767E-07 0.6571E-10  0.000    
   2      0.1168193E-07 0.6622E-10  0.1162986E-07 0.4664E-10  1.249    
   3      0.1184432E-07 0.6698E-10  0.1170163E-07 0.3828E-10  4.111    
   4      0.1164144E-07 0.6612E-10  0.1168663E-07 0.3313E-10  2.953    
   5      0.1174647E-07 0.6661E-10  0.1169860E-07 0.2966E-10  2.373    
   6      0.1164944E-07 0.6609E-10  0.1169041E-07 0.2706E-10  1.993    
   7      0.1162445E-07 0.6592E-10  0.1168099E-07 0.2504E-10  1.805    
   8      0.1175401E-07 0.6632E-10  0.1169020E-07 0.2342E-10  1.698    
   9      0.1174216E-07 0.6633E-10  0.1169601E-07 0.2209E-10  1.553    
  10      0.1170700E-07 0.6634E-10  0.1169710E-07 0.2095E-10  1.383    
  11      0.1172193E-07 0.6614E-10  0.1169938E-07 0.1998E-10  1.257    
  12      0.1168125E-07 0.6630E-10  0.1169787E-07 0.1913E-10  1.149    
  13      0.1170761E-07 0.6636E-10  0.1169862E-07 0.1838E-10  1.055    
  14      0.1182280E-07 0.6647E-10  0.1170761E-07 0.1771E-10  1.226    
  15      0.1175052E-07 0.6652E-10  0.1171048E-07 0.1712E-10  1.166    
  16      0.1170168E-07 0.6640E-10  0.1170993E-07 0.1658E-10  1.089    
  17      0.1163627E-07 0.6646E-10  0.1170567E-07 0.1608E-10  1.094    
  18      0.1163596E-07 0.6668E-10  0.1170188E-07 0.1563E-10  1.090    
  19      0.1178649E-07 0.6666E-10  0.1170635E-07 0.1522E-10  1.115    
  20      0.1171222E-07 0.6655E-10  0.1170664E-07 0.1484E-10  1.056    
   
   
 Integral Regular:   1.1706641259856220E-008 +-   1.4838390068198720E-011
 with chisq    =   1.0562587195144040     
  
  
  
    xq         Integral Regular                 error
   2200      0.117066412598562E-07      0.148383900681987E-10
   
   
 ~~~~~~~~~~~~~~~~~~~~~~~~~~~~~~~~~~~~~~~~~~~~
     Calculating Delta Functions
 ~~~~~~~~~~~~~~~~~~~~~~~~~~~~~~~~~~~~~~~~~~~~
   
 ~~~~~~~~~~~~~~~~~~~~~~~~~~~~~~~~~~~~~~~~
Using Vegas points:                   1.E+07
         Iteration:                   10
 ~~~~~~~~~~~~~~~~~~~~~~~~~~~~~~~~~~~~~~~~
  
 For xq =         2200 
  
 RM48 INITIALIZED:        40           0         0



 INPUT PARAMETERS FOR VEGAS:  NDIM=  2  NCALL=    9724050.
                              IT=    0  ITMX=   10
                              MDS= -1   ND=  49
   1      0.8356915E-08 0.9144E-14  0.8356915E-08 0.9144E-14  0.000    
   2      0.8356904E-08 0.2301E-14  0.8356904E-08 0.2232E-14  1.339    
   3      0.8356902E-08 0.1810E-14  0.8356903E-08 0.1406E-14 0.9605    
   4      0.8356902E-08 0.1769E-14  0.8356903E-08 0.1101E-14 0.7395    
   5      0.8356902E-08 0.1767E-14  0.8356903E-08 0.9342E-15 0.5578    
   6      0.8356902E-08 0.1765E-14  0.8356902E-08 0.8257E-15 0.4629    
   7      0.8356901E-08 0.1764E-14  0.8356902E-08 0.7478E-15 0.4188    
   8      0.8356902E-08 0.1767E-14  0.8356902E-08 0.6887E-15 0.3675    
   9      0.8356900E-08 0.1771E-14  0.8356902E-08 0.6419E-15 0.4450    
  10      0.8356901E-08 0.1778E-14  0.8356902E-08 0.6037E-15 0.4058    



 INPUT PARAMETERS FOR VEGAS:  NDIM=  2  NCALL=   96827528.
                              IT=    0  ITMX=   20
                              MDS= -1   ND=  49
   1      0.8356901E-08 0.1795E-15  0.8356901E-08 0.1795E-15  0.000    
   2      0.8356901E-08 0.1796E-15  0.8356901E-08 0.1270E-15  2.294    
   3      0.8356901E-08 0.1795E-15  0.8356901E-08 0.1037E-15 0.5736    
   4      0.8356901E-08 0.1795E-15  0.8356901E-08 0.8977E-16 0.5099    
   5      0.8356901E-08 0.1795E-15  0.8356901E-08 0.8029E-16 0.4780    
   6      0.8356901E-08 0.1796E-15  0.8356901E-08 0.7330E-16 0.9177    
   7      0.8356901E-08 0.1795E-15  0.8356901E-08 0.6786E-16  1.338    
   8      0.8356901E-08 0.1795E-15  0.8356901E-08 0.6348E-16 0.8740    
   9      0.8356901E-08 0.1795E-15  0.8356901E-08 0.5985E-16 0.4302    
  10      0.8356901E-08 0.1795E-15  0.8356901E-08 0.5677E-16 0.4249    
  11      0.8356901E-08 0.1795E-15  0.8356901E-08 0.5413E-16  0.000    
  12      0.8356901E-08 0.1795E-15  0.8356901E-08 0.5183E-16 0.4172    
  13      0.8356901E-08 0.1796E-15  0.8356901E-08 0.4979E-16 0.8285    
  14      0.8356901E-08 0.1795E-15  0.8356901E-08 0.4798E-16 0.8236    
  15      0.8356901E-08 0.1796E-15  0.8356901E-08 0.4636E-16 0.8194    
  16      0.8356901E-08 0.1795E-15  0.8356901E-08 0.4488E-16 0.8158    
  17      0.8356901E-08 0.1795E-15  0.8356901E-08 0.4354E-16 0.8126    
  18      0.8356901E-08 0.1796E-15  0.8356901E-08 0.4232E-16 0.8098    
  19      0.8356901E-08 0.1795E-15  0.8356901E-08 0.4119E-16  0.000    
  20      0.8356901E-08 0.1795E-15  0.8356901E-08 0.4015E-16 0.4025    
   
   
 Integral Delta:   8.3569011210263520E-009 +-   4.0145311111685803E-017
 with chisq    =  0.40252902643904254     
  
  
  
    xq         Integral Delta                 error
   2200      0.835690112102635E-08      0.401453111116858E-16
   
    xq              Plus                      regular                        delta                    combined PK                      error
   2200      0.216072073028284E-07      0.117066412598562E-07      0.835690112102635E-08      0.416707496837110E-07      0.970900596691507E-09
Thanks for using LHAPDF 6.5.4. Please make sure to cite the paper:
  Eur.Phys.J. C75 (2015) 3, 132  (http://arxiv.org/abs/1412.7420)
