       100     1.043025114816781e+01     1.436303318712719e-02
       400     3.058100960406638e-02     7.698994059823309e-05
       700     2.318412156609996e-03     7.097562194708137e-06
      1000     3.957821436124776e-04     1.368146538634806e-06
      1300     9.820476415682813e-05     3.812319677238465e-07
      1600     3.042887517355487e-05     1.186287211230492e-07
      1900     1.071074466508178e-05     4.276937850811636e-08
      2200     4.113939350039571e-06     1.962514805963563e-08
      2500     1.694786677445940e-06     8.642911335182805e-09
LHAPDF 6.5.4 loading /home/niraj/1TB-Disc/Workspace-IITG/Packages/Install/LHAPDF-6.5.4/install/share/LHAPDF/MMHT2014nlo68cl/MMHT2014nlo68cl_0000.dat
MMHT2014nlo68cl PDF set, member #0, version 3; LHAPDF ID = 25100
 Writing your data in ../summary/run_01/virtual0.dat
   
   
 ~~~~~~~~~~~~~~~~~~~~~~~~~~~~~~~~~~~~~~~~~~~~
     Calculating virtual contribrtion
 ~~~~~~~~~~~~~~~~~~~~~~~~~~~~~~~~~~~~~~~~~~~~
   
 ~~~~~~~~~~~~~~~~~~~~~~~~~~~~~~~~~~~~~~~~
Using Vegas points:                   1.E+06
         Iteration:                   10
 ~~~~~~~~~~~~~~~~~~~~~~~~~~~~~~~~~~~~~~~~
  
 For xq =          100 
  
 RM48 INITIALIZED:        40           0         0



 INPUT PARAMETERS FOR VEGAS:  NDIM=  3  NCALL=     949104.
                              IT=    0  ITMX=   10
                              MDS= -1   ND=  39
   1       8.019614      2.927       8.019614      2.927      0.000    
   2       7.447175     0.8182       7.494724     0.8142     0.3765E-01
   3       10.60773     0.8891       9.399095     0.5768      3.473    
   4       10.01598     0.3602       9.873260     0.2875      2.429    
   5       10.50727     0.2531       10.27365     0.1802      2.430    
   6       10.07233     0.2277       10.18960     0.1392      2.000    
   7       9.880754     0.2205       10.09697     0.1171      1.892    
   8       10.26532     0.2207       10.13809     0.1027      1.663    
   9       10.45857     0.2218       10.20240     0.9270E-01  1.668    
  10       10.25107     0.2161       10.21061     0.8495E-01  1.472    



 INPUT PARAMETERS FOR VEGAS:  NDIM=  3  NCALL=    9483264.
                              IT=    0  ITMX=   20
                              MDS= -1   ND=  42
   1       10.37152     0.6405E-01   10.37152     0.6405E-01  0.000    
   2       10.36763     0.6407E-01   10.36958     0.4530E-01 0.1850E-02
   3       10.42308     0.6392E-01   10.38759     0.3696E-01 0.2350    
   4       10.33166     0.6407E-01   10.37374     0.3201E-01 0.3466    
   5       10.47609     0.6444E-01   10.39432     0.2867E-01 0.7708    
   6       10.39710     0.6396E-01   10.39478     0.2616E-01 0.6169    
   7       10.47021     0.6413E-01   10.40568     0.2422E-01 0.7127    
   8       10.45306     0.6442E-01   10.41160     0.2267E-01 0.6784    
   9       10.42848     0.6461E-01   10.41345     0.2139E-01 0.6010    
  10       10.36177     0.6388E-01   10.40829     0.2029E-01 0.5996    
  11       10.43711     0.6435E-01   10.41091     0.1935E-01 0.5577    
  12       10.48528     0.6419E-01   10.41718     0.1853E-01 0.6196    
  13       10.39244     0.6459E-01   10.41531     0.1781E-01 0.5794    
  14       10.42295     0.6402E-01   10.41586     0.1716E-01 0.5358    
  15       10.49105     0.6429E-01   10.42093     0.1658E-01 0.5894    
  16       10.39909     0.6439E-01   10.41957     0.1605E-01 0.5574    
  17       10.51357     0.6409E-01   10.42522     0.1557E-01 0.6506    
  18       10.29949     0.6384E-01   10.41832     0.1513E-01 0.8238    
  19       10.47260     0.6452E-01   10.42117     0.1473E-01 0.8153    
  20       10.60023     0.6483E-01   10.43025     0.1436E-01  1.165    
   
   
 Integral virtual contribrtion:   10.430251148167812      +-   1.4363033187127186E-002
 with chisq    =   1.1646694465844767     
  
  
  
    xq         Integral virtual contribrtion                 error
    100      0.104302511481678E+02      0.143630331871272E-01
Thanks for using LHAPDF 6.5.4. Please make sure to cite the paper:
  Eur.Phys.J. C75 (2015) 3, 132  (http://arxiv.org/abs/1412.7420)
LHAPDF 6.5.4 loading /home/niraj/1TB-Disc/Workspace-IITG/Packages/Install/LHAPDF-6.5.4/install/share/LHAPDF/MMHT2014nlo68cl/MMHT2014nlo68cl_0000.dat
MMHT2014nlo68cl PDF set, member #0, version 3; LHAPDF ID = 25100
 Writing your data in ../summary/run_01/virtual1.dat
   
   
 ~~~~~~~~~~~~~~~~~~~~~~~~~~~~~~~~~~~~~~~~~~~~
     Calculating virtual contribrtion
 ~~~~~~~~~~~~~~~~~~~~~~~~~~~~~~~~~~~~~~~~~~~~
   
 ~~~~~~~~~~~~~~~~~~~~~~~~~~~~~~~~~~~~~~~~
Using Vegas points:                   1.E+06
         Iteration:                   10
 ~~~~~~~~~~~~~~~~~~~~~~~~~~~~~~~~~~~~~~~~
  
 For xq =          400 
  
 RM48 INITIALIZED:        40           0         0



 INPUT PARAMETERS FOR VEGAS:  NDIM=  3  NCALL=     949104.
                              IT=    0  ITMX=   10
                              MDS= -1   ND=  39
   1      0.4084106E-01 0.7249E-02  0.4084106E-01 0.7249E-02  0.000    
   2      0.3257487E-01 0.2217E-02  0.3363415E-01 0.2347E-02  1.386    
   3      0.3418186E-01 0.1552E-02  0.3399674E-01 0.1331E-02 0.7467    
   4      0.3180397E-01 0.1293E-02  0.3300524E-01 0.9578E-03 0.9597    
   5      0.3069048E-01 0.1191E-02  0.3223720E-01 0.7645E-03  1.263    
   6      0.3253233E-01 0.1169E-02  0.3231957E-01 0.6439E-03  1.035    
   7      0.2951832E-01 0.1108E-02  0.3174969E-01 0.5646E-03  1.558    
   8      0.2808201E-01 0.1064E-02  0.3113901E-01 0.5060E-03  2.428    
   9      0.2998109E-01 0.1119E-02  0.3096935E-01 0.4633E-03  2.260    
  10      0.3003860E-01 0.1120E-02  0.3085028E-01 0.4296E-03  2.097    



 INPUT PARAMETERS FOR VEGAS:  NDIM=  3  NCALL=    9483264.
                              IT=    0  ITMX=   20
                              MDS= -1   ND=  42
   1      0.3148448E-01 0.3499E-03  0.3148448E-01 0.3499E-03  0.000    
   2      0.3090082E-01 0.3452E-03  0.3119410E-01 0.2458E-03  1.410    
   3      0.3015472E-01 0.3407E-03  0.3085401E-01 0.1994E-03  3.712    
   4      0.3064834E-01 0.3446E-03  0.3080294E-01 0.1726E-03  2.571    
   5      0.3018576E-01 0.3426E-03  0.3068200E-01 0.1541E-03  2.575    
   6      0.3065191E-01 0.3457E-03  0.3067702E-01 0.1408E-03  2.062    
   7      0.3083259E-01 0.3456E-03  0.3069936E-01 0.1304E-03  1.745    
   8      0.3040505E-01 0.3446E-03  0.3066311E-01 0.1219E-03  1.589    
   9      0.3090161E-01 0.3486E-03  0.3068948E-01 0.1151E-03  1.441    
  10      0.3054642E-01 0.3421E-03  0.3067505E-01 0.1091E-03  1.299    
  11      0.3083341E-01 0.3460E-03  0.3068951E-01 0.1040E-03  1.187    
  12      0.3051577E-01 0.3435E-03  0.3067506E-01 0.9958E-04  1.102    
  13      0.3052017E-01 0.3446E-03  0.3066323E-01 0.9566E-04  1.026    
  14      0.3044649E-01 0.3436E-03  0.3064783E-01 0.9216E-04 0.9761    
  15      0.2999144E-01 0.3404E-03  0.3060477E-01 0.8896E-04  1.147    
  16      0.3031640E-01 0.3426E-03  0.3058688E-01 0.8610E-04  1.116    
  17      0.3059524E-01 0.3440E-03  0.3058737E-01 0.8353E-04  1.046    
  18      0.3055808E-01 0.3437E-03  0.3058574E-01 0.8116E-04 0.9849    
  19      0.3075624E-01 0.3447E-03  0.3059479E-01 0.7900E-04 0.9426    
  20      0.3031611E-01 0.3432E-03  0.3058101E-01 0.7699E-04 0.9262    
   
   
 Integral virtual contribrtion:   3.0581009604066376E-002 +-   7.6989940598233095E-005
 with chisq    =  0.92622020018115592     
  
  
  
    xq         Integral virtual contribrtion                 error
    400      0.305810096040664E-01      0.769899405982331E-04
Thanks for using LHAPDF 6.5.4. Please make sure to cite the paper:
  Eur.Phys.J. C75 (2015) 3, 132  (http://arxiv.org/abs/1412.7420)
LHAPDF 6.5.4 loading /home/niraj/1TB-Disc/Workspace-IITG/Packages/Install/LHAPDF-6.5.4/install/share/LHAPDF/MMHT2014nlo68cl/MMHT2014nlo68cl_0000.dat
MMHT2014nlo68cl PDF set, member #0, version 3; LHAPDF ID = 25100
 Writing your data in ../summary/run_01/virtual2.dat
   
   
 ~~~~~~~~~~~~~~~~~~~~~~~~~~~~~~~~~~~~~~~~~~~~
     Calculating virtual contribrtion
 ~~~~~~~~~~~~~~~~~~~~~~~~~~~~~~~~~~~~~~~~~~~~
   
 ~~~~~~~~~~~~~~~~~~~~~~~~~~~~~~~~~~~~~~~~
Using Vegas points:                   1.E+06
         Iteration:                   10
 ~~~~~~~~~~~~~~~~~~~~~~~~~~~~~~~~~~~~~~~~
  
 For xq =          700 
  
 RM48 INITIALIZED:        40           0         0



 INPUT PARAMETERS FOR VEGAS:  NDIM=  3  NCALL=     949104.
                              IT=    0  ITMX=   10
                              MDS= -1   ND=  39
   1      0.2517681E-02 0.4079E-03  0.2517681E-02 0.4079E-03  0.000    
   2      0.2595374E-02 0.1624E-03  0.2585290E-02 0.1492E-03 0.3061E-01
   3      0.2422609E-02 0.1181E-03  0.2489486E-02 0.9404E-04 0.3781    
   4      0.2544739E-02 0.1145E-03  0.2512076E-02 0.7254E-04 0.2972    
   5      0.2208383E-02 0.1017E-03  0.2426745E-02 0.6006E-04  1.525    
   6      0.2337104E-02 0.1056E-03  0.2406509E-02 0.5241E-04  1.343    
   7      0.2204700E-02 0.9749E-04  0.2368010E-02 0.4652E-04  1.633    
   8      0.2211807E-02 0.1005E-03  0.2344117E-02 0.4239E-04  1.679    
   9      0.2492805E-02 0.1059E-03  0.2366268E-02 0.3931E-04  1.681    
  10      0.2330772E-02 0.1036E-03  0.2362014E-02 0.3678E-04  1.514    



 INPUT PARAMETERS FOR VEGAS:  NDIM=  3  NCALL=    9483264.
                              IT=    0  ITMX=   20
                              MDS= -1   ND=  42
   1      0.2345082E-02 0.3182E-04  0.2345082E-02 0.3182E-04  0.000    
   2      0.2251106E-02 0.3122E-04  0.2299120E-02 0.2229E-04  4.441    
   3      0.2357360E-02 0.3211E-04  0.2318712E-02 0.1831E-04  3.312    
   4      0.2340453E-02 0.3193E-04  0.2324170E-02 0.1589E-04  2.315    
   5      0.2332115E-02 0.3179E-04  0.2325767E-02 0.1421E-04  1.746    
   6      0.2322606E-02 0.3186E-04  0.2325243E-02 0.1298E-04  1.399    
   7      0.2314378E-02 0.3166E-04  0.2323692E-02 0.1201E-04  1.184    
   8      0.2313756E-02 0.3193E-04  0.2322470E-02 0.1124E-04  1.028    
   9      0.2332443E-02 0.3171E-04  0.2323591E-02 0.1059E-04 0.9098    
  10      0.2310968E-02 0.3170E-04  0.2322335E-02 0.1005E-04 0.8253    
  11      0.2252122E-02 0.3116E-04  0.2316078E-02 0.9564E-05  1.184    
  12      0.2306643E-02 0.3148E-04  0.2315287E-02 0.9151E-05  1.085    
  13      0.2342957E-02 0.3219E-04  0.2317402E-02 0.8802E-05  1.051    
  14      0.2340942E-02 0.3190E-04  0.2319099E-02 0.8485E-05  1.008    
  15      0.2325328E-02 0.3166E-04  0.2319519E-02 0.8196E-05 0.9383    
  16      0.2320904E-02 0.3164E-04  0.2319606E-02 0.7934E-05 0.8758    
  17      0.2254312E-02 0.3137E-04  0.2315885E-02 0.7692E-05  1.066    
  18      0.2308000E-02 0.3156E-04  0.2315445E-02 0.7473E-05  1.007    
  19      0.2333080E-02 0.3196E-04  0.2316373E-02 0.7277E-05 0.9664    
  20      0.2356813E-02 0.3213E-04  0.2318412E-02 0.7098E-05 0.9958    
   
   
 Integral virtual contribrtion:   2.3184121566099960E-003 +-   7.0975621947081368E-006
 with chisq    =  0.99577437665981705     
  
  
  
    xq         Integral virtual contribrtion                 error
    700      0.231841215661000E-02      0.709756219470814E-05
Thanks for using LHAPDF 6.5.4. Please make sure to cite the paper:
  Eur.Phys.J. C75 (2015) 3, 132  (http://arxiv.org/abs/1412.7420)
LHAPDF 6.5.4 loading /home/niraj/1TB-Disc/Workspace-IITG/Packages/Install/LHAPDF-6.5.4/install/share/LHAPDF/MMHT2014nlo68cl/MMHT2014nlo68cl_0000.dat
MMHT2014nlo68cl PDF set, member #0, version 3; LHAPDF ID = 25100
 Writing your data in ../summary/run_01/virtual3.dat
   
   
 ~~~~~~~~~~~~~~~~~~~~~~~~~~~~~~~~~~~~~~~~~~~~
     Calculating virtual contribrtion
 ~~~~~~~~~~~~~~~~~~~~~~~~~~~~~~~~~~~~~~~~~~~~
   
 ~~~~~~~~~~~~~~~~~~~~~~~~~~~~~~~~~~~~~~~~
Using Vegas points:                   1.E+06
         Iteration:                   10
 ~~~~~~~~~~~~~~~~~~~~~~~~~~~~~~~~~~~~~~~~
  
 For xq =         1000 
  
 RM48 INITIALIZED:        40           0         0



 INPUT PARAMETERS FOR VEGAS:  NDIM=  3  NCALL=     949104.
                              IT=    0  ITMX=   10
                              MDS= -1   ND=  39
   1      0.2768722E-03 0.5015E-04  0.2768722E-03 0.5015E-04  0.000    
   2      0.4026048E-03 0.3295E-04  0.3812802E-03 0.2577E-04  3.352    
   3      0.3937905E-03 0.2439E-04  0.3886845E-03 0.1727E-04  1.588    
   4      0.3791593E-03 0.1959E-04  0.3843074E-03 0.1284E-04  1.079    
   5      0.3799860E-03 0.2037E-04  0.3830145E-03 0.1083E-04 0.8060    
   6      0.3583051E-03 0.1911E-04  0.3772784E-03 0.9444E-05 0.8952    
   7      0.3680894E-03 0.1875E-04  0.3754146E-03 0.8434E-05 0.7777    
   8      0.3959958E-03 0.1892E-04  0.3792721E-03 0.7679E-05 0.8098    
   9      0.3957665E-03 0.1943E-04  0.3817593E-03 0.7130E-05 0.7836    
  10      0.3736594E-03 0.1858E-04  0.3807220E-03 0.6657E-05 0.7151    



 INPUT PARAMETERS FOR VEGAS:  NDIM=  3  NCALL=    9483264.
                              IT=    0  ITMX=   20
                              MDS= -1   ND=  42
   1      0.3993630E-03 0.6089E-05  0.3993630E-03 0.6089E-05  0.000    
   2      0.3903218E-03 0.6112E-05  0.3949634E-03 0.4313E-05  1.098    
   3      0.4003340E-03 0.6128E-05  0.3967758E-03 0.3527E-05 0.8029    
   4      0.3975221E-03 0.6108E-05  0.3969630E-03 0.3055E-05 0.5384    
   5      0.3991186E-03 0.6151E-05  0.3973933E-03 0.2736E-05 0.4277    
   6      0.3934044E-03 0.6064E-05  0.3967297E-03 0.2494E-05 0.4143    
   7      0.4067833E-03 0.6165E-05  0.3982054E-03 0.2312E-05 0.7374    
   8      0.3896287E-03 0.6063E-05  0.3971570E-03 0.2160E-05 0.8770    
   9      0.3827279E-03 0.6072E-05  0.3956388E-03 0.2035E-05  1.365    
  10      0.4063805E-03 0.6211E-05  0.3967326E-03 0.1934E-05  1.520    
  11      0.3951517E-03 0.6106E-05  0.3965894E-03 0.1844E-05  1.375    
  12      0.3938942E-03 0.6068E-05  0.3963643E-03 0.1764E-05  1.267    
  13      0.3946891E-03 0.6057E-05  0.3962342E-03 0.1694E-05  1.168    
  14      0.4010091E-03 0.6230E-05  0.3965705E-03 0.1635E-05  1.120    
  15      0.3972658E-03 0.6226E-05  0.3966155E-03 0.1581E-05  1.040    
  16      0.3945485E-03 0.6134E-05  0.3964879E-03 0.1531E-05 0.9785    
  17      0.3883903E-03 0.6058E-05  0.3960201E-03 0.1484E-05  1.021    
  18      0.3896310E-03 0.6027E-05  0.3956656E-03 0.1441E-05  1.023    
  19      0.3969689E-03 0.6131E-05  0.3957343E-03 0.1403E-05 0.9682    
  20      0.3967003E-03 0.6166E-05  0.3957821E-03 0.1368E-05 0.9182    
   
   
 Integral virtual contribrtion:   3.9578214361247755E-004 +-   1.3681465386348064E-006
 with chisq    =  0.91822609504988995     
  
  
  
    xq         Integral virtual contribrtion                 error
   1000      0.395782143612478E-03      0.136814653863481E-05
Thanks for using LHAPDF 6.5.4. Please make sure to cite the paper:
  Eur.Phys.J. C75 (2015) 3, 132  (http://arxiv.org/abs/1412.7420)
LHAPDF 6.5.4 loading /home/niraj/1TB-Disc/Workspace-IITG/Packages/Install/LHAPDF-6.5.4/install/share/LHAPDF/MMHT2014nlo68cl/MMHT2014nlo68cl_0000.dat
MMHT2014nlo68cl PDF set, member #0, version 3; LHAPDF ID = 25100
 Writing your data in ../summary/run_01/virtual4.dat
   
   
 ~~~~~~~~~~~~~~~~~~~~~~~~~~~~~~~~~~~~~~~~~~~~
     Calculating virtual contribrtion
 ~~~~~~~~~~~~~~~~~~~~~~~~~~~~~~~~~~~~~~~~~~~~
   
 ~~~~~~~~~~~~~~~~~~~~~~~~~~~~~~~~~~~~~~~~
Using Vegas points:                   1.E+06
         Iteration:                   10
 ~~~~~~~~~~~~~~~~~~~~~~~~~~~~~~~~~~~~~~~~
  
 For xq =         1300 
  
 RM48 INITIALIZED:        40           0         0



 INPUT PARAMETERS FOR VEGAS:  NDIM=  3  NCALL=     949104.
                              IT=    0  ITMX=   10
                              MDS= -1   ND=  39
   1      0.1233915E-03 0.1644E-04  0.1233915E-03 0.1644E-04  0.000    
   2      0.9315498E-04 0.6077E-05  0.9900199E-04 0.6405E-05  3.476    
   3      0.1063324E-03 0.6508E-05  0.1025073E-03 0.4585E-05  2.089    
   4      0.9115178E-04 0.5250E-05  0.9852627E-04 0.3557E-05  2.276    
   5      0.1065700E-03 0.5582E-05  0.1009211E-03 0.2994E-05  2.069    
   6      0.1030030E-03 0.5193E-05  0.1014274E-03 0.2598E-05  1.688    
   7      0.1128345E-03 0.5777E-05  0.1036042E-03 0.2364E-05  1.973    
   8      0.1008247E-03 0.5465E-05  0.1031998E-03 0.2173E-05  1.740    
   9      0.8767219E-04 0.5082E-05  0.1014472E-03 0.2012E-05  2.321    
  10      0.9862130E-04 0.5081E-05  0.1010940E-03 0.1874E-05  2.109    



 INPUT PARAMETERS FOR VEGAS:  NDIM=  3  NCALL=    9483264.
                              IT=    0  ITMX=   20
                              MDS= -1   ND=  42
   1      0.9937277E-04 0.1962E-05  0.9937277E-04 0.1962E-05  0.000    
   2      0.9876810E-04 0.1940E-05  0.9906877E-04 0.1379E-05 0.4804E-01
   3      0.9702303E-04 0.1554E-05  0.9818798E-04 0.1034E-05 0.5044    
   4      0.9891059E-04 0.1684E-05  0.9838729E-04 0.8809E-06 0.3802    
   5      0.9890745E-04 0.2019E-05  0.9847106E-04 0.8075E-06 0.2987    
   6      0.9805629E-04 0.1632E-05  0.9839020E-04 0.7239E-06 0.2497    
   7      0.9864342E-04 0.1579E-05  0.9843427E-04 0.6580E-06 0.2115    
   8      0.9663565E-04 0.1658E-05  0.9819768E-04 0.6118E-06 0.3233    
   9      0.9716400E-04 0.1628E-05  0.9807233E-04 0.5727E-06 0.3270    
  10      0.9639409E-04 0.1628E-05  0.9789336E-04 0.5404E-06 0.3938    
  11      0.9658454E-04 0.1579E-05  0.9775970E-04 0.5114E-06 0.4154    
  12      0.9896739E-04 0.1765E-05  0.9785516E-04 0.4912E-06 0.4169    
  13      0.9983340E-04 0.1627E-05  0.9802618E-04 0.4702E-06 0.4976    
  14      0.9903834E-04 0.1647E-05  0.9810379E-04 0.4521E-06 0.4859    
  15      0.9699201E-04 0.1754E-05  0.9803608E-04 0.4378E-06 0.4783    
  16      0.9879932E-04 0.1658E-05  0.9808649E-04 0.4233E-06 0.4594    
  17      0.9736589E-04 0.1619E-05  0.9804107E-04 0.4095E-06 0.4425    
  18      0.1002122E-03 0.1803E-05  0.9815204E-04 0.3994E-06 0.4998    
  19      0.1001088E-03 0.1875E-05  0.9824015E-04 0.3907E-06 0.5310    
  20      0.9748893E-04 0.1742E-05  0.9820476E-04 0.3812E-06 0.5126    
   
   
 Integral virtual contribrtion:   9.8204764156828130E-005 +-   3.8123196772384648E-007
 with chisq    =  0.51260517615711043     
  
  
  
    xq         Integral virtual contribrtion                 error
   1300      0.982047641568281E-04      0.381231967723846E-06
Thanks for using LHAPDF 6.5.4. Please make sure to cite the paper:
  Eur.Phys.J. C75 (2015) 3, 132  (http://arxiv.org/abs/1412.7420)
LHAPDF 6.5.4 loading /home/niraj/1TB-Disc/Workspace-IITG/Packages/Install/LHAPDF-6.5.4/install/share/LHAPDF/MMHT2014nlo68cl/MMHT2014nlo68cl_0000.dat
MMHT2014nlo68cl PDF set, member #0, version 3; LHAPDF ID = 25100
 Writing your data in ../summary/run_01/virtual5.dat
   
   
 ~~~~~~~~~~~~~~~~~~~~~~~~~~~~~~~~~~~~~~~~~~~~
     Calculating virtual contribrtion
 ~~~~~~~~~~~~~~~~~~~~~~~~~~~~~~~~~~~~~~~~~~~~
   
 ~~~~~~~~~~~~~~~~~~~~~~~~~~~~~~~~~~~~~~~~
Using Vegas points:                   1.E+06
         Iteration:                   10
 ~~~~~~~~~~~~~~~~~~~~~~~~~~~~~~~~~~~~~~~~
  
 For xq =         1600 
  
 RM48 INITIALIZED:        40           0         0



 INPUT PARAMETERS FOR VEGAS:  NDIM=  3  NCALL=     949104.
                              IT=    0  ITMX=   10
                              MDS= -1   ND=  39
   1      0.2657836E-04 0.4036E-05  0.2657836E-04 0.4036E-05  0.000    
   2      0.3284032E-04 0.2070E-05  0.3191998E-04 0.1739E-05  1.625    
   3      0.3260481E-04 0.1846E-05  0.3227195E-04 0.1251E-05 0.8013    
   4      0.2791063E-04 0.1625E-05  0.3084539E-04 0.1003E-05  1.947    
   5      0.3116303E-04 0.1834E-05  0.3092241E-04 0.8788E-06  1.446    
   6      0.3170512E-04 0.1730E-05  0.3109456E-04 0.7822E-06  1.174    
   7      0.2967618E-04 0.1550E-05  0.3081978E-04 0.6995E-06  1.093    
   8      0.3113061E-04 0.2128E-05  0.3085135E-04 0.6649E-06 0.9343    
   9      0.2896263E-04 0.1784E-05  0.3064146E-04 0.6234E-06 0.9400    
  10      0.2983304E-04 0.1655E-05  0.3054400E-04 0.5837E-06 0.8610    



 INPUT PARAMETERS FOR VEGAS:  NDIM=  3  NCALL=    9483264.
                              IT=    0  ITMX=   20
                              MDS= -1   ND=  42
   1      0.2937234E-04 0.5152E-06  0.2937234E-04 0.5152E-06  0.000    
   2      0.2986395E-04 0.5298E-06  0.2961536E-04 0.3694E-06 0.4427    
   3      0.3000441E-04 0.5269E-06  0.2974581E-04 0.3025E-06 0.4038    
   4      0.3023991E-04 0.5373E-06  0.2986772E-04 0.2636E-06 0.4846    
   5      0.3059752E-04 0.5307E-06  0.3001783E-04 0.2361E-06 0.7501    
   6      0.3047630E-04 0.5359E-06  0.3009426E-04 0.2161E-06 0.7221    
   7      0.3057043E-04 0.5345E-06  0.3016297E-04 0.2003E-06 0.7153    
   8      0.3107331E-04 0.5272E-06  0.3028395E-04 0.1873E-06 0.9974    
   9      0.3124775E-04 0.5466E-06  0.3039103E-04 0.1772E-06  1.232    
  10      0.3027095E-04 0.5238E-06  0.3037879E-04 0.1679E-06  1.101    
  11      0.3171429E-04 0.5454E-06  0.3050376E-04 0.1605E-06  1.570    
  12      0.3083642E-04 0.5274E-06  0.3053251E-04 0.1535E-06  1.459    
  13      0.3047158E-04 0.5297E-06  0.3052781E-04 0.1474E-06  1.338    
  14      0.3075749E-04 0.5265E-06  0.3054475E-04 0.1420E-06  1.248    
  15      0.2969371E-04 0.5256E-06  0.3048984E-04 0.1371E-06  1.329    
  16      0.3080114E-04 0.5395E-06  0.3050909E-04 0.1329E-06  1.260    
  17      0.3024157E-04 0.5206E-06  0.3049299E-04 0.1287E-06  1.198    
  18      0.2922567E-04 0.5178E-06  0.3042488E-04 0.1249E-06  1.440    
  19      0.3052273E-04 0.5315E-06  0.3043004E-04 0.1216E-06  1.362    
  20      0.3040611E-04 0.5376E-06  0.3042888E-04 0.1186E-06  1.290    
   
   
 Integral virtual contribrtion:   3.0428875173554870E-005 +-   1.1862872112304915E-007
 with chisq    =   1.2901505904212240     
  
  
  
    xq         Integral virtual contribrtion                 error
   1600      0.304288751735549E-04      0.118628721123049E-06
Thanks for using LHAPDF 6.5.4. Please make sure to cite the paper:
  Eur.Phys.J. C75 (2015) 3, 132  (http://arxiv.org/abs/1412.7420)
LHAPDF 6.5.4 loading /home/niraj/1TB-Disc/Workspace-IITG/Packages/Install/LHAPDF-6.5.4/install/share/LHAPDF/MMHT2014nlo68cl/MMHT2014nlo68cl_0000.dat
MMHT2014nlo68cl PDF set, member #0, version 3; LHAPDF ID = 25100
 Writing your data in ../summary/run_01/virtual6.dat
   
   
 ~~~~~~~~~~~~~~~~~~~~~~~~~~~~~~~~~~~~~~~~~~~~
     Calculating virtual contribrtion
 ~~~~~~~~~~~~~~~~~~~~~~~~~~~~~~~~~~~~~~~~~~~~
   
 ~~~~~~~~~~~~~~~~~~~~~~~~~~~~~~~~~~~~~~~~
Using Vegas points:                   1.E+06
         Iteration:                   10
 ~~~~~~~~~~~~~~~~~~~~~~~~~~~~~~~~~~~~~~~~
  
 For xq =         1900 
  
 RM48 INITIALIZED:        40           0         0



 INPUT PARAMETERS FOR VEGAS:  NDIM=  3  NCALL=     949104.
                              IT=    0  ITMX=   10
                              MDS= -1   ND=  39
   1      0.1146219E-04 0.1492E-05  0.1146219E-04 0.1492E-05  0.000    
   2      0.1149775E-04 0.7512E-06  0.1149059E-04 0.6703E-06 0.4525E-03
   3      0.1012084E-04 0.6168E-06  0.1083499E-04 0.4657E-06  1.080    
   4      0.9578614E-05 0.5759E-06  0.1042087E-04 0.3693E-06  1.620    
   5      0.1066091E-04 0.5779E-06  0.1049012E-04 0.3113E-06  1.247    
   6      0.1043277E-04 0.5635E-06  0.1047720E-04 0.2729E-06  1.007    
   7      0.9960664E-05 0.8107E-06  0.1043060E-04 0.2580E-06 0.9095    
   8      0.1045018E-04 0.6792E-06  0.1043303E-04 0.2412E-06 0.7816    
   9      0.1139625E-04 0.7327E-06  0.1054131E-04 0.2293E-06 0.8913    
  10      0.1071000E-04 0.6396E-06  0.1056075E-04 0.2159E-06 0.7981    



 INPUT PARAMETERS FOR VEGAS:  NDIM=  3  NCALL=    9483264.
                              IT=    0  ITMX=   20
                              MDS= -1   ND=  42
   1      0.1041666E-04 0.1901E-06  0.1041666E-04 0.1901E-06  0.000    
   2      0.1085549E-04 0.1914E-06  0.1064356E-04 0.1349E-06  2.643    
   3      0.1081295E-04 0.1926E-06  0.1070051E-04 0.1105E-06  1.569    
   4      0.1074720E-04 0.1895E-06  0.1071244E-04 0.9546E-07  1.059    
   5      0.1071226E-04 0.1906E-06  0.1071240E-04 0.8535E-07 0.7941    
   6      0.1080824E-04 0.1920E-06  0.1072846E-04 0.7799E-07 0.6754    
   7      0.1051456E-04 0.1892E-06  0.1069843E-04 0.7211E-07 0.7430    
   8      0.1050929E-04 0.1913E-06  0.1067561E-04 0.6747E-07 0.7587    
   9      0.1100322E-04 0.1960E-06  0.1071227E-04 0.6381E-07 0.9867    
  10      0.1061611E-04 0.1889E-06  0.1070257E-04 0.6045E-07 0.9041    
  11      0.1087300E-04 0.1916E-06  0.1071845E-04 0.5765E-07 0.8851    
  12      0.1071972E-04 0.1907E-06  0.1071856E-04 0.5519E-07 0.8046    
  13      0.1055083E-04 0.1921E-06  0.1070613E-04 0.5304E-07 0.7965    
  14      0.1080639E-04 0.1933E-06  0.1071328E-04 0.5115E-07 0.7538    
  15      0.1064344E-04 0.1903E-06  0.1070863E-04 0.4940E-07 0.7094    
  16      0.1085505E-04 0.1942E-06  0.1071776E-04 0.4787E-07 0.6974    
  17      0.1066252E-04 0.1903E-06  0.1071450E-04 0.4643E-07 0.6591    
  18      0.1077186E-04 0.1913E-06  0.1071772E-04 0.4512E-07 0.6250    
  19      0.1091615E-04 0.1933E-06  0.1072834E-04 0.4394E-07 0.6465    
  20      0.1037135E-04 0.1866E-06  0.1071074E-04 0.4277E-07 0.7863    
   
   
 Integral virtual contribrtion:   1.0710744665081777E-005 +-   4.2769378508116356E-008
 with chisq    =  0.78632680131909416     
  
  
  
    xq         Integral virtual contribrtion                 error
   1900      0.107107446650818E-04      0.427693785081164E-07
Thanks for using LHAPDF 6.5.4. Please make sure to cite the paper:
  Eur.Phys.J. C75 (2015) 3, 132  (http://arxiv.org/abs/1412.7420)
LHAPDF 6.5.4 loading /home/niraj/1TB-Disc/Workspace-IITG/Packages/Install/LHAPDF-6.5.4/install/share/LHAPDF/MMHT2014nlo68cl/MMHT2014nlo68cl_0000.dat
MMHT2014nlo68cl PDF set, member #0, version 3; LHAPDF ID = 25100
 Writing your data in ../summary/run_01/virtual7.dat
   
   
 ~~~~~~~~~~~~~~~~~~~~~~~~~~~~~~~~~~~~~~~~~~~~
     Calculating virtual contribrtion
 ~~~~~~~~~~~~~~~~~~~~~~~~~~~~~~~~~~~~~~~~~~~~
   
 ~~~~~~~~~~~~~~~~~~~~~~~~~~~~~~~~~~~~~~~~
Using Vegas points:                   1.E+06
         Iteration:                   10
 ~~~~~~~~~~~~~~~~~~~~~~~~~~~~~~~~~~~~~~~~
  
 For xq =         2200 
  
 RM48 INITIALIZED:        40           0         0



 INPUT PARAMETERS FOR VEGAS:  NDIM=  3  NCALL=     949104.
                              IT=    0  ITMX=   10
                              MDS= -1   ND=  39
   1      0.4334362E-05 0.5398E-06  0.4334362E-05 0.5398E-06  0.000    
   2      0.4008135E-05 0.2939E-06  0.4092098E-05 0.2637E-06 0.2924    
   3      0.4374201E-05 0.2612E-06  0.4241093E-05 0.1841E-06 0.4342    
   4      0.4352990E-05 0.2541E-06  0.4280925E-05 0.1487E-06 0.3289    
   5      0.3874805E-05 0.2291E-06  0.4176331E-05 0.1259E-06 0.7535    
   6      0.3797611E-05 0.2152E-06  0.4093384E-05 0.1095E-06  1.030    
   7      0.4104926E-05 0.2357E-06  0.4095414E-05 0.9936E-07 0.8604    
   8      0.4073079E-05 0.2413E-06  0.4092247E-05 0.9190E-07 0.7410    
   9      0.4481456E-05 0.2643E-06  0.4140955E-05 0.8683E-07 0.9104    
  10      0.4100121E-05 0.2419E-06  0.4136415E-05 0.8174E-07 0.8144    



 INPUT PARAMETERS FOR VEGAS:  NDIM=  3  NCALL=    9483264.
                              IT=    0  ITMX=   20
                              MDS= -1   ND=  42
   1      0.4108372E-05 0.8425E-07  0.4108372E-05 0.8425E-07  0.000    
   2      0.4148595E-05 0.7694E-07  0.4130498E-05 0.5679E-07 0.1242    
   3      0.4128012E-05 0.8431E-07  0.4129722E-05 0.4710E-07 0.6239E-01
   4      0.4210888E-05 0.9048E-07  0.4147573E-05 0.4181E-07 0.2567    
   5      0.4056019E-05 0.7300E-07  0.4125723E-05 0.3632E-07 0.4829    
   6      0.4223087E-05 0.1102E-06  0.4135653E-05 0.3455E-07 0.5289    
   7      0.3990190E-05 0.7185E-07  0.4109999E-05 0.3119E-07 0.9722    
   8      0.4114329E-05 0.7491E-07  0.4110636E-05 0.2879E-07 0.8342    
   9      0.4235904E-05 0.1021E-06  0.4120342E-05 0.2774E-07 0.9077    
  10      0.4280026E-05 0.1490E-06  0.4126060E-05 0.2733E-07 0.9321    
  11      0.4163550E-05 0.8009E-07  0.4129994E-05 0.2587E-07 0.8581    
  12      0.4217498E-05 0.1125E-06  0.4134524E-05 0.2522E-07 0.8317    
  13      0.4151644E-05 0.7523E-07  0.4136250E-05 0.2392E-07 0.7664    
  14      0.4113419E-05 0.1255E-06  0.4135466E-05 0.2348E-07 0.7109    
  15      0.4124652E-05 0.1140E-06  0.4135032E-05 0.2300E-07 0.6614    
  16      0.4146478E-05 0.9125E-07  0.4135714E-05 0.2230E-07 0.6184    
  17      0.3979027E-05 0.7573E-07  0.4124154E-05 0.2141E-07 0.8113    
  18      0.4205410E-05 0.1122E-06  0.4127093E-05 0.2104E-07 0.7928    
  19      0.3938890E-05 0.7184E-07  0.4113567E-05 0.2022E-07  1.074    
  20      0.4120076E-05 0.8177E-07  0.4113939E-05 0.1963E-07  1.018    
   
   
 Integral virtual contribrtion:   4.1139393500395712E-006 +-   1.9625148059635632E-008
 with chisq    =   1.0179649431899831     
  
  
  
    xq         Integral virtual contribrtion                 error
   2200      0.411393935003957E-05      0.196251480596356E-07
Thanks for using LHAPDF 6.5.4. Please make sure to cite the paper:
  Eur.Phys.J. C75 (2015) 3, 132  (http://arxiv.org/abs/1412.7420)
LHAPDF 6.5.4 loading /home/niraj/1TB-Disc/Workspace-IITG/Packages/Install/LHAPDF-6.5.4/install/share/LHAPDF/MMHT2014nlo68cl/MMHT2014nlo68cl_0000.dat
MMHT2014nlo68cl PDF set, member #0, version 3; LHAPDF ID = 25100
 Writing your data in ../summary/run_01/virtual8.dat
   
   
 ~~~~~~~~~~~~~~~~~~~~~~~~~~~~~~~~~~~~~~~~~~~~
     Calculating virtual contribrtion
 ~~~~~~~~~~~~~~~~~~~~~~~~~~~~~~~~~~~~~~~~~~~~
   
 ~~~~~~~~~~~~~~~~~~~~~~~~~~~~~~~~~~~~~~~~
Using Vegas points:                   1.E+06
         Iteration:                   10
 ~~~~~~~~~~~~~~~~~~~~~~~~~~~~~~~~~~~~~~~~
  
 For xq =         2500 
  
 RM48 INITIALIZED:        40           0         0



 INPUT PARAMETERS FOR VEGAS:  NDIM=  3  NCALL=     949104.
                              IT=    0  ITMX=   10
                              MDS= -1   ND=  39
   1      0.1008788E-05 0.1729E-06  0.1008788E-05 0.1729E-06  0.000    
   2      0.1612008E-05 0.1149E-06  0.1523016E-05 0.8851E-07  5.841    
   3      0.1623436E-05 0.1019E-06  0.1575635E-05 0.6556E-07  2.826    
   4      0.1682639E-05 0.1189E-06  0.1606932E-05 0.5757E-07  1.968    
   5      0.1899711E-05 0.1387E-06  0.1669865E-05 0.5393E-07  2.564    
   6      0.1678412E-05 0.1146E-06  0.1671552E-05 0.4875E-07  2.015    
   7      0.1676125E-05 0.1029E-06  0.1672449E-05 0.4398E-07  1.659    
   8      0.1510408E-05 0.9206E-07  0.1645559E-05 0.3984E-07  1.772    
   9      0.1861175E-05 0.2433E-06  0.1653067E-05 0.3989E-07  1.616    
  10      0.1627937E-05 0.1263E-06  0.1650807E-05 0.3803E-07  1.442    



 INPUT PARAMETERS FOR VEGAS:  NDIM=  3  NCALL=    9483264.
                              IT=    0  ITMX=   20
                              MDS= -1   ND=  42
   1      0.1767600E-05 0.4620E-07  0.1767600E-05 0.4620E-07  0.000    
   2      0.1702435E-05 0.3401E-07  0.1726470E-05 0.2754E-07  1.303    
   3      0.1707855E-05 0.3299E-07  0.1718968E-05 0.2117E-07 0.7514    
   4      0.1677475E-05 0.3280E-07  0.1707252E-05 0.1781E-07 0.8747    
   5      0.1724532E-05 0.3320E-07  0.1711149E-05 0.1569E-07 0.7074    
   6      0.1676628E-05 0.3560E-07  0.1705750E-05 0.1436E-07 0.7228    
   7      0.1618321E-05 0.3216E-07  0.1692504E-05 0.1313E-07  1.562    
   8      0.1652306E-05 0.3668E-07  0.1688152E-05 0.1235E-07  1.494    
   9      0.1717807E-05 0.4248E-07  0.1690531E-05 0.1187E-07  1.360    
  10      0.1671739E-05 0.3257E-07  0.1688379E-05 0.1115E-07  1.244    
  11      0.1635904E-05 0.3262E-07  0.1683209E-05 0.1056E-07  1.346    
  12      0.1765643E-05 0.5154E-07  0.1686833E-05 0.1037E-07  1.455    
  13      0.1710647E-05 0.3314E-07  0.1688993E-05 0.9892E-08  1.372    
  14      0.1670273E-05 0.4084E-07  0.1687985E-05 0.9612E-08  1.284    
  15      0.1668422E-05 0.3313E-07  0.1686507E-05 0.9232E-08  1.217    
  16      0.1778507E-05 0.5552E-07  0.1689236E-05 0.9124E-08  1.323    
  17      0.1680574E-05 0.4144E-07  0.1688843E-05 0.8910E-08  1.245    
  18      0.1755968E-05 0.5944E-07  0.1690421E-05 0.8822E-08  1.245    
  19      0.1819163E-05 0.5981E-07  0.1693552E-05 0.8747E-08  1.452    
  20      0.1741459E-05 0.5489E-07  0.1694787E-05 0.8643E-08  1.414    
   
   
 Integral virtual contribrtion:   1.6947866774459397E-006 +-   8.6429113351828054E-009
 with chisq    =   1.4136651080525835     
  
  
  
    xq         Integral virtual contribrtion                 error
   2500      0.169478667744594E-05      0.864291133518281E-08
Thanks for using LHAPDF 6.5.4. Please make sure to cite the paper:
  Eur.Phys.J. C75 (2015) 3, 132  (http://arxiv.org/abs/1412.7420)
