       100     2.097068738479071e-02     2.132419397492663e-09
       400     6.172608003993529e-05     4.762833964700674e-12
       700     4.683981824992842e-06     3.092737858093821e-13
      1000     8.018966453250177e-07     4.779835126853070e-14
      1300     1.995365317460898e-07     1.101712206531178e-14
      1600     6.141208943492421e-08     3.199020993558153e-15
      1900     2.163760074048416e-08     1.073165089264585e-15
      2200     8.356901400711529e-09     3.990347023071636e-16
      2500     3.443098748637649e-09     1.609630170323686e-16
 Writing your data in ../summary/run_00/PK_Delta0.dat
LHAPDF 6.5.4 loading /home/niraj/1TB-Disc/Workspace-IITG/Packages/Install/LHAPDF-6.5.4/install/share/LHAPDF/MMHT2014nlo68cl/MMHT2014nlo68cl_0000.dat
MMHT2014nlo68cl PDF set, member #0, version 3; LHAPDF ID = 25100
   
   
 ~~~~~~~~~~~~~~~~~~~~~~~~~~~~~~~~~~~~~~~~~~~~
     Calculating Delta Functions
 ~~~~~~~~~~~~~~~~~~~~~~~~~~~~~~~~~~~~~~~~~~~~
   
 ~~~~~~~~~~~~~~~~~~~~~~~~~~~~~~~~~~~~~~~~
Using Vegas points:                   1.E+06
         Iteration:                   10
 ~~~~~~~~~~~~~~~~~~~~~~~~~~~~~~~~~~~~~~~~
  
 For xq =          100 
  
 RM48 INITIALIZED:        40           0         0



 INPUT PARAMETERS FOR VEGAS:  NDIM=  2  NCALL=     994050.
                              IT=    0  ITMX=   10
                              MDS= -1   ND=  47
   1      0.2081692E-01 0.1092E-03  0.2081692E-01 0.1092E-03  0.000    
   2      0.2096114E-01 0.5524E-05  0.2096078E-01 0.5498E-05  1.729    
   3      0.2097095E-01 0.2359E-06  0.2097093E-01 0.2351E-06  2.565    
   4      0.2097079E-01 0.1035E-06  0.2097081E-01 0.9461E-07  1.806    
   5      0.2097063E-01 0.9492E-07  0.2097072E-01 0.6697E-07  1.791    
   6      0.2097081E-01 0.9364E-07  0.2097075E-01 0.5446E-07  1.546    
   7      0.2097058E-01 0.9325E-07  0.2097071E-01 0.4702E-07  1.713    
   8      0.2097063E-01 0.9295E-07  0.2097069E-01 0.4195E-07  1.550    
   9      0.2097063E-01 0.9323E-07  0.2097068E-01 0.3826E-07  1.407    
  10      0.2097081E-01 0.9353E-07  0.2097070E-01 0.3541E-07  1.433    



 INPUT PARAMETERS FOR VEGAS:  NDIM=  2  NCALL=    9724050.
                              IT=    0  ITMX=   20
                              MDS= -1   ND=  49
   1      0.2097069E-01 0.9541E-08  0.2097069E-01 0.9541E-08  0.000    
   2      0.2097069E-01 0.9539E-08  0.2097069E-01 0.6746E-08 0.2859E-01
   3      0.2097068E-01 0.9534E-08  0.2097069E-01 0.5507E-08 0.3352    
   4      0.2097069E-01 0.9534E-08  0.2097069E-01 0.4768E-08 0.2321    
   5      0.2097068E-01 0.9537E-08  0.2097069E-01 0.4265E-08 0.3092    
   6      0.2097070E-01 0.9534E-08  0.2097069E-01 0.3893E-08 0.3426    
   7      0.2097069E-01 0.9540E-08  0.2097069E-01 0.3605E-08 0.3060    
   8      0.2097069E-01 0.9535E-08  0.2097069E-01 0.3372E-08 0.2657    
   9      0.2097069E-01 0.9541E-08  0.2097069E-01 0.3179E-08 0.2387    
  10      0.2097069E-01 0.9540E-08  0.2097069E-01 0.3016E-08 0.2139    
  11      0.2097069E-01 0.9532E-08  0.2097069E-01 0.2875E-08 0.1908    
  12      0.2097068E-01 0.9534E-08  0.2097069E-01 0.2753E-08 0.1931    
  13      0.2097069E-01 0.9532E-08  0.2097069E-01 0.2645E-08 0.2144    
  14      0.2097068E-01 0.9537E-08  0.2097069E-01 0.2549E-08 0.2574    
  15      0.2097067E-01 0.9537E-08  0.2097069E-01 0.2462E-08 0.4426    
  16      0.2097068E-01 0.9537E-08  0.2097069E-01 0.2384E-08 0.4502    
  17      0.2097068E-01 0.9542E-08  0.2097069E-01 0.2313E-08 0.4395    
  18      0.2097069E-01 0.9535E-08  0.2097069E-01 0.2248E-08 0.4437    
  19      0.2097069E-01 0.9534E-08  0.2097069E-01 0.2188E-08 0.4423    
  20      0.2097069E-01 0.9536E-08  0.2097069E-01 0.2132E-08 0.4511    
   
   
 Integral Delta:   2.0970687384790715E-002 +-   2.1324193974926631E-009
 with chisq    =  0.45113894343858785     
  
  
  
    xq         Integral Delta                 error
    100      0.209706873847907E-01      0.213241939749266E-08
Thanks for using LHAPDF 6.5.4. Please make sure to cite the paper:
  Eur.Phys.J. C75 (2015) 3, 132  (http://arxiv.org/abs/1412.7420)
 Writing your data in ../summary/run_00/PK_Delta1.dat
LHAPDF 6.5.4 loading /home/niraj/1TB-Disc/Workspace-IITG/Packages/Install/LHAPDF-6.5.4/install/share/LHAPDF/MMHT2014nlo68cl/MMHT2014nlo68cl_0000.dat
MMHT2014nlo68cl PDF set, member #0, version 3; LHAPDF ID = 25100
   
   
 ~~~~~~~~~~~~~~~~~~~~~~~~~~~~~~~~~~~~~~~~~~~~
     Calculating Delta Functions
 ~~~~~~~~~~~~~~~~~~~~~~~~~~~~~~~~~~~~~~~~~~~~
   
 ~~~~~~~~~~~~~~~~~~~~~~~~~~~~~~~~~~~~~~~~
Using Vegas points:                   1.E+06
         Iteration:                   10
 ~~~~~~~~~~~~~~~~~~~~~~~~~~~~~~~~~~~~~~~~
  
 For xq =          400 
  
 RM48 INITIALIZED:        40           0         0



 INPUT PARAMETERS FOR VEGAS:  NDIM=  2  NCALL=     994050.
                              IT=    0  ITMX=   10
                              MDS= -1   ND=  47
   1      0.6176130E-04 0.3613E-07  0.6176130E-04 0.3613E-07  0.000    
   2      0.6172647E-04 0.5987E-09  0.6172648E-04 0.5988E-09 0.9295    
   3      0.6172618E-04 0.2318E-09  0.6172622E-04 0.2162E-09 0.5705    
   4      0.6172620E-04 0.2043E-09  0.6172621E-04 0.1485E-09 0.3817    
   5      0.6172600E-04 0.2024E-09  0.6172614E-04 0.1197E-09 0.4595    
   6      0.6172636E-04 0.2022E-09  0.6172620E-04 0.1030E-09 0.5534    
   7      0.6172578E-04 0.2031E-09  0.6172611E-04 0.9189E-10  1.011    
   8      0.6172594E-04 0.2038E-09  0.6172608E-04 0.8376E-10 0.9551    
   9      0.6172590E-04 0.2053E-09  0.6172606E-04 0.7756E-10 0.9177    
  10      0.6172638E-04 0.2079E-09  0.6172610E-04 0.7266E-10  1.058    



 INPUT PARAMETERS FOR VEGAS:  NDIM=  2  NCALL=    9724050.
                              IT=    0  ITMX=   20
                              MDS= -1   ND=  49
   1      0.6172610E-04 0.2131E-10  0.6172610E-04 0.2131E-10  0.000    
   2      0.6172609E-04 0.2131E-10  0.6172609E-04 0.1507E-10 0.5464E-01
   3      0.6172609E-04 0.2129E-10  0.6172609E-04 0.1230E-10 0.5467E-01
   4      0.6172609E-04 0.2130E-10  0.6172609E-04 0.1065E-10 0.4375E-01
   5      0.6172608E-04 0.2130E-10  0.6172609E-04 0.9526E-11 0.1048    
   6      0.6172609E-04 0.2130E-10  0.6172609E-04 0.8696E-11 0.8532E-01
   7      0.6172609E-04 0.2131E-10  0.6172609E-04 0.8052E-11 0.8081E-01
   8      0.6172607E-04 0.2130E-10  0.6172609E-04 0.7531E-11 0.1375    
   9      0.6172608E-04 0.2130E-10  0.6172609E-04 0.7101E-11 0.1189    
  10      0.6172608E-04 0.2131E-10  0.6172609E-04 0.6737E-11 0.1114    
  11      0.6172607E-04 0.2129E-10  0.6172608E-04 0.6423E-11 0.1404    
  12      0.6172607E-04 0.2129E-10  0.6172608E-04 0.6149E-11 0.1830    
  13      0.6172609E-04 0.2129E-10  0.6172608E-04 0.5908E-11 0.1758    
  14      0.6172609E-04 0.2130E-10  0.6172608E-04 0.5693E-11 0.1669    
  15      0.6172603E-04 0.2130E-10  0.6172608E-04 0.5500E-11 0.5255    
  16      0.6172606E-04 0.2131E-10  0.6172608E-04 0.5325E-11 0.5231    
  17      0.6172605E-04 0.2131E-10  0.6172608E-04 0.5166E-11 0.5676    
  18      0.6172609E-04 0.2129E-10  0.6172608E-04 0.5021E-11 0.5560    
  19      0.6172609E-04 0.2129E-10  0.6172608E-04 0.4887E-11 0.5350    
  20      0.6172611E-04 0.2130E-10  0.6172608E-04 0.4763E-11 0.5796    
   
   
 Integral Delta:   6.1726080039935290E-005 +-   4.7628339647006741E-012
 with chisq    =  0.57959256388035818     
  
  
  
    xq         Integral Delta                 error
    400      0.617260800399353E-04      0.476283396470067E-11
Thanks for using LHAPDF 6.5.4. Please make sure to cite the paper:
  Eur.Phys.J. C75 (2015) 3, 132  (http://arxiv.org/abs/1412.7420)
 Writing your data in ../summary/run_00/PK_Delta2.dat
LHAPDF 6.5.4 loading /home/niraj/1TB-Disc/Workspace-IITG/Packages/Install/LHAPDF-6.5.4/install/share/LHAPDF/MMHT2014nlo68cl/MMHT2014nlo68cl_0000.dat
MMHT2014nlo68cl PDF set, member #0, version 3; LHAPDF ID = 25100
   
   
 ~~~~~~~~~~~~~~~~~~~~~~~~~~~~~~~~~~~~~~~~~~~~
     Calculating Delta Functions
 ~~~~~~~~~~~~~~~~~~~~~~~~~~~~~~~~~~~~~~~~~~~~
   
 ~~~~~~~~~~~~~~~~~~~~~~~~~~~~~~~~~~~~~~~~
Using Vegas points:                   1.E+06
         Iteration:                   10
 ~~~~~~~~~~~~~~~~~~~~~~~~~~~~~~~~~~~~~~~~
  
 For xq =          700 
  
 RM48 INITIALIZED:        40           0         0



 INPUT PARAMETERS FOR VEGAS:  NDIM=  2  NCALL=     994050.
                              IT=    0  ITMX=   10
                              MDS= -1   ND=  47
   1      0.4684845E-05 0.6036E-09  0.4684845E-05 0.6036E-09  0.000    
   2      0.4684016E-05 0.2422E-10  0.4684018E-05 0.2420E-10  1.880    
   3      0.4683986E-05 0.1407E-10  0.4683994E-05 0.1216E-10  1.589    
   4      0.4683984E-05 0.1341E-10  0.4683990E-05 0.9008E-11  1.156    
   5      0.4683975E-05 0.1328E-10  0.4683985E-05 0.7454E-11  1.071    
   6      0.4683996E-05 0.1326E-10  0.4683988E-05 0.6498E-11 0.9571    
   7      0.4683961E-05 0.1333E-10  0.4683982E-05 0.5842E-11  1.321    
   8      0.4683974E-05 0.1340E-10  0.4683981E-05 0.5355E-11  1.182    
   9      0.4683972E-05 0.1352E-10  0.4683980E-05 0.4979E-11  1.086    
  10      0.4683993E-05 0.1363E-10  0.4683981E-05 0.4677E-11  1.053    



 INPUT PARAMETERS FOR VEGAS:  NDIM=  2  NCALL=    9724050.
                              IT=    0  ITMX=   20
                              MDS= -1   ND=  49
   1      0.4683984E-05 0.1384E-11  0.4683984E-05 0.1384E-11  0.000    
   2      0.4683983E-05 0.1383E-11  0.4683983E-05 0.9784E-12 0.2329    
   3      0.4683982E-05 0.1382E-11  0.4683983E-05 0.7986E-12 0.2432    
   4      0.4683982E-05 0.1383E-11  0.4683983E-05 0.6916E-12 0.2590    
   5      0.4683982E-05 0.1383E-11  0.4683983E-05 0.6186E-12 0.3082    
   6      0.4683982E-05 0.1383E-11  0.4683982E-05 0.5646E-12 0.3040    
   7      0.4683983E-05 0.1384E-11  0.4683983E-05 0.5228E-12 0.2581    
   8      0.4683982E-05 0.1383E-11  0.4683982E-05 0.4890E-12 0.2741    
   9      0.4683982E-05 0.1383E-11  0.4683982E-05 0.4611E-12 0.2394    
  10      0.4683982E-05 0.1384E-11  0.4683982E-05 0.4374E-12 0.2214    
  11      0.4683981E-05 0.1383E-11  0.4683982E-05 0.4170E-12 0.3511    
  12      0.4683981E-05 0.1383E-11  0.4683982E-05 0.3993E-12 0.3740    
  13      0.4683983E-05 0.1382E-11  0.4683982E-05 0.3836E-12 0.3550    
  14      0.4683982E-05 0.1383E-11  0.4683982E-05 0.3696E-12 0.3256    
  15      0.4683980E-05 0.1383E-11  0.4683982E-05 0.3571E-12 0.5411    
  16      0.4683980E-05 0.1383E-11  0.4683982E-05 0.3458E-12 0.6000    
  17      0.4683981E-05 0.1384E-11  0.4683982E-05 0.3355E-12 0.6101    
  18      0.4683982E-05 0.1383E-11  0.4683982E-05 0.3260E-12 0.5812    
  19      0.4683981E-05 0.1383E-11  0.4683982E-05 0.3173E-12 0.5634    
  20      0.4683983E-05 0.1383E-11  0.4683982E-05 0.3093E-12 0.5689    
   
   
 Integral Delta:   4.6839818249928417E-006 +-   3.0927378580938214E-013
 with chisq    =  0.56894533105689893     
  
  
  
    xq         Integral Delta                 error
    700      0.468398182499284E-05      0.309273785809382E-12
Thanks for using LHAPDF 6.5.4. Please make sure to cite the paper:
  Eur.Phys.J. C75 (2015) 3, 132  (http://arxiv.org/abs/1412.7420)
 Writing your data in ../summary/run_00/PK_Delta3.dat
LHAPDF 6.5.4 loading /home/niraj/1TB-Disc/Workspace-IITG/Packages/Install/LHAPDF-6.5.4/install/share/LHAPDF/MMHT2014nlo68cl/MMHT2014nlo68cl_0000.dat
MMHT2014nlo68cl PDF set, member #0, version 3; LHAPDF ID = 25100
   
   
 ~~~~~~~~~~~~~~~~~~~~~~~~~~~~~~~~~~~~~~~~~~~~
     Calculating Delta Functions
 ~~~~~~~~~~~~~~~~~~~~~~~~~~~~~~~~~~~~~~~~~~~~
   
 ~~~~~~~~~~~~~~~~~~~~~~~~~~~~~~~~~~~~~~~~
Using Vegas points:                   1.E+06
         Iteration:                   10
 ~~~~~~~~~~~~~~~~~~~~~~~~~~~~~~~~~~~~~~~~
  
 For xq =         1000 
  
 RM48 INITIALIZED:        40           0         0



 INPUT PARAMETERS FOR VEGAS:  NDIM=  2  NCALL=     994050.
                              IT=    0  ITMX=   10
                              MDS= -1   ND=  47
   1      0.8019920E-06 0.4435E-10  0.8019920E-06 0.4435E-10  0.000    
   2      0.8018997E-06 0.3245E-11  0.8019002E-06 0.3236E-11  4.304    
   3      0.8018977E-06 0.2128E-11  0.8018984E-06 0.1778E-11  2.373    
   4      0.8018966E-06 0.2063E-11  0.8018977E-06 0.1347E-11  1.727    
   5      0.8018948E-06 0.2051E-11  0.8018968E-06 0.1126E-11  1.631    
   6      0.8018979E-06 0.2050E-11  0.8018971E-06 0.9869E-12  1.347    
   7      0.8018941E-06 0.2057E-11  0.8018965E-06 0.8897E-12  1.400    
   8      0.8018960E-06 0.2061E-11  0.8018964E-06 0.8169E-12  1.209    
   9      0.8018953E-06 0.2078E-11  0.8018963E-06 0.7603E-12  1.090    
  10      0.8018983E-06 0.2097E-11  0.8018965E-06 0.7148E-12  1.060    



 INPUT PARAMETERS FOR VEGAS:  NDIM=  2  NCALL=    9724050.
                              IT=    0  ITMX=   20
                              MDS= -1   ND=  49
   1      0.8018969E-06 0.2139E-12  0.8018969E-06 0.2139E-12  0.000    
   2      0.8018968E-06 0.2138E-12  0.8018968E-06 0.1512E-12 0.1148    
   3      0.8018968E-06 0.2137E-12  0.8018968E-06 0.1234E-12 0.8285E-01
   4      0.8018967E-06 0.2137E-12  0.8018968E-06 0.1069E-12 0.9427E-01
   5      0.8018967E-06 0.2137E-12  0.8018968E-06 0.9560E-13 0.1050    
   6      0.8018966E-06 0.2137E-12  0.8018968E-06 0.8726E-13 0.2122    
   7      0.8018968E-06 0.2139E-12  0.8018968E-06 0.8080E-13 0.1985    
   8      0.8018966E-06 0.2137E-12  0.8018967E-06 0.7558E-13 0.2525    
   9      0.8018967E-06 0.2138E-12  0.8018967E-06 0.7126E-13 0.2188    
  10      0.8018967E-06 0.2138E-12  0.8018967E-06 0.6760E-13 0.2038    
  11      0.8018964E-06 0.2137E-12  0.8018967E-06 0.6445E-13 0.4035    
  12      0.8018965E-06 0.2137E-12  0.8018967E-06 0.6171E-13 0.4315    
  13      0.8018967E-06 0.2137E-12  0.8018967E-06 0.5928E-13 0.4046    
  14      0.8018967E-06 0.2137E-12  0.8018967E-06 0.5713E-13 0.3737    
  15      0.8018963E-06 0.2138E-12  0.8018967E-06 0.5519E-13 0.5967    
  16      0.8018963E-06 0.2138E-12  0.8018966E-06 0.5344E-13 0.7072    
  17      0.8018964E-06 0.2139E-12  0.8018966E-06 0.5185E-13 0.7255    
  18      0.8018967E-06 0.2137E-12  0.8018966E-06 0.5038E-13 0.6902    
  19      0.8018966E-06 0.2137E-12  0.8018966E-06 0.4904E-13 0.6555    
  20      0.8018968E-06 0.2138E-12  0.8018966E-06 0.4780E-13 0.6560    
   
   
 Integral Delta:   8.0189664532501767E-007 +-   4.7798351268530697E-014
 with chisq    =  0.65596410881528211     
  
  
  
    xq         Integral Delta                 error
   1000      0.801896645325018E-06      0.477983512685307E-13
Thanks for using LHAPDF 6.5.4. Please make sure to cite the paper:
  Eur.Phys.J. C75 (2015) 3, 132  (http://arxiv.org/abs/1412.7420)
 Writing your data in ../summary/run_00/PK_Delta4.dat
LHAPDF 6.5.4 loading /home/niraj/1TB-Disc/Workspace-IITG/Packages/Install/LHAPDF-6.5.4/install/share/LHAPDF/MMHT2014nlo68cl/MMHT2014nlo68cl_0000.dat
MMHT2014nlo68cl PDF set, member #0, version 3; LHAPDF ID = 25100
   
   
 ~~~~~~~~~~~~~~~~~~~~~~~~~~~~~~~~~~~~~~~~~~~~
     Calculating Delta Functions
 ~~~~~~~~~~~~~~~~~~~~~~~~~~~~~~~~~~~~~~~~~~~~
   
 ~~~~~~~~~~~~~~~~~~~~~~~~~~~~~~~~~~~~~~~~
Using Vegas points:                   1.E+06
         Iteration:                   10
 ~~~~~~~~~~~~~~~~~~~~~~~~~~~~~~~~~~~~~~~~
  
 For xq =         1300 
  
 RM48 INITIALIZED:        40           0         0



 INPUT PARAMETERS FOR VEGAS:  NDIM=  2  NCALL=     994050.
                              IT=    0  ITMX=   10
                              MDS= -1   ND=  47
   1      0.1995503E-06 0.6121E-11  0.1995503E-06 0.6121E-11  0.000    
   2      0.1995369E-06 0.7069E-12  0.1995371E-06 0.7022E-12  4.681    
   3      0.1995367E-06 0.4900E-12  0.1995368E-06 0.4018E-12  2.477    
   4      0.1995365E-06 0.4759E-12  0.1995367E-06 0.3070E-12  1.706    
   5      0.1995361E-06 0.4748E-12  0.1995365E-06 0.2578E-12  1.561    
   6      0.1995368E-06 0.4739E-12  0.1995366E-06 0.2265E-12  1.287    
   7      0.1995359E-06 0.4751E-12  0.1995364E-06 0.2044E-12  1.350    
   8      0.1995365E-06 0.4751E-12  0.1995364E-06 0.1878E-12  1.157    
   9      0.1995361E-06 0.4783E-12  0.1995364E-06 0.1748E-12  1.062    
  10      0.1995370E-06 0.4817E-12  0.1995365E-06 0.1643E-12  1.103    



 INPUT PARAMETERS FOR VEGAS:  NDIM=  2  NCALL=    9724050.
                              IT=    0  ITMX=   20
                              MDS= -1   ND=  49
   1      0.1995366E-06 0.4930E-13  0.1995366E-06 0.4930E-13  0.000    
   2      0.1995366E-06 0.4928E-13  0.1995366E-06 0.3485E-13 0.1091    
   3      0.1995366E-06 0.4925E-13  0.1995366E-06 0.2845E-13 0.1364    
   4      0.1995366E-06 0.4927E-13  0.1995366E-06 0.2464E-13 0.9357E-01
   5      0.1995365E-06 0.4926E-13  0.1995366E-06 0.2204E-13 0.1137    
   6      0.1995365E-06 0.4925E-13  0.1995366E-06 0.2011E-13 0.2371    
   7      0.1995366E-06 0.4930E-13  0.1995366E-06 0.1862E-13 0.2214    
   8      0.1995365E-06 0.4927E-13  0.1995366E-06 0.1742E-13 0.2674    
   9      0.1995365E-06 0.4928E-13  0.1995366E-06 0.1642E-13 0.2339    
  10      0.1995365E-06 0.4929E-13  0.1995366E-06 0.1558E-13 0.2108    
  11      0.1995365E-06 0.4924E-13  0.1995365E-06 0.1486E-13 0.4632    
  12      0.1995365E-06 0.4926E-13  0.1995365E-06 0.1422E-13 0.4679    
  13      0.1995365E-06 0.4925E-13  0.1995365E-06 0.1366E-13 0.4309    
  14      0.1995366E-06 0.4927E-13  0.1995365E-06 0.1317E-13 0.3976    
  15      0.1995364E-06 0.4926E-13  0.1995365E-06 0.1272E-13 0.6240    
  16      0.1995365E-06 0.4928E-13  0.1995365E-06 0.1232E-13 0.7238    
  17      0.1995365E-06 0.4930E-13  0.1995365E-06 0.1195E-13 0.7679    
  18      0.1995365E-06 0.4926E-13  0.1995365E-06 0.1161E-13 0.7267    
  19      0.1995365E-06 0.4926E-13  0.1995365E-06 0.1130E-13 0.6833    
  20      0.1995366E-06 0.4928E-13  0.1995365E-06 0.1102E-13 0.6841    
   
   
 Integral Delta:   1.9953653174608977E-007 +-   1.1017122065311783E-014
 with chisq    =  0.68413294662378410     
  
  
  
    xq         Integral Delta                 error
   1300      0.199536531746090E-06      0.110171220653118E-13
Thanks for using LHAPDF 6.5.4. Please make sure to cite the paper:
  Eur.Phys.J. C75 (2015) 3, 132  (http://arxiv.org/abs/1412.7420)
 Writing your data in ../summary/run_00/PK_Delta5.dat
LHAPDF 6.5.4 loading /home/niraj/1TB-Disc/Workspace-IITG/Packages/Install/LHAPDF-6.5.4/install/share/LHAPDF/MMHT2014nlo68cl/MMHT2014nlo68cl_0000.dat
MMHT2014nlo68cl PDF set, member #0, version 3; LHAPDF ID = 25100
   
   
 ~~~~~~~~~~~~~~~~~~~~~~~~~~~~~~~~~~~~~~~~~~~~
     Calculating Delta Functions
 ~~~~~~~~~~~~~~~~~~~~~~~~~~~~~~~~~~~~~~~~~~~~
   
 ~~~~~~~~~~~~~~~~~~~~~~~~~~~~~~~~~~~~~~~~
Using Vegas points:                   1.E+06
         Iteration:                   10
 ~~~~~~~~~~~~~~~~~~~~~~~~~~~~~~~~~~~~~~~~
  
 For xq =         1600 
  
 RM48 INITIALIZED:        40           0         0



 INPUT PARAMETERS FOR VEGAS:  NDIM=  2  NCALL=     994050.
                              IT=    0  ITMX=   10
                              MDS= -1   ND=  47
   1      0.6141436E-07 0.1213E-11  0.6141436E-07 0.1213E-11  0.000    
   2      0.6141218E-07 0.1933E-12  0.6141224E-07 0.1909E-12  3.133    
   3      0.6141215E-07 0.1431E-12  0.6141218E-07 0.1145E-12  1.632    
   4      0.6141207E-07 0.1386E-12  0.6141213E-07 0.8828E-13  1.229    
   5      0.6141196E-07 0.1383E-12  0.6141208E-07 0.7441E-13  1.206    
   6      0.6141215E-07 0.1381E-12  0.6141210E-07 0.6551E-13  1.004    
   7      0.6141189E-07 0.1384E-12  0.6141206E-07 0.5921E-13  1.154    
   8      0.6141208E-07 0.1382E-12  0.6141206E-07 0.5443E-13 0.9915    
   9      0.6141194E-07 0.1389E-12  0.6141205E-07 0.5067E-13 0.9591    
  10      0.6141230E-07 0.1397E-12  0.6141208E-07 0.4764E-13  1.168    



 INPUT PARAMETERS FOR VEGAS:  NDIM=  2  NCALL=    9724050.
                              IT=    0  ITMX=   20
                              MDS= -1   ND=  49
   1      0.6141211E-07 0.1431E-13  0.6141211E-07 0.1431E-13  0.000    
   2      0.6141210E-07 0.1431E-13  0.6141210E-07 0.1012E-13 0.1309    
   3      0.6141209E-07 0.1430E-13  0.6141210E-07 0.8261E-14 0.1618    
   4      0.6141210E-07 0.1430E-13  0.6141210E-07 0.7154E-14 0.1182    
   5      0.6141209E-07 0.1431E-13  0.6141210E-07 0.6398E-14 0.1349    
   6      0.6141209E-07 0.1430E-13  0.6141210E-07 0.5840E-14 0.1804    
   7      0.6141211E-07 0.1431E-13  0.6141210E-07 0.5408E-14 0.2023    
   8      0.6141208E-07 0.1431E-13  0.6141210E-07 0.5058E-14 0.2995    
   9      0.6141210E-07 0.1431E-13  0.6141210E-07 0.4769E-14 0.2645    
  10      0.6141210E-07 0.1431E-13  0.6141210E-07 0.4524E-14 0.2312    
  11      0.6141207E-07 0.1430E-13  0.6141209E-07 0.4314E-14 0.5511    
  12      0.6141208E-07 0.1431E-13  0.6141209E-07 0.4130E-14 0.5424    
  13      0.6141209E-07 0.1430E-13  0.6141209E-07 0.3968E-14 0.4969    
  14      0.6141210E-07 0.1431E-13  0.6141209E-07 0.3823E-14 0.4732    
  15      0.6141206E-07 0.1430E-13  0.6141209E-07 0.3694E-14 0.7516    
  16      0.6141207E-07 0.1431E-13  0.6141209E-07 0.3577E-14 0.8099    
  17      0.6141207E-07 0.1432E-13  0.6141209E-07 0.3470E-14 0.8313    
  18      0.6141209E-07 0.1430E-13  0.6141209E-07 0.3372E-14 0.7754    
  19      0.6141209E-07 0.1430E-13  0.6141209E-07 0.3282E-14 0.7404    
  20      0.6141210E-07 0.1431E-13  0.6141209E-07 0.3199E-14 0.7100    
   
   
 Integral Delta:   6.1412089434924207E-008 +-   3.1990209935581531E-015
 with chisq    =  0.70998749741021128     
  
  
  
    xq         Integral Delta                 error
   1600      0.614120894349242E-07      0.319902099355815E-14
Thanks for using LHAPDF 6.5.4. Please make sure to cite the paper:
  Eur.Phys.J. C75 (2015) 3, 132  (http://arxiv.org/abs/1412.7420)
 Writing your data in ../summary/run_00/PK_Delta6.dat
LHAPDF 6.5.4 loading /home/niraj/1TB-Disc/Workspace-IITG/Packages/Install/LHAPDF-6.5.4/install/share/LHAPDF/MMHT2014nlo68cl/MMHT2014nlo68cl_0000.dat
MMHT2014nlo68cl PDF set, member #0, version 3; LHAPDF ID = 25100
   
   
 ~~~~~~~~~~~~~~~~~~~~~~~~~~~~~~~~~~~~~~~~~~~~
     Calculating Delta Functions
 ~~~~~~~~~~~~~~~~~~~~~~~~~~~~~~~~~~~~~~~~~~~~
   
 ~~~~~~~~~~~~~~~~~~~~~~~~~~~~~~~~~~~~~~~~
Using Vegas points:                   1.E+06
         Iteration:                   10
 ~~~~~~~~~~~~~~~~~~~~~~~~~~~~~~~~~~~~~~~~
  
 For xq =         1900 
  
 RM48 INITIALIZED:        40           0         0



 INPUT PARAMETERS FOR VEGAS:  NDIM=  2  NCALL=     994050.
                              IT=    0  ITMX=   10
                              MDS= -1   ND=  47
   1      0.2163798E-07 0.3041E-12  0.2163798E-07 0.3041E-12  0.000    
   2      0.2163764E-07 0.6252E-13  0.2163765E-07 0.6124E-13  1.238    
   3      0.2163761E-07 0.4764E-13  0.2163763E-07 0.3760E-13 0.7240    
   4      0.2163759E-07 0.4645E-13  0.2163761E-07 0.2923E-13 0.5919    
   5      0.2163755E-07 0.4645E-13  0.2163760E-07 0.2474E-13 0.7842    
   6      0.2163763E-07 0.4640E-13  0.2163760E-07 0.2183E-13 0.7177    
   7      0.2163754E-07 0.4652E-13  0.2163759E-07 0.1976E-13 0.8491    
   8      0.2163761E-07 0.4641E-13  0.2163759E-07 0.1818E-13 0.7403    
   9      0.2163755E-07 0.4663E-13  0.2163759E-07 0.1694E-13 0.7683    
  10      0.2163767E-07 0.4684E-13  0.2163760E-07 0.1593E-13  1.005    



 INPUT PARAMETERS FOR VEGAS:  NDIM=  2  NCALL=    9724050.
                              IT=    0  ITMX=   20
                              MDS= -1   ND=  49
   1      0.2163761E-07 0.4802E-14  0.2163761E-07 0.4802E-14  0.000    
   2      0.2163760E-07 0.4800E-14  0.2163760E-07 0.3395E-14 0.2139    
   3      0.2163760E-07 0.4797E-14  0.2163760E-07 0.2771E-14 0.1733    
   4      0.2163760E-07 0.4799E-14  0.2163760E-07 0.2400E-14 0.1199    
   5      0.2163760E-07 0.4800E-14  0.2163760E-07 0.2146E-14 0.1124    
   6      0.2163760E-07 0.4798E-14  0.2163760E-07 0.1959E-14 0.1490    
   7      0.2163761E-07 0.4802E-14  0.2163760E-07 0.1814E-14 0.1948    
   8      0.2163760E-07 0.4799E-14  0.2163760E-07 0.1697E-14 0.3033    
   9      0.2163760E-07 0.4800E-14  0.2163760E-07 0.1600E-14 0.2889    
  10      0.2163760E-07 0.4801E-14  0.2163760E-07 0.1518E-14 0.2568    
  11      0.2163759E-07 0.4797E-14  0.2163760E-07 0.1447E-14 0.6122    
  12      0.2163760E-07 0.4799E-14  0.2163760E-07 0.1385E-14 0.6118    
  13      0.2163760E-07 0.4797E-14  0.2163760E-07 0.1331E-14 0.5612    
  14      0.2163760E-07 0.4799E-14  0.2163760E-07 0.1283E-14 0.5210    
  15      0.2163759E-07 0.4798E-14  0.2163760E-07 0.1239E-14 0.8165    
  16      0.2163759E-07 0.4800E-14  0.2163760E-07 0.1200E-14 0.8676    
  17      0.2163760E-07 0.4802E-14  0.2163760E-07 0.1164E-14 0.8642    
  18      0.2163760E-07 0.4799E-14  0.2163760E-07 0.1131E-14 0.8295    
  19      0.2163760E-07 0.4798E-14  0.2163760E-07 0.1101E-14 0.7727    
  20      0.2163760E-07 0.4799E-14  0.2163760E-07 0.1073E-14 0.7526    
   
   
 Integral Delta:   2.1637600740484163E-008 +-   1.0731650892645851E-015
 with chisq    =  0.75255846310619179     
  
  
  
    xq         Integral Delta                 error
   1900      0.216376007404842E-07      0.107316508926459E-14
Thanks for using LHAPDF 6.5.4. Please make sure to cite the paper:
  Eur.Phys.J. C75 (2015) 3, 132  (http://arxiv.org/abs/1412.7420)
 Writing your data in ../summary/run_00/PK_Delta7.dat
LHAPDF 6.5.4 loading /home/niraj/1TB-Disc/Workspace-IITG/Packages/Install/LHAPDF-6.5.4/install/share/LHAPDF/MMHT2014nlo68cl/MMHT2014nlo68cl_0000.dat
MMHT2014nlo68cl PDF set, member #0, version 3; LHAPDF ID = 25100
   
   
 ~~~~~~~~~~~~~~~~~~~~~~~~~~~~~~~~~~~~~~~~~~~~
     Calculating Delta Functions
 ~~~~~~~~~~~~~~~~~~~~~~~~~~~~~~~~~~~~~~~~~~~~
   
 ~~~~~~~~~~~~~~~~~~~~~~~~~~~~~~~~~~~~~~~~
Using Vegas points:                   1.E+06
         Iteration:                   10
 ~~~~~~~~~~~~~~~~~~~~~~~~~~~~~~~~~~~~~~~~
  
 For xq =         2200 
  
 RM48 INITIALIZED:        40           0         0



 INPUT PARAMETERS FOR VEGAS:  NDIM=  2  NCALL=     994050.
                              IT=    0  ITMX=   10
                              MDS= -1   ND=  47
   1      0.8356955E-08 0.8938E-13  0.8356955E-08 0.8938E-13  0.000    
   2      0.8356909E-08 0.2267E-13  0.8356912E-08 0.2197E-13 0.2492    
   3      0.8356909E-08 0.1777E-13  0.8356910E-08 0.1381E-13 0.1301    
   4      0.8356898E-08 0.1737E-13  0.8356905E-08 0.1081E-13 0.1832    
   5      0.8356881E-08 0.1734E-13  0.8356899E-08 0.9175E-14 0.4894    
   6      0.8356917E-08 0.1730E-13  0.8356903E-08 0.8105E-14 0.5742    
   7      0.8356881E-08 0.1734E-13  0.8356899E-08 0.7343E-14 0.6905    
   8      0.8356908E-08 0.1729E-13  0.8356900E-08 0.6759E-14 0.6265    
   9      0.8356882E-08 0.1738E-13  0.8356898E-08 0.6299E-14 0.6636    
  10      0.8356924E-08 0.1746E-13  0.8356901E-08 0.5926E-14 0.8130    



 INPUT PARAMETERS FOR VEGAS:  NDIM=  2  NCALL=    9724050.
                              IT=    0  ITMX=   20
                              MDS= -1   ND=  49
   1      0.8356903E-08 0.1786E-14  0.8356903E-08 0.1786E-14  0.000    
   2      0.8356902E-08 0.1785E-14  0.8356903E-08 0.1262E-14 0.2707    
   3      0.8356902E-08 0.1784E-14  0.8356902E-08 0.1030E-14 0.1625    
   4      0.8356903E-08 0.1784E-14  0.8356902E-08 0.8923E-15 0.1290    
   5      0.8356902E-08 0.1785E-14  0.8356902E-08 0.7981E-15 0.1113    
   6      0.8356901E-08 0.1784E-14  0.8356902E-08 0.7285E-15 0.1579    
   7      0.8356903E-08 0.1785E-14  0.8356902E-08 0.6745E-15 0.1671    
   8      0.8356901E-08 0.1785E-14  0.8356902E-08 0.6310E-15 0.2212    
   9      0.8356903E-08 0.1785E-14  0.8356902E-08 0.5949E-15 0.2308    
  10      0.8356903E-08 0.1785E-14  0.8356902E-08 0.5644E-15 0.2193    
  11      0.8356899E-08 0.1784E-14  0.8356902E-08 0.5381E-15 0.5790    
  12      0.8356901E-08 0.1784E-14  0.8356902E-08 0.5152E-15 0.5658    
  13      0.8356901E-08 0.1784E-14  0.8356902E-08 0.4949E-15 0.5158    
  14      0.8356902E-08 0.1784E-14  0.8356902E-08 0.4769E-15 0.4794    
  15      0.8356898E-08 0.1784E-14  0.8356902E-08 0.4608E-15 0.7880    
  16      0.8356899E-08 0.1785E-14  0.8356901E-08 0.4461E-15 0.8546    
  17      0.8356900E-08 0.1785E-14  0.8356901E-08 0.4328E-15 0.8595    
  18      0.8356902E-08 0.1784E-14  0.8356901E-08 0.4206E-15 0.8155    
  19      0.8356901E-08 0.1784E-14  0.8356901E-08 0.4094E-15 0.7599    
  20      0.8356902E-08 0.1785E-14  0.8356901E-08 0.3990E-15 0.7497    
   
   
 Integral Delta:   8.3569014007115292E-009 +-   3.9903470230716363E-016
 with chisq    =  0.74965829289723596     
  
  
  
    xq         Integral Delta                 error
   2200      0.835690140071153E-08      0.399034702307164E-15
Thanks for using LHAPDF 6.5.4. Please make sure to cite the paper:
  Eur.Phys.J. C75 (2015) 3, 132  (http://arxiv.org/abs/1412.7420)
 Writing your data in ../summary/run_00/PK_Delta8.dat
LHAPDF 6.5.4 loading /home/niraj/1TB-Disc/Workspace-IITG/Packages/Install/LHAPDF-6.5.4/install/share/LHAPDF/MMHT2014nlo68cl/MMHT2014nlo68cl_0000.dat
MMHT2014nlo68cl PDF set, member #0, version 3; LHAPDF ID = 25100
   
   
 ~~~~~~~~~~~~~~~~~~~~~~~~~~~~~~~~~~~~~~~~~~~~
     Calculating Delta Functions
 ~~~~~~~~~~~~~~~~~~~~~~~~~~~~~~~~~~~~~~~~~~~~
   
 ~~~~~~~~~~~~~~~~~~~~~~~~~~~~~~~~~~~~~~~~
Using Vegas points:                   1.E+06
         Iteration:                   10
 ~~~~~~~~~~~~~~~~~~~~~~~~~~~~~~~~~~~~~~~~
  
 For xq =         2500 
  
 RM48 INITIALIZED:        40           0         0



 INPUT PARAMETERS FOR VEGAS:  NDIM=  2  NCALL=     994050.
                              IT=    0  ITMX=   10
                              MDS= -1   ND=  47
   1      0.3443101E-08 0.2957E-13  0.3443101E-08 0.2957E-13  0.000    
   2      0.3443101E-08 0.8819E-14  0.3443101E-08 0.8451E-14 0.1079E-03
   3      0.3443101E-08 0.7063E-14  0.3443101E-08 0.5419E-14 0.3410E-03
   4      0.3443098E-08 0.6933E-14  0.3443100E-08 0.4270E-14 0.3445E-01
   5      0.3443091E-08 0.6932E-14  0.3443098E-08 0.3635E-14 0.3289    
   6      0.3443106E-08 0.6927E-14  0.3443100E-08 0.3219E-14 0.5112    
   7      0.3443090E-08 0.6948E-14  0.3443098E-08 0.2921E-14 0.6891    
   8      0.3443102E-08 0.6937E-14  0.3443098E-08 0.2692E-14 0.6291    
   9      0.3443093E-08 0.6985E-14  0.3443098E-08 0.2512E-14 0.6232    
  10      0.3443104E-08 0.7040E-14  0.3443098E-08 0.2366E-14 0.6348    



 INPUT PARAMETERS FOR VEGAS:  NDIM=  2  NCALL=    9724050.
                              IT=    0  ITMX=   20
                              MDS= -1   ND=  49
   1      0.3443100E-08 0.7203E-15  0.3443100E-08 0.7203E-15  0.000    
   2      0.3443099E-08 0.7200E-15  0.3443099E-08 0.5092E-15 0.8912    
   3      0.3443099E-08 0.7196E-15  0.3443099E-08 0.4157E-15 0.4503    
   4      0.3443099E-08 0.7198E-15  0.3443099E-08 0.3600E-15 0.3607    
   5      0.3443099E-08 0.7197E-15  0.3443099E-08 0.3219E-15 0.2713    
   6      0.3443099E-08 0.7196E-15  0.3443099E-08 0.2939E-15 0.2783    
   7      0.3443099E-08 0.7202E-15  0.3443099E-08 0.2721E-15 0.2844    
   8      0.3443099E-08 0.7198E-15  0.3443099E-08 0.2545E-15 0.3194    
   9      0.3443099E-08 0.7200E-15  0.3443099E-08 0.2400E-15 0.3111    
  10      0.3443099E-08 0.7201E-15  0.3443099E-08 0.2277E-15 0.2907    
  11      0.3443098E-08 0.7196E-15  0.3443099E-08 0.2171E-15 0.6377    
  12      0.3443098E-08 0.7197E-15  0.3443099E-08 0.2078E-15 0.6487    
  13      0.3443099E-08 0.7195E-15  0.3443099E-08 0.1996E-15 0.5927    
  14      0.3443099E-08 0.7199E-15  0.3443099E-08 0.1924E-15 0.5444    
  15      0.3443097E-08 0.7197E-15  0.3443099E-08 0.1859E-15 0.9144    
  16      0.3443098E-08 0.7200E-15  0.3443099E-08 0.1800E-15 0.9483    
  17      0.3443098E-08 0.7202E-15  0.3443099E-08 0.1746E-15 0.9414    
  18      0.3443099E-08 0.7197E-15  0.3443099E-08 0.1697E-15 0.8846    
  19      0.3443099E-08 0.7197E-15  0.3443099E-08 0.1651E-15 0.8411    
  20      0.3443099E-08 0.7199E-15  0.3443099E-08 0.1610E-15 0.8200    
   
   
 Integral Delta:   3.4430987486376491E-009 +-   1.6096301703236863E-016
 with chisq    =  0.82002285258842189     
  
  
  
    xq         Integral Delta                 error
   2500      0.344309874863765E-08      0.160963017032369E-15
Thanks for using LHAPDF 6.5.4. Please make sure to cite the paper:
  Eur.Phys.J. C75 (2015) 3, 132  (http://arxiv.org/abs/1412.7420)
