   2200.0000000000000        4.1670749683710959E-008   9.7090059669150711E-010
  
 Writing data in the file  ../summary/run_01/PK7.dat                                                                           
  
LHAPDF 6.5.4 loading /home/niraj/1TB-Disc/Workspace-IITG/Packages/Install/LHAPDF-6.5.4/install/share/LHAPDF/MMHT2014nlo68cl/MMHT2014nlo68cl_0000.dat
MMHT2014nlo68cl PDF set, member #0, version 3; LHAPDF ID = 25100
   
   
 ~~~~~~~~~~~~~~~~~~~~~~~~~~~~~~~~~~~~~~~~~~~~
     Calculating P and K terms
 ~~~~~~~~~~~~~~~~~~~~~~~~~~~~~~~~~~~~~~~~~~~~
   
   
   
 ~~~~~~~~~~~~~~~~~~~~~~~~~~~~~~~~~~~~~~~~~~~~
     Calculating [+] distribution
 ~~~~~~~~~~~~~~~~~~~~~~~~~~~~~~~~~~~~~~~~~~~~
   
 ~~~~~~~~~~~~~~~~~~~~~~~~~~~~~~~~~~~~~~~~
Using Vegas points:                   1.E+09
         Iteration:                   10
 ~~~~~~~~~~~~~~~~~~~~~~~~~~~~~~~~~~~~~~~~
  
 For xq =         2200 
  
   
   
 ~~~~~~~~~~~~~~~~~~~~~~~~~~~~~~~~~~~~~~~~~~~~
     Calculating PlusA distribution
 ~~~~~~~~~~~~~~~~~~~~~~~~~~~~~~~~~~~~~~~~~~~~
   
 RM48 INITIALIZED:        40           0         0



 INPUT PARAMETERS FOR VEGAS:  NDIM=  4  NCALL=  933897762.
                              IT=    0  ITMX=   10
                              MDS= -1   ND=  49
   1     -0.1361505E-05 0.6835E-08 -0.1361505E-05 0.6835E-08  0.000    
   2     -0.1364506E-05 0.2910E-08 -0.1364047E-05 0.2675E-08 0.1630    
   3     -0.1363817E-05 0.2575E-08 -0.1363928E-05 0.1855E-08 0.8340E-01
   4     -0.1363698E-05 0.2513E-08 -0.1363846E-05 0.1493E-08 0.5740E-01
   5     -0.1362132E-05 0.2489E-08 -0.1363394E-05 0.1280E-08 0.1302    
   6     -0.1362735E-05 0.2481E-08 -0.1363255E-05 0.1138E-08 0.1153    
   7     -0.1358640E-05 0.2477E-08 -0.1362455E-05 0.1034E-08 0.5720    
   8     -0.1367871E-05 0.2483E-08 -0.1363261E-05 0.9544E-09  1.072    
   9     -0.1363001E-05 0.2487E-08 -0.1363227E-05 0.8910E-09 0.9394    
  10     -0.1360217E-05 0.2495E-08 -0.1362888E-05 0.8392E-09 0.9784    



 INPUT PARAMETERS FOR VEGAS:  NDIM=  4  NCALL= 1310720000.
                              IT=    0  ITMX=   20
                              MDS= -1   ND=  40
   1     -0.1365786E-05 0.2114E-08 -0.1365786E-05 0.2114E-08  0.000    
   2     -0.1365861E-05 0.2112E-08 -0.1365823E-05 0.1494E-08 0.6319E-03
   3     -0.1359455E-05 0.2107E-08 -0.1363705E-05 0.1219E-08  3.031    
   4     -0.1363836E-05 0.2114E-08 -0.1363738E-05 0.1056E-08  2.021    
   5     -0.1364994E-05 0.2112E-08 -0.1363989E-05 0.9444E-09  1.586    
   6     -0.1366077E-05 0.2113E-08 -0.1364338E-05 0.8623E-09  1.431    
   7     -0.1359810E-05 0.2108E-08 -0.1363692E-05 0.7980E-09  1.850    
   8     -0.1360761E-05 0.2109E-08 -0.1363327E-05 0.7464E-09  1.827    
   9     -0.1362676E-05 0.2110E-08 -0.1363254E-05 0.7037E-09  1.609    
  10     -0.1365530E-05 0.2114E-08 -0.1363482E-05 0.6677E-09  1.546    
  11     -0.1363371E-05 0.2112E-08 -0.1363472E-05 0.6366E-09  1.392    
  12     -0.1365489E-05 0.2112E-08 -0.1363640E-05 0.6095E-09  1.341    
  13     -0.1361256E-05 0.2111E-08 -0.1363457E-05 0.5856E-09  1.328    
  14     -0.1363877E-05 0.2112E-08 -0.1363487E-05 0.5643E-09  1.228    
  15     -0.1363897E-05 0.2111E-08 -0.1363515E-05 0.5452E-09  1.143    
  16     -0.1363004E-05 0.2108E-08 -0.1363483E-05 0.5278E-09  1.071    
  17     -0.1363427E-05 0.2110E-08 -0.1363479E-05 0.5120E-09  1.004    
  18     -0.1363223E-05 0.2112E-08 -0.1363465E-05 0.4976E-09 0.9454    
  19     -0.1361998E-05 0.2110E-08 -0.1363388E-05 0.4843E-09 0.9184    
  20     -0.1361414E-05 0.2110E-08 -0.1363290E-05 0.4720E-09 0.9139    
   
   
 ~~~~~~~~~~~~~~~~~~~~~~~~~~~~~~~~~~~~~~~~~~~~
     Calculating PlusB distribution
 ~~~~~~~~~~~~~~~~~~~~~~~~~~~~~~~~~~~~~~~~~~~~
   
 RM48 INITIALIZED:        40           0         0



 INPUT PARAMETERS FOR VEGAS:  NDIM=  4  NCALL=  933897762.
                              IT=    0  ITMX=   10
                              MDS= -1   ND=  49
   1     -0.1381142E-05 0.6876E-08 -0.1381142E-05 0.6876E-08  0.000    
   2     -0.1384343E-05 0.2985E-08 -0.1383837E-05 0.2736E-08 0.1821    
   3     -0.1387135E-05 0.2649E-08 -0.1385545E-05 0.1902E-08 0.4660    
   4     -0.1383098E-05 0.2575E-08 -0.1384682E-05 0.1530E-08 0.5054    
   5     -0.1388196E-05 0.2553E-08 -0.1385615E-05 0.1312E-08 0.7283    
   6     -0.1388372E-05 0.2545E-08 -0.1386196E-05 0.1166E-08 0.7683    
   7     -0.1389481E-05 0.2536E-08 -0.1386772E-05 0.1059E-08 0.8713    
   8     -0.1389647E-05 0.2540E-08 -0.1387200E-05 0.9777E-09 0.9027    
   9     -0.1384156E-05 0.2546E-08 -0.1386810E-05 0.9127E-09 0.9455    
  10     -0.1383378E-05 0.2550E-08 -0.1386421E-05 0.8594E-09  1.019    



 INPUT PARAMETERS FOR VEGAS:  NDIM=  4  NCALL= 1310720000.
                              IT=    0  ITMX=   20
                              MDS= -1   ND=  40
   1     -0.1385022E-05 0.2165E-08 -0.1385022E-05 0.2165E-08  0.000    
   2     -0.1387698E-05 0.2166E-08 -0.1386361E-05 0.1531E-08 0.7633    
   3     -0.1386024E-05 0.2163E-08 -0.1386249E-05 0.1250E-08 0.3898    
   4     -0.1384900E-05 0.2163E-08 -0.1385912E-05 0.1082E-08 0.3571    
   5     -0.1383378E-05 0.2162E-08 -0.1385406E-05 0.9677E-09 0.5419    
   6     -0.1382973E-05 0.2165E-08 -0.1385002E-05 0.8835E-09 0.6437    
   7     -0.1388283E-05 0.2168E-08 -0.1385471E-05 0.8182E-09 0.8644    
   8     -0.1381460E-05 0.2160E-08 -0.1384970E-05 0.7652E-09  1.170    
   9     -0.1384240E-05 0.2165E-08 -0.1384889E-05 0.7214E-09  1.037    
  10     -0.1385532E-05 0.2164E-08 -0.1384954E-05 0.6844E-09 0.9302    
  11     -0.1384338E-05 0.2163E-08 -0.1384898E-05 0.6525E-09 0.8446    
  12     -0.1383759E-05 0.2162E-08 -0.1384803E-05 0.6247E-09 0.7909    
  13     -0.1388734E-05 0.2169E-08 -0.1385105E-05 0.6003E-09 0.9787    
  14     -0.1383399E-05 0.2164E-08 -0.1384984E-05 0.5784E-09 0.9479    
  15     -0.1385888E-05 0.2167E-08 -0.1385044E-05 0.5589E-09 0.8917    
  16     -0.1385117E-05 0.2166E-08 -0.1385049E-05 0.5411E-09 0.8323    
  17     -0.1382109E-05 0.2163E-08 -0.1384876E-05 0.5250E-09 0.8888    
  18     -0.1383896E-05 0.2165E-08 -0.1384822E-05 0.5102E-09 0.8479    
  19     -0.1386677E-05 0.2167E-08 -0.1384919E-05 0.4966E-09 0.8394    
  20     -0.1384466E-05 0.2165E-08 -0.1384897E-05 0.4840E-09 0.7974    
   
   
 Integral Plus:   2.1607207302828386E-008 +-   1.6433117446325701E-319
 with chisq    =  0.79741142505111084     
  
  
  
    xq         Integral Plus                 error
   2200      0.216072073028284E-07      0.956062166477997E-09
   
   
 ~~~~~~~~~~~~~~~~~~~~~~~~~~~~~~~~~~~~~~~~~~~~
     Calculating Regular Terms
 ~~~~~~~~~~~~~~~~~~~~~~~~~~~~~~~~~~~~~~~~~~~~
   
 ~~~~~~~~~~~~~~~~~~~~~~~~~~~~~~~~~~~~~~~~
Using Vegas points:                   1.E+07
         Iteration:                   10
 ~~~~~~~~~~~~~~~~~~~~~~~~~~~~~~~~~~~~~~~~
  
 For xq =         2200 
  
 RM48 INITIALIZED:        40           0         0



 INPUT PARAMETERS FOR VEGAS:  NDIM=  4  NCALL=    9759362.
                              IT=    0  ITMX=   10
                              MDS= -1   ND=  47
   1      0.1192054E-07 0.9195E-09  0.1192054E-07 0.9195E-09  0.000    
   2      0.1158081E-07 0.2717E-09  0.1160957E-07 0.2637E-09 0.1286    
   3      0.1155169E-07 0.2163E-09  0.1157545E-07 0.1680E-09 0.7937E-01
   4      0.1153087E-07 0.2133E-09  0.1155866E-07 0.1322E-09 0.6216E-01
   5      0.1166521E-07 0.2114E-09  0.1158869E-07 0.1121E-09 0.9233E-01
   6      0.1190377E-07 0.2132E-09  0.1165925E-07 0.9910E-10 0.4247    
   7      0.1157605E-07 0.2080E-09  0.1164411E-07 0.8950E-10 0.3763    
   8      0.1150736E-07 0.2182E-09  0.1162490E-07 0.8283E-10 0.3708    
   9      0.1200068E-07 0.2171E-09  0.1167512E-07 0.7735E-10 0.6638    
  10      0.1188505E-07 0.2119E-09  0.1170051E-07 0.7264E-10 0.6868    



 INPUT PARAMETERS FOR VEGAS:  NDIM=  4  NCALL=   99574272.
                              IT=    0  ITMX=   20
                              MDS= -1   ND=  42
   1      0.1157767E-07 0.6571E-10  0.1157767E-07 0.6571E-10  0.000    
   2      0.1168193E-07 0.6622E-10  0.1162986E-07 0.4664E-10  1.249    
   3      0.1184432E-07 0.6698E-10  0.1170163E-07 0.3828E-10  4.111    
   4      0.1164144E-07 0.6612E-10  0.1168663E-07 0.3313E-10  2.953    
   5      0.1174647E-07 0.6661E-10  0.1169860E-07 0.2966E-10  2.373    
   6      0.1164944E-07 0.6609E-10  0.1169041E-07 0.2706E-10  1.993    
   7      0.1162445E-07 0.6592E-10  0.1168099E-07 0.2504E-10  1.805    
   8      0.1175401E-07 0.6632E-10  0.1169020E-07 0.2342E-10  1.698    
   9      0.1174216E-07 0.6633E-10  0.1169601E-07 0.2209E-10  1.553    
  10      0.1170700E-07 0.6634E-10  0.1169710E-07 0.2095E-10  1.383    
  11      0.1172193E-07 0.6614E-10  0.1169938E-07 0.1998E-10  1.257    
  12      0.1168125E-07 0.6630E-10  0.1169787E-07 0.1913E-10  1.149    
  13      0.1170761E-07 0.6636E-10  0.1169862E-07 0.1838E-10  1.055    
  14      0.1182280E-07 0.6647E-10  0.1170761E-07 0.1771E-10  1.226    
  15      0.1175052E-07 0.6652E-10  0.1171048E-07 0.1712E-10  1.166    
  16      0.1170168E-07 0.6640E-10  0.1170993E-07 0.1658E-10  1.089    
  17      0.1163627E-07 0.6646E-10  0.1170567E-07 0.1608E-10  1.094    
  18      0.1163596E-07 0.6668E-10  0.1170188E-07 0.1563E-10  1.090    
  19      0.1178649E-07 0.6666E-10  0.1170635E-07 0.1522E-10  1.115    
  20      0.1171222E-07 0.6655E-10  0.1170664E-07 0.1484E-10  1.056    
   
   
 Integral Regular:   1.1706641259856220E-008 +-   1.4838390068198720E-011
 with chisq    =   1.0562587195144040     
  
  
  
    xq         Integral Regular                 error
   2200      0.117066412598562E-07      0.148383900681987E-10
   
   
 ~~~~~~~~~~~~~~~~~~~~~~~~~~~~~~~~~~~~~~~~~~~~
     Calculating Delta Functions
 ~~~~~~~~~~~~~~~~~~~~~~~~~~~~~~~~~~~~~~~~~~~~
   
 ~~~~~~~~~~~~~~~~~~~~~~~~~~~~~~~~~~~~~~~~
Using Vegas points:                   1.E+07
         Iteration:                   10
 ~~~~~~~~~~~~~~~~~~~~~~~~~~~~~~~~~~~~~~~~
  
 For xq =         2200 
  
 RM48 INITIALIZED:        40           0         0



 INPUT PARAMETERS FOR VEGAS:  NDIM=  2  NCALL=    9724050.
                              IT=    0  ITMX=   10
                              MDS= -1   ND=  49
   1      0.8356915E-08 0.9144E-14  0.8356915E-08 0.9144E-14  0.000    
   2      0.8356904E-08 0.2301E-14  0.8356904E-08 0.2232E-14  1.339    
   3      0.8356902E-08 0.1810E-14  0.8356903E-08 0.1406E-14 0.9605    
   4      0.8356902E-08 0.1769E-14  0.8356903E-08 0.1101E-14 0.7395    
   5      0.8356902E-08 0.1767E-14  0.8356903E-08 0.9342E-15 0.5578    
   6      0.8356902E-08 0.1765E-14  0.8356902E-08 0.8257E-15 0.4629    
   7      0.8356901E-08 0.1764E-14  0.8356902E-08 0.7478E-15 0.4188    
   8      0.8356902E-08 0.1767E-14  0.8356902E-08 0.6887E-15 0.3675    
   9      0.8356900E-08 0.1771E-14  0.8356902E-08 0.6419E-15 0.4450    
  10      0.8356901E-08 0.1778E-14  0.8356902E-08 0.6037E-15 0.4058    



 INPUT PARAMETERS FOR VEGAS:  NDIM=  2  NCALL=   96827528.
                              IT=    0  ITMX=   20
                              MDS= -1   ND=  49
   1      0.8356901E-08 0.1795E-15  0.8356901E-08 0.1795E-15  0.000    
   2      0.8356901E-08 0.1796E-15  0.8356901E-08 0.1270E-15  2.294    
   3      0.8356901E-08 0.1795E-15  0.8356901E-08 0.1037E-15 0.5736    
   4      0.8356901E-08 0.1795E-15  0.8356901E-08 0.8977E-16 0.5099    
   5      0.8356901E-08 0.1795E-15  0.8356901E-08 0.8029E-16 0.4780    
   6      0.8356901E-08 0.1796E-15  0.8356901E-08 0.7330E-16 0.9177    
   7      0.8356901E-08 0.1795E-15  0.8356901E-08 0.6786E-16  1.338    
   8      0.8356901E-08 0.1795E-15  0.8356901E-08 0.6348E-16 0.8740    
   9      0.8356901E-08 0.1795E-15  0.8356901E-08 0.5985E-16 0.4302    
  10      0.8356901E-08 0.1795E-15  0.8356901E-08 0.5677E-16 0.4249    
  11      0.8356901E-08 0.1795E-15  0.8356901E-08 0.5413E-16  0.000    
  12      0.8356901E-08 0.1795E-15  0.8356901E-08 0.5183E-16 0.4172    
  13      0.8356901E-08 0.1796E-15  0.8356901E-08 0.4979E-16 0.8285    
  14      0.8356901E-08 0.1795E-15  0.8356901E-08 0.4798E-16 0.8236    
  15      0.8356901E-08 0.1796E-15  0.8356901E-08 0.4636E-16 0.8194    
  16      0.8356901E-08 0.1795E-15  0.8356901E-08 0.4488E-16 0.8158    
  17      0.8356901E-08 0.1795E-15  0.8356901E-08 0.4354E-16 0.8126    
  18      0.8356901E-08 0.1796E-15  0.8356901E-08 0.4232E-16 0.8098    
  19      0.8356901E-08 0.1795E-15  0.8356901E-08 0.4119E-16  0.000    
  20      0.8356901E-08 0.1795E-15  0.8356901E-08 0.4015E-16 0.4025    
   
   
 Integral Delta:   8.3569011210263520E-009 +-   4.0145311111685803E-017
 with chisq    =  0.40252902643904254     
  
  
  
    xq         Integral Delta                 error
   2200      0.835690112102635E-08      0.401453111116858E-16
   
    xq              Plus                      regular                        delta                    combined PK                      error
   2200      0.216072073028284E-07      0.117066412598562E-07      0.835690112102635E-08      0.416707496837110E-07      0.970900596691507E-09
Thanks for using LHAPDF 6.5.4. Please make sure to cite the paper:
  Eur.Phys.J. C75 (2015) 3, 132  (http://arxiv.org/abs/1412.7420)
