   1900.0000000000000        4.8209769944528288E-008   4.2376185311721108E-010
   2200.0000000000000        2.1839830088285431E-008   1.7069275683373539E-010
   2500.0000000000000        1.0079270458566570E-008   7.4246115070669958E-011
   2800.0000000000000        4.9006828346010992E-009   3.3399823072825831E-011
   3100.0000000000000        2.4739468677337894E-009   1.5097136921253821E-011
   3400.0000000000000        1.2515212750550342E-009   7.0575009799715206E-012
   3700.0000000000000        6.4019038792548781E-010   3.4239091689145227E-012
 Directory not found ../summary/run_new_04                                                                               
 Making new directory..
/home/niraj/OneDrive/WorkSpaceIITG/Generalfiles/integrators/DY1/DrellYan/summary/run_new_04
 Directory constructed successfully🤩
  
 Writing your data in ../summary/run_new_04/PK_Plus1.dat
LHAPDF 6.5.4 loading /home/niraj/1TB-Disc/Workspace-IITG/Packages/Install/LHAPDF-6.5.4/install/share/LHAPDF/MMHT2014nlo68cl/MMHT2014nlo68cl_0000.dat
MMHT2014nlo68cl PDF set, member #0, version 3; LHAPDF ID = 25100
   
   
 ~~~~~~~~~~~~~~~~~~~~~~~~~~~~~~~~~~~~~~~~~~~~
     Calculating [+] distribution with delta 1d-5 usual Kbar
 ~~~~~~~~~~~~~~~~~~~~~~~~~~~~~~~~~~~~~~~~~~~~
   
 ~~~~~~~~~~~~~~~~~~~~~~~~~~~~~~~~~~~~~~~~
Using Vegas points:                   2.E+08
         Iteration:                   45
 ~~~~~~~~~~~~~~~~~~~~~~~~~~~~~~~~~~~~~~~~
  
 For xq =         1900 
  
 RM48 INITIALIZED:        40           0         0



 INPUT PARAMETERS FOR VEGAS:  NDIM=  4  NCALL=  192119202.
                              IT=    0  ITMX=   45
                              MDS= -1   ND=  33
   1      0.7313500E-07 0.3267E-07  0.7313500E-07 0.3267E-07  0.000    
   2      0.4337149E-07 0.1391E-07  0.5349076E-07 0.1566E-07 0.8104    
   3      0.5595736E-07 0.1225E-07  0.5493619E-07 0.9850E-08 0.4317    
   4      0.7012906E-07 0.1194E-07  0.6241659E-07 0.7381E-08 0.6133    
   5      0.5969440E-07 0.1193E-07  0.6170063E-07 0.6293E-08 0.4753    
   6      0.3603785E-07 0.1183E-07  0.5942052E-07 0.5670E-08 0.7585    
   7      0.4240015E-07 0.1184E-07  0.5755960E-07 0.5170E-08 0.8529    
   8      0.2469174E-07 0.1180E-07  0.5637609E-07 0.4814E-08  1.044    
   9      0.5461756E-07 0.1187E-07  0.5611539E-07 0.4457E-08 0.9101    
  10      0.5612220E-07 0.1195E-07  0.5611630E-07 0.4171E-08 0.8002    
  11      0.3971643E-07 0.1203E-07  0.5509883E-07 0.3956E-08 0.8509    
  12      0.6300663E-07 0.1221E-07  0.5613876E-07 0.3754E-08 0.7921    
  13      0.5043840E-07 0.1233E-07  0.5570355E-07 0.3593E-08 0.7469    
  14      0.3309035E-07 0.1223E-07  0.5497198E-07 0.3456E-08 0.8241    
  15      0.4989718E-07 0.1244E-07  0.5463527E-07 0.3331E-08 0.7796    
  16      0.5874739E-07 0.1239E-07  0.5498430E-07 0.3214E-08 0.7235    
  17      0.3347395E-07 0.1247E-07  0.5441489E-07 0.3116E-08 0.7794    
  18      0.5079802E-07 0.1250E-07  0.5420791E-07 0.3023E-08 0.7391    
  19      0.3702925E-07 0.1272E-07  0.5371839E-07 0.2942E-08 0.7686    
  20      0.4365634E-07 0.1271E-07  0.5333416E-07 0.2867E-08 0.7615    
  21      0.5221282E-07 0.1284E-07  0.5327723E-07 0.2798E-08 0.7213    
  22      0.4001756E-07 0.1271E-07  0.5288540E-07 0.2733E-08 0.7309    
  23      0.5438025E-07 0.1265E-07  0.5296340E-07 0.2671E-08 0.6929    
  24      0.3081782E-07 0.1288E-07  0.5261073E-07 0.2615E-08 0.7294    
  25      0.1244388E-07 0.1301E-07  0.5250883E-07 0.2562E-08 0.7521    
  26      0.5969874E-07 0.1281E-07  0.5291760E-07 0.2512E-08 0.7258    
  27      0.4216997E-07 0.1279E-07  0.5262052E-07 0.2465E-08 0.7244    
  28      0.3948656E-07 0.1315E-07  0.5232603E-07 0.2422E-08 0.7302    
  29      0.2427258E-07 0.1314E-07  0.5209016E-07 0.2381E-08 0.7642    
  30      0.5913085E-07 0.1274E-07  0.5244546E-07 0.2340E-08 0.7402    
  31      0.5535449E-07 0.1254E-07  0.5257240E-07 0.2300E-08 0.7107    
  32      0.4563765E-07 0.1252E-07  0.5237206E-07 0.2262E-08 0.6988    
  33      0.4638261E-07 0.1262E-07  0.5220123E-07 0.2227E-08 0.6850    
  34      0.6148171E-07 0.1266E-07  0.5264133E-07 0.2193E-08 0.6770    
  35      0.5200569E-07 0.1284E-07  0.5262104E-07 0.2161E-08 0.6547    
  36      0.8465828E-08 0.1307E-07  0.5258496E-07 0.2131E-08 0.6637    
  37      0.5794017E-07 0.1340E-07  0.5277287E-07 0.2106E-08 0.6437    
  38      0.5803376E-07 0.1324E-07  0.5295616E-07 0.2080E-08 0.6252    
  39      0.3303795E-07 0.1311E-07  0.5272953E-07 0.2054E-08 0.6452    
  40      0.5206805E-07 0.1320E-07  0.5271159E-07 0.2030E-08 0.6263    
  41      0.5634197E-07 0.1334E-07  0.5282107E-07 0.2007E-08 0.6080    
  42      0.4990909E-07 0.1340E-07  0.5275431E-07 0.1985E-08 0.5937    
  43      0.4447057E-07 0.1365E-07  0.5261153E-07 0.1964E-08 0.5891    
  44      0.4981596E-07 0.1381E-07  0.5255368E-07 0.1945E-08 0.5758    
  45      0.6544136E-07 0.1335E-07  0.5302778E-07 0.1926E-08 0.5889    



 INPUT PARAMETERS FOR VEGAS:  NDIM=  4  NCALL= 1919025152.
                              IT=    0  ITMX=   90
                              MDS= -1   ND=  44
   1      0.5536593E-07 0.4030E-08  0.5536593E-07 0.4030E-08  0.000    
   2      0.5221327E-07 0.4026E-08  0.5388048E-07 0.2848E-08 0.3053    
   3      0.5004913E-07 0.4017E-08  0.5271916E-07 0.2324E-08 0.4470    
   4      0.4452091E-07 0.4018E-08  0.5113384E-07 0.2012E-08  1.184    
   5      0.4490229E-07 0.4011E-08  0.5010667E-07 0.1798E-08  1.342    
   6      0.4220243E-07 0.4017E-08  0.4910475E-07 0.1641E-08  1.638    
   7      0.4932354E-07 0.4016E-08  0.4913705E-07 0.1519E-08  1.358    
   8      0.4516112E-07 0.4018E-08  0.4869943E-07 0.1421E-08  1.294    
   9      0.5504310E-07 0.4019E-08  0.4959027E-07 0.1340E-08  1.433    
  10      0.5218416E-07 0.4024E-08  0.4988044E-07 0.1271E-08  1.303    
  11      0.5374087E-07 0.4013E-08  0.5029185E-07 0.1212E-08  1.249    
  12      0.5345889E-07 0.4030E-08  0.5059163E-07 0.1161E-08  1.179    
  13      0.4599515E-07 0.4014E-08  0.5028846E-07 0.1115E-08  1.181    
  14      0.5618458E-07 0.4028E-08  0.5081341E-07 0.1075E-08  1.257    
  15      0.5121560E-07 0.4023E-08  0.5084119E-07 0.1038E-08  1.165    
  16      0.4923123E-07 0.4026E-08  0.5074476E-07 0.1005E-08  1.100    
  17      0.5879690E-07 0.4015E-08  0.5138171E-07 0.9752E-09  1.319    
  18      0.4361762E-07 0.4018E-08  0.5105832E-07 0.9477E-09  1.418    
  19      0.4722401E-07 0.4016E-08  0.5087964E-07 0.9223E-09  1.390    
  20      0.4640714E-07 0.4018E-08  0.5068719E-07 0.8990E-09  1.381    
  21      0.5035250E-07 0.4032E-08  0.5067116E-07 0.8774E-09  1.311    
  22      0.4529413E-07 0.4018E-08  0.5046919E-07 0.8572E-09  1.327    
  23      0.4292634E-07 0.4025E-08  0.5022383E-07 0.8384E-09  1.397    
  24      0.4965512E-07 0.4007E-08  0.5019991E-07 0.8206E-09  1.337    
  25      0.5233301E-07 0.4020E-08  0.5029454E-07 0.8040E-09  1.288    
  26      0.4690817E-07 0.4017E-08  0.5017785E-07 0.7884E-09  1.266    
  27      0.4374857E-07 0.4013E-08  0.4999039E-07 0.7736E-09  1.302    
  28      0.4528862E-07 0.4028E-08  0.4984895E-07 0.7597E-09  1.303    
  29      0.4732513E-07 0.4034E-08  0.4976891E-07 0.7466E-09  1.272    
  30      0.5784730E-07 0.4013E-08  0.5013810E-07 0.7340E-09  1.395    
  31      0.4619833E-07 0.4021E-08  0.5002695E-07 0.7221E-09  1.381    
  32      0.4822983E-07 0.4011E-08  0.4997307E-07 0.7106E-09  1.345    
  33      0.3868708E-07 0.4021E-08  0.4976053E-07 0.6998E-09  1.468    
  34      0.4143739E-07 0.4011E-08  0.4958370E-07 0.6894E-09  1.528    
  35      0.4773239E-07 0.4017E-08  0.4953308E-07 0.6795E-09  1.490    
  36      0.5046769E-07 0.4019E-08  0.4956077E-07 0.6700E-09  1.447    
  37      0.4715532E-07 0.4024E-08  0.4950025E-07 0.6609E-09  1.418    
  38      0.4614583E-07 0.4016E-08  0.4942103E-07 0.6521E-09  1.400    
  39      0.4663534E-07 0.4020E-08  0.4935556E-07 0.6437E-09  1.378    
  40      0.4643333E-07 0.4026E-08  0.4928920E-07 0.6356E-09  1.357    
  41      0.4458263E-07 0.4026E-08  0.4919274E-07 0.6278E-09  1.357    
  42      0.4884328E-07 0.4023E-08  0.4918434E-07 0.6203E-09  1.324    
  43      0.4038881E-07 0.4028E-08  0.4904237E-07 0.6131E-09  1.379    
  44      0.5154782E-07 0.4017E-08  0.4910690E-07 0.6061E-09  1.353    
  45      0.4927154E-07 0.4032E-08  0.4911066E-07 0.5993E-09  1.321    
  46      0.4817187E-07 0.4019E-08  0.4909049E-07 0.5928E-09  1.294    
  47      0.5264654E-07 0.4021E-08  0.4917937E-07 0.5864E-09  1.280    
  48      0.4921399E-07 0.4014E-08  0.4918011E-07 0.5803E-09  1.252    
  49      0.4719430E-07 0.4030E-08  0.4914200E-07 0.5743E-09  1.232    
  50      0.5533814E-07 0.4026E-08  0.4930157E-07 0.5686E-09  1.261    
  51      0.4637376E-07 0.4024E-08  0.4924950E-07 0.5630E-09  1.247    
  52      0.4338863E-07 0.4016E-08  0.4915932E-07 0.5576E-09  1.260    
  53      0.4268611E-07 0.4027E-08  0.4906482E-07 0.5523E-09  1.279    
  54      0.4319969E-07 0.4027E-08  0.4897842E-07 0.5472E-09  1.292    
  55      0.4707666E-07 0.4021E-08  0.4894563E-07 0.5422E-09  1.273    
  56      0.4146132E-07 0.4015E-08  0.4884655E-07 0.5373E-09  1.302    
  57      0.5044181E-07 0.4030E-08  0.4887699E-07 0.5326E-09  1.279    
  58      0.4030514E-07 0.4022E-08  0.4877341E-07 0.5280E-09  1.319    
  59      0.5112142E-07 0.4014E-08  0.4881834E-07 0.5235E-09  1.300    
  60      0.4867410E-07 0.4021E-08  0.4881589E-07 0.5191E-09  1.277    
  61      0.4146078E-07 0.4024E-08  0.4872641E-07 0.5148E-09  1.302    
  62      0.4594454E-07 0.4009E-08  0.4868518E-07 0.5106E-09  1.290    
  63      0.4400030E-07 0.4017E-08  0.4862259E-07 0.5065E-09  1.290    
  64      0.4404689E-07 0.4015E-08  0.4856205E-07 0.5026E-09  1.290    
  65      0.4896431E-07 0.4024E-08  0.4856849E-07 0.4987E-09  1.269    
  66      0.4654569E-07 0.4018E-08  0.4853956E-07 0.4949E-09  1.254    
  67      0.5213097E-07 0.4024E-08  0.4860268E-07 0.4912E-09  1.246    
  68      0.5065339E-07 0.4026E-08  0.4863613E-07 0.4876E-09  1.230    
  69      0.4875574E-07 0.4019E-08  0.4863791E-07 0.4840E-09  1.211    
  70      0.4610806E-07 0.4032E-08  0.4860478E-07 0.4806E-09  1.200    
  71      0.3926072E-07 0.4015E-08  0.4851616E-07 0.4772E-09  1.240    
  72      0.4346720E-07 0.4020E-08  0.4845830E-07 0.4738E-09  1.244    
  73      0.4594042E-07 0.4022E-08  0.4842649E-07 0.4706E-09  1.233    
  74      0.5150716E-07 0.4014E-08  0.4847483E-07 0.4674E-09  1.222    
  75      0.4834215E-07 0.4012E-08  0.4847302E-07 0.4642E-09  1.205    
  76      0.4205481E-07 0.4018E-08  0.4840759E-07 0.4612E-09  1.219    
  77      0.4751086E-07 0.4021E-08  0.4839609E-07 0.4582E-09  1.204    
  78      0.4172389E-07 0.4012E-08  0.4833047E-07 0.4552E-09  1.219    
  79      0.4080311E-07 0.4025E-08  0.4826076E-07 0.4523E-09  1.240    
  80      0.5352114E-07 0.4016E-08  0.4834362E-07 0.4495E-09  1.247    
  81      0.3991908E-07 0.4023E-08  0.4827070E-07 0.4467E-09  1.274    
  82      0.4187992E-07 0.4016E-08  0.4821018E-07 0.4440E-09  1.286    
  83      0.4312222E-07 0.4023E-08  0.4815978E-07 0.4413E-09  1.289    
  84      0.4757270E-07 0.4013E-08  0.4815275E-07 0.4386E-09  1.274    
  85      0.4938036E-07 0.4022E-08  0.4816831E-07 0.4361E-09  1.259    
  86      0.4617681E-07 0.4023E-08  0.4814648E-07 0.4335E-09  1.247    
  87      0.5427254E-07 0.4021E-08  0.4823792E-07 0.4310E-09  1.263    
  88      0.4525563E-07 0.4013E-08  0.4820717E-07 0.4286E-09  1.256    
  89      0.4512361E-07 0.4011E-08  0.4817585E-07 0.4261E-09  1.249    
  90      0.5084820E-07 0.4018E-08  0.4820977E-07 0.4238E-09  1.238    
   
   
 Integral Plus:   4.8209769944528288E-008 +-   4.2376185311721108E-010
 with chisq    =   1.2384039414002945     
  
  
  
 For xq =         2200 
  
 RM48 INITIALIZED:        40           0         0



 INPUT PARAMETERS FOR VEGAS:  NDIM=  4  NCALL=  192119202.
                              IT=    0  ITMX=   45
                              MDS= -1   ND=  33
   1      0.2194558E-07 0.1271E-07  0.2194558E-07 0.1271E-07  0.000    
   2      0.2634155E-07 0.5561E-08  0.2582625E-07 0.4809E-08 0.8648E-01
   3      0.1478896E-07 0.4942E-08  0.2295088E-07 0.3677E-08 0.9226    
   4      0.2369084E-07 0.4845E-08  0.2325444E-07 0.2896E-08 0.5900    
   5      0.1761165E-07 0.4854E-08  0.2221470E-07 0.2518E-08 0.6660    
   6      0.2419140E-07 0.4816E-08  0.2273051E-07 0.2217E-08 0.5388    
   7      0.2286060E-07 0.4832E-08  0.2275497E-07 0.2012E-08 0.4428    
   8      0.2484788E-07 0.4860E-08  0.2313181E-07 0.1854E-08 0.3935    
   9      0.1758934E-07 0.4848E-08  0.2267111E-07 0.1737E-08 0.4565    
  10      0.1984809E-07 0.4854E-08  0.2240153E-07 0.1637E-08 0.4416    
  11      0.2262117E-07 0.4926E-08  0.2242514E-07 0.1553E-08 0.3944    
  12      0.2749608E-07 0.4990E-08  0.2310477E-07 0.1481E-08 0.4652    
  13      0.2712095E-07 0.4949E-08  0.2357485E-07 0.1417E-08 0.4804    
  14      0.1664326E-07 0.5085E-08  0.2329706E-07 0.1365E-08 0.5349    
  15      0.1170782E-07 0.5039E-08  0.2306762E-07 0.1319E-08 0.6290    
  16      0.2409534E-07 0.5005E-08  0.2314813E-07 0.1275E-08 0.5820    
  17      0.2238589E-07 0.5144E-08  0.2310228E-07 0.1237E-08 0.5457    
  18      0.1777875E-07 0.4991E-08  0.2289600E-07 0.1202E-08 0.5666    
  19      0.2065200E-07 0.5040E-08  0.2278655E-07 0.1169E-08 0.5474    
  20      0.2020921E-07 0.4955E-08  0.2266774E-07 0.1138E-08 0.5339    
  21      0.2805495E-07 0.4999E-08  0.2310017E-07 0.1109E-08 0.5783    
  22      0.1897283E-07 0.5026E-08  0.2295556E-07 0.1083E-08 0.5806    
  23      0.1466403E-07 0.5051E-08  0.2278716E-07 0.1059E-08 0.6232    
  24      0.2932225E-07 0.5085E-08  0.2327186E-07 0.1037E-08 0.6944    
  25      0.1743024E-07 0.5112E-08  0.2312422E-07 0.1016E-08 0.7094    
  26      0.2108477E-07 0.5080E-08  0.2305058E-07 0.9963E-09 0.6885    
  27      0.1955476E-07 0.5125E-08  0.2294708E-07 0.9779E-09 0.6809    
  28      0.1959264E-07 0.5146E-08  0.2285103E-07 0.9607E-09 0.6726    
  29      0.2625037E-07 0.5278E-08  0.2300939E-07 0.9457E-09 0.6586    
  30      0.1752505E-07 0.5118E-08  0.2289088E-07 0.9299E-09 0.6688    
  31      0.2022175E-07 0.5109E-08  0.2281600E-07 0.9148E-09 0.6569    
  32      0.2518466E-07 0.5117E-08  0.2291450E-07 0.9006E-09 0.6376    
  33      0.1867163E-07 0.5122E-08  0.2281986E-07 0.8869E-09 0.6382    
  34      0.2268802E-07 0.5296E-08  0.2281592E-07 0.8749E-09 0.6171    
  35      0.2083531E-07 0.5111E-08  0.2276374E-07 0.8623E-09 0.6043    
  36      0.1747065E-07 0.5167E-08  0.2266954E-07 0.8504E-09 0.6121    
  37      0.2953632E-07 0.5136E-08  0.2300587E-07 0.8391E-09 0.6680    
  38      0.1904837E-07 0.5130E-08  0.2292668E-07 0.8281E-09 0.6661    
  39      0.1834091E-07 0.5132E-08  0.2284325E-07 0.8175E-09 0.6682    
  40      0.2576244E-07 0.5172E-08  0.2294292E-07 0.8076E-09 0.6554    
  41      0.1880355E-07 0.5262E-08  0.2287144E-07 0.7981E-09 0.6544    
  42      0.1835783E-07 0.5283E-08  0.2279893E-07 0.7890E-09 0.6554    
  43      0.1944909E-07 0.5393E-08  0.2274196E-07 0.7805E-09 0.6500    
  44      0.2135171E-07 0.5337E-08  0.2271345E-07 0.7723E-09 0.6367    
  45      0.2704387E-07 0.5373E-08  0.2284960E-07 0.7648E-09 0.6366    



 INPUT PARAMETERS FOR VEGAS:  NDIM=  4  NCALL= 1919025152.
                              IT=    0  ITMX=   90
                              MDS= -1   ND=  44
   1      0.2328311E-07 0.1617E-08  0.2328311E-07 0.1617E-08  0.000    
   2      0.2400147E-07 0.1621E-08  0.2365236E-07 0.1145E-08 0.9833E-01
   3      0.2273971E-07 0.1622E-08  0.2336433E-07 0.9353E-09 0.1533    
   4      0.2181888E-07 0.1618E-08  0.2301517E-07 0.8098E-09 0.3179    
   5      0.1954691E-07 0.1620E-08  0.2248386E-07 0.7243E-09 0.9960    
   6      0.2005202E-07 0.1623E-08  0.2214723E-07 0.6613E-09  1.146    
   7      0.2053961E-07 0.1619E-08  0.2194268E-07 0.6123E-09  1.100    
   8      0.1876008E-07 0.1621E-08  0.2163789E-07 0.5728E-09  1.356    
   9      0.2263309E-07 0.1618E-08  0.2176011E-07 0.5399E-09  1.217    
  10      0.1950630E-07 0.1617E-08  0.2157145E-07 0.5121E-09  1.267    
  11      0.2289917E-07 0.1616E-08  0.2170880E-07 0.4882E-09  1.194    
  12      0.2123532E-07 0.1614E-08  0.2167003E-07 0.4673E-09  1.094    
  13      0.2040113E-07 0.1618E-08  0.2158124E-07 0.4489E-09  1.054    
  14      0.1891466E-07 0.1615E-08  0.2142945E-07 0.4326E-09  1.145    
  15      0.2095151E-07 0.1618E-08  0.2139836E-07 0.4179E-09  1.071    
  16      0.2363407E-07 0.1623E-08  0.2156840E-07 0.4047E-09  1.128    
  17      0.2200844E-07 0.1623E-08  0.2159560E-07 0.3927E-09  1.058    
  18      0.2103215E-07 0.1618E-08  0.2156530E-07 0.3816E-09  1.004    
  19      0.2488025E-07 0.1620E-08  0.2179681E-07 0.3714E-09  1.219    
  20      0.2242704E-07 0.1622E-08  0.2183057E-07 0.3621E-09  1.158    
  21      0.2343151E-07 0.1620E-08  0.2191922E-07 0.3534E-09  1.145    
  22      0.2252466E-07 0.1618E-08  0.2194875E-07 0.3452E-09  1.093    
  23      0.2040517E-07 0.1624E-08  0.2188977E-07 0.3377E-09  1.084    
  24      0.1869308E-07 0.1621E-08  0.2179008E-07 0.3306E-09  1.171    
  25      0.2003381E-07 0.1619E-08  0.2172921E-07 0.3239E-09  1.169    
  26      0.2208245E-07 0.1618E-08  0.2174350E-07 0.3176E-09  1.122    
  27      0.2431349E-07 0.1620E-08  0.2186337E-07 0.3117E-09  1.185    
  28      0.2399865E-07 0.1620E-08  0.2195618E-07 0.3061E-09  1.207    
  29      0.2176406E-07 0.1621E-08  0.2194956E-07 0.3008E-09  1.164    
  30      0.2095856E-07 0.1620E-08  0.2191881E-07 0.2957E-09  1.138    
  31      0.2074851E-07 0.1624E-08  0.2188443E-07 0.2909E-09  1.119    
  32      0.1998579E-07 0.1619E-08  0.2183375E-07 0.2863E-09  1.124    
  33      0.2436854E-07 0.1623E-08  0.2193000E-07 0.2820E-09  1.173    
  34      0.2203541E-07 0.1620E-08  0.2193319E-07 0.2778E-09  1.136    
  35      0.2141183E-07 0.1625E-08  0.2191880E-07 0.2738E-09  1.107    
  36      0.2043763E-07 0.1618E-08  0.2188219E-07 0.2700E-09  1.099    
  37      0.2163066E-07 0.1620E-08  0.2187543E-07 0.2663E-09  1.070    
  38      0.2237161E-07 0.1617E-08  0.2188936E-07 0.2628E-09  1.042    
  39      0.2311860E-07 0.1614E-08  0.2192526E-07 0.2594E-09  1.027    
  40      0.2353566E-07 0.1619E-08  0.2197225E-07 0.2561E-09  1.025    
  41      0.2296889E-07 0.1620E-08  0.2199918E-07 0.2530E-09  1.007    
  42      0.1893044E-07 0.1617E-08  0.2194366E-07 0.2499E-09  1.054    
  43      0.2145506E-07 0.1615E-08  0.2193254E-07 0.2470E-09  1.032    
  44      0.2187187E-07 0.1615E-08  0.2193114E-07 0.2441E-09  1.007    
  45      0.2040117E-07 0.1620E-08  0.2190118E-07 0.2414E-09  1.005    
  46      0.2425240E-07 0.1619E-08  0.2196463E-07 0.2388E-09  1.034    
  47      0.2155337E-07 0.1621E-08  0.2195607E-07 0.2362E-09  1.013    
  48      0.2372795E-07 0.1620E-08  0.2199970E-07 0.2337E-09  1.017    
  49      0.2057597E-07 0.1619E-08  0.2197377E-07 0.2313E-09  1.012    
  50      0.2187314E-07 0.1621E-08  0.2197175E-07 0.2290E-09 0.9913    
  51      0.2234803E-07 0.1620E-08  0.2197949E-07 0.2268E-09 0.9716    
  52      0.2290908E-07 0.1619E-08  0.2199920E-07 0.2246E-09 0.9577    
  53      0.2081638E-07 0.1622E-08  0.2197894E-07 0.2225E-09 0.9500    
  54      0.2202500E-07 0.1621E-08  0.2197980E-07 0.2204E-09 0.9317    
  55      0.1971186E-07 0.1620E-08  0.2194604E-07 0.2184E-09 0.9468    
  56      0.2094527E-07 0.1614E-08  0.2192937E-07 0.2164E-09 0.9372    
  57      0.2025131E-07 0.1617E-08  0.2190373E-07 0.2145E-09 0.9391    
  58      0.2435948E-07 0.1624E-08  0.2195641E-07 0.2127E-09 0.9677    
  59      0.1960022E-07 0.1623E-08  0.2192410E-07 0.2109E-09 0.9832    
  60      0.2241954E-07 0.1616E-08  0.2193290E-07 0.2091E-09 0.9672    
  61      0.2041679E-07 0.1621E-08  0.2191101E-07 0.2074E-09 0.9656    
  62      0.2168064E-07 0.1613E-08  0.2190729E-07 0.2057E-09 0.9502    
  63      0.2132297E-07 0.1619E-08  0.2189836E-07 0.2040E-09 0.9374    
  64      0.2167691E-07 0.1618E-08  0.2189491E-07 0.2024E-09 0.9229    
  65      0.2182331E-07 0.1621E-08  0.2189380E-07 0.2009E-09 0.9084    
  66      0.2118623E-07 0.1620E-08  0.2188361E-07 0.1993E-09 0.8978    
  67      0.2122618E-07 0.1621E-08  0.2187425E-07 0.1978E-09 0.8872    
  68      0.2057530E-07 0.1618E-08  0.2185704E-07 0.1964E-09 0.8838    
  69      0.2414799E-07 0.1621E-08  0.2189795E-07 0.1950E-09 0.9034    
  70      0.2095916E-07 0.1618E-08  0.2188544E-07 0.1936E-09 0.8957    
  71      0.2465674E-07 0.1618E-08  0.2193561E-07 0.1922E-09 0.9321    
  72      0.2108556E-07 0.1619E-08  0.2192452E-07 0.1908E-09 0.9234    
  73      0.2268357E-07 0.1620E-08  0.2193579E-07 0.1895E-09 0.9128    
  74      0.2090554E-07 0.1614E-08  0.2192287E-07 0.1882E-09 0.9063    
  75      0.2051245E-07 0.1617E-08  0.2190608E-07 0.1870E-09 0.9044    
  76      0.2327708E-07 0.1623E-08  0.2192661E-07 0.1858E-09 0.9014    
  77      0.2245739E-07 0.1619E-08  0.2193394E-07 0.1845E-09 0.8902    
  78      0.2056171E-07 0.1615E-08  0.2191815E-07 0.1834E-09 0.8882    
  79      0.2127965E-07 0.1624E-08  0.2191046E-07 0.1822E-09 0.8792    
  80      0.1992144E-07 0.1622E-08  0.2188964E-07 0.1811E-09 0.8856    
  81      0.2138902E-07 0.1622E-08  0.2188367E-07 0.1799E-09 0.8760    
  82      0.2050242E-07 0.1616E-08  0.2186860E-07 0.1788E-09 0.8743    
  83      0.1986654E-07 0.1621E-08  0.2184841E-07 0.1778E-09 0.8808    
  84      0.2280723E-07 0.1620E-08  0.2186100E-07 0.1767E-09 0.8737    
  85      0.2143218E-07 0.1621E-08  0.2185609E-07 0.1757E-09 0.8643    
  86      0.2154965E-07 0.1617E-08  0.2185257E-07 0.1746E-09 0.8547    
  87      0.1970553E-07 0.1620E-08  0.2183218E-07 0.1736E-09 0.8632    
  88      0.2200832E-07 0.1617E-08  0.2183425E-07 0.1726E-09 0.8531    
  89      0.2207988E-07 0.1615E-08  0.2183713E-07 0.1717E-09 0.8434    
  90      0.2207170E-07 0.1617E-08  0.2183983E-07 0.1707E-09 0.8338    
   
   
 Integral Plus:   2.1839830088285431E-008 +-   1.7069275683373539E-010
 with chisq    =  0.83379275257605867     
  
  
  
 For xq =         2500 
  
 RM48 INITIALIZED:        40           0         0



 INPUT PARAMETERS FOR VEGAS:  NDIM=  4  NCALL=  192119202.
                              IT=    0  ITMX=   45
                              MDS= -1   ND=  33
   1      0.2179437E-07 0.5166E-08  0.2179437E-07 0.5166E-08  0.000    
   2      0.1154683E-07 0.2330E-08  0.1585230E-07 0.2680E-08  3.562    
   3      0.9847603E-08 0.2142E-08  0.1385366E-07 0.1924E-08  3.386    
   4      0.9118582E-08 0.2094E-08  0.1276478E-07 0.1546E-08  3.246    
   5      0.9006938E-08 0.2074E-08  0.1206545E-07 0.1310E-08  3.070    
   6      0.1021308E-07 0.2078E-08  0.1170879E-07 0.1137E-08  2.714    
   7      0.8098982E-08 0.2075E-08  0.1131777E-07 0.1027E-08  2.671    
   8      0.9794055E-08 0.2080E-08  0.1111038E-07 0.9335E-09  2.440    
   9      0.9141131E-08 0.2090E-08  0.1090339E-07 0.8627E-09  2.299    
  10      0.7136627E-08 0.2098E-08  0.1067818E-07 0.8100E-09  2.314    
  11      0.1053032E-07 0.2166E-08  0.1066209E-07 0.7602E-09  2.108    
  12      0.9902814E-08 0.2147E-08  0.1059434E-07 0.7189E-09  1.960    
  13      0.9687767E-08 0.2155E-08  0.1052351E-07 0.6839E-09  1.841    
  14      0.1188187E-07 0.2123E-08  0.1067020E-07 0.6497E-09  1.711    
  15      0.1082797E-07 0.2148E-08  0.1068291E-07 0.6221E-09  1.594    
  16      0.1041830E-07 0.2159E-08  0.1066471E-07 0.5983E-09  1.499    
  17      0.1155885E-07 0.2171E-08  0.1073377E-07 0.5764E-09  1.408    
  18      0.1179149E-07 0.2176E-08  0.1081214E-07 0.5568E-09  1.329    
  19      0.1069022E-07 0.2205E-08  0.1080531E-07 0.5400E-09  1.260    
  20      0.1068037E-07 0.2199E-08  0.1079867E-07 0.5246E-09  1.198    
  21      0.9899762E-08 0.2163E-08  0.1075812E-07 0.5102E-09  1.156    
  22      0.1152138E-07 0.2128E-08  0.1080345E-07 0.4959E-09  1.102    
  23      0.1170979E-07 0.2177E-08  0.1085361E-07 0.4833E-09  1.054    
  24      0.1193969E-07 0.2166E-08  0.1091330E-07 0.4715E-09  1.013    
  25      0.8514061E-08 0.2162E-08  0.1084788E-07 0.4612E-09  1.017    
  26      0.9534309E-08 0.2163E-08  0.1080447E-07 0.4513E-09 0.9969    
  27      0.9660876E-08 0.2181E-08  0.1076755E-07 0.4422E-09 0.9745    
  28      0.7778914E-08 0.2221E-08  0.1070842E-07 0.4339E-09 0.9892    
  29      0.1298190E-07 0.2209E-08  0.1082842E-07 0.4255E-09 0.9905    
  30      0.8812775E-08 0.2209E-08  0.1078057E-07 0.4180E-09 0.9860    
  31      0.1182324E-07 0.2255E-08  0.1082163E-07 0.4110E-09 0.9554    
  32      0.8599818E-08 0.2232E-08  0.1077535E-07 0.4043E-09 0.9553    
  33      0.1655881E-07 0.2222E-08  0.1119350E-07 0.3973E-09  1.333    
  34      0.9251072E-08 0.2219E-08  0.1115053E-07 0.3912E-09  1.320    
  35      0.1110980E-07 0.2223E-08  0.1114927E-07 0.3853E-09  1.280    
  36      0.7626855E-08 0.2235E-08  0.1109937E-07 0.3798E-09  1.296    
  37      0.8335734E-08 0.2255E-08  0.1105418E-07 0.3746E-09  1.299    
  38      0.1343585E-07 0.2252E-08  0.1115148E-07 0.3694E-09  1.290    
  39      0.1101961E-07 0.2275E-08  0.1114802E-07 0.3646E-09  1.255    
  40      0.8927574E-08 0.2315E-08  0.1111173E-07 0.3602E-09  1.249    
  41      0.1298085E-07 0.2313E-08  0.1117428E-07 0.3559E-09  1.228    
  42      0.1360756E-07 0.2313E-08  0.1126058E-07 0.3518E-09  1.222    
  43      0.4480239E-08 0.2337E-08  0.1123515E-07 0.3478E-09  1.250    
  44      0.9147192E-08 0.2374E-08  0.1120398E-07 0.3440E-09  1.242    
  45      0.1277470E-07 0.2316E-08  0.1125059E-07 0.3403E-09  1.217    



 INPUT PARAMETERS FOR VEGAS:  NDIM=  4  NCALL= 1919025152.
                              IT=    0  ITMX=   90
                              MDS= -1   ND=  44
   1      0.1005012E-07 0.7055E-09  0.1005012E-07 0.7055E-09  0.000    
   2      0.9113047E-08 0.7063E-09  0.9627795E-08 0.4991E-09 0.8726    
   3      0.9752667E-08 0.7025E-09  0.9670608E-08 0.4069E-09 0.4421    
   4      0.9239054E-08 0.7064E-09  0.9569924E-08 0.3526E-09 0.3903    
   5      0.1065690E-07 0.7043E-09  0.9828580E-08 0.3152E-09 0.8179    
   6      0.9733782E-08 0.7045E-09  0.9812887E-08 0.2878E-09 0.6583    
   7      0.1025687E-07 0.7063E-09  0.9881536E-08 0.2665E-09 0.6012    
   8      0.1063585E-07 0.7017E-09  0.9990288E-08 0.2491E-09 0.6664    
   9      0.9737882E-08 0.7072E-09  0.9963449E-08 0.2350E-09 0.5995    
  10      0.8672290E-08 0.7030E-09  0.9861921E-08 0.2228E-09 0.8160    
  11      0.1037309E-07 0.7049E-09  0.9913364E-08 0.2125E-09 0.7789    
  12      0.1006503E-07 0.7030E-09  0.9926555E-08 0.2034E-09 0.7096    
  13      0.9355307E-08 0.7049E-09  0.9886832E-08 0.1954E-09 0.7017    
  14      0.1043107E-07 0.7031E-09  0.9930335E-08 0.1883E-09 0.6892    
  15      0.1037168E-07 0.7055E-09  0.9962456E-08 0.1819E-09 0.6641    
  16      0.1029824E-07 0.7063E-09  0.9984891E-08 0.1762E-09 0.6318    
  17      0.1009942E-07 0.7040E-09  0.9991847E-08 0.1709E-09 0.5928    
  18      0.9320731E-08 0.7049E-09  0.9958911E-08 0.1661E-09 0.6066    
  19      0.1002676E-07 0.7054E-09  0.9962552E-08 0.1617E-09 0.5727    
  20      0.1084866E-07 0.7046E-09  0.1001505E-07 0.1576E-09 0.6300    
  21      0.1102347E-07 0.7037E-09  0.1007331E-07 0.1538E-09 0.7093    
  22      0.9224624E-08 0.7050E-09  0.1004043E-07 0.1502E-09 0.7368    
  23      0.1002515E-07 0.7051E-09  0.1003976E-07 0.1469E-09 0.7031    
  24      0.9822241E-08 0.7034E-09  0.1003095E-07 0.1438E-09 0.6773    
  25      0.1100114E-07 0.7054E-09  0.1007760E-07 0.1409E-09 0.7340    
  26      0.1141283E-07 0.7037E-09  0.1014360E-07 0.1382E-09 0.8722    
  27      0.1031735E-07 0.7028E-09  0.1015036E-07 0.1356E-09 0.8395    
  28      0.9960737E-08 0.7030E-09  0.1014373E-07 0.1331E-09 0.8117    
  29      0.1035802E-07 0.7049E-09  0.1015150E-07 0.1308E-09 0.7846    
  30      0.9854482E-08 0.7027E-09  0.1014200E-07 0.1286E-09 0.7644    
  31      0.9293660E-08 0.7027E-09  0.1011855E-07 0.1265E-09 0.7828    
  32      0.9428402E-08 0.7021E-09  0.1009941E-07 0.1245E-09 0.7872    
  33      0.9930013E-08 0.7050E-09  0.1009440E-07 0.1226E-09 0.7648    
  34      0.8640814E-08 0.7037E-09  0.1006243E-07 0.1208E-09 0.8417    
  35      0.9376321E-08 0.7064E-09  0.1004524E-07 0.1191E-09 0.8437    
  36      0.1009168E-07 0.7027E-09  0.1004656E-07 0.1174E-09 0.8192    
  37      0.9961414E-08 0.7019E-09  0.1004426E-07 0.1158E-09 0.7969    
  38      0.1019337E-07 0.7053E-09  0.1004833E-07 0.1143E-09 0.7758    
  39      0.1162085E-07 0.7062E-09  0.1010210E-07 0.1128E-09 0.9175    
  40      0.1083549E-07 0.7045E-09  0.1012337E-07 0.1114E-09 0.9216    
  41      0.9852233E-08 0.7061E-09  0.1011705E-07 0.1100E-09 0.9029    
  42      0.1017724E-07 0.7041E-09  0.1011852E-07 0.1087E-09 0.8806    
  43      0.9976739E-08 0.7045E-09  0.1011527E-07 0.1074E-09 0.8608    
  44      0.1050389E-07 0.7030E-09  0.1012493E-07 0.1062E-09 0.8466    
  45      0.9716292E-08 0.7057E-09  0.1011649E-07 0.1050E-09 0.8356    
  46      0.1015102E-07 0.7054E-09  0.1011725E-07 0.1039E-09 0.8167    
  47      0.1082601E-07 0.7060E-09  0.1013458E-07 0.1028E-09 0.8210    
  48      0.8952637E-08 0.7032E-09  0.1011499E-07 0.1017E-09 0.8539    
  49      0.8952716E-08 0.7044E-09  0.1009610E-07 0.1006E-09 0.8841    
  50      0.1055339E-07 0.7040E-09  0.1010621E-07 0.9962E-10 0.8735    
  51      0.9771429E-08 0.7047E-09  0.1010000E-07 0.9864E-10 0.8611    
  52      0.9247747E-08 0.7044E-09  0.1008604E-07 0.9769E-10 0.8707    
  53      0.1042532E-07 0.7032E-09  0.1009298E-07 0.9676E-10 0.8574    
  54      0.9951160E-08 0.7021E-09  0.1009038E-07 0.9585E-10 0.8422    
  55      0.9844386E-08 0.7039E-09  0.1008606E-07 0.9498E-10 0.8293    
  56      0.1012529E-07 0.7058E-09  0.1008677E-07 0.9413E-10 0.8140    
  57      0.8821776E-08 0.7026E-09  0.1006944E-07 0.9329E-10 0.8470    
  58      0.9780302E-08 0.7036E-09  0.1006467E-07 0.9248E-10 0.8356    
  59      0.9341080E-08 0.7039E-09  0.1005394E-07 0.9170E-10 0.8387    
  60      0.1096763E-07 0.7049E-09  0.1007219E-07 0.9093E-10 0.8552    
  61      0.9551534E-08 0.7047E-09  0.1006441E-07 0.9018E-10 0.8503    
  62      0.1013356E-07 0.7045E-09  0.1006556E-07 0.8945E-10 0.8362    
  63      0.1005337E-07 0.7054E-09  0.1006536E-07 0.8874E-10 0.8226    
  64      0.9185171E-08 0.7044E-09  0.1005374E-07 0.8805E-10 0.8322    
  65      0.1021275E-07 0.7047E-09  0.1005629E-07 0.8737E-10 0.8194    
  66      0.9674921E-08 0.7045E-09  0.1005088E-07 0.8670E-10 0.8118    
  67      0.1057601E-07 0.7029E-09  0.1005968E-07 0.8605E-10 0.8073    
  68      0.1047651E-07 0.7030E-09  0.1006642E-07 0.8541E-10 0.7998    
  69      0.1015324E-07 0.7051E-09  0.1006771E-07 0.8479E-10 0.7879    
  70      0.1073689E-07 0.7038E-09  0.1007871E-07 0.8418E-10 0.7896    
  71      0.1075033E-07 0.7041E-09  0.1008958E-07 0.8359E-10 0.7914    
  72      0.9309828E-08 0.7045E-09  0.1008024E-07 0.8301E-10 0.7965    
  73      0.1030030E-07 0.7065E-09  0.1008340E-07 0.8244E-10 0.7862    
  74      0.1008830E-07 0.7065E-09  0.1008347E-07 0.8188E-10 0.7753    
  75      0.9927478E-08 0.7058E-09  0.1008144E-07 0.8134E-10 0.7657    
  76      0.9041768E-08 0.7035E-09  0.1007025E-07 0.8080E-10 0.7808    
  77      0.1024522E-07 0.7051E-09  0.1007262E-07 0.8028E-10 0.7709    
  78      0.9713879E-08 0.7048E-09  0.1006830E-07 0.7976E-10 0.7646    
  79      0.9986155E-08 0.7033E-09  0.1006726E-07 0.7925E-10 0.7550    
  80      0.9907246E-08 0.7029E-09  0.1006529E-07 0.7875E-10 0.7463    
  81      0.1023781E-07 0.7034E-09  0.1006753E-07 0.7826E-10 0.7373    
  82      0.1122303E-07 0.7045E-09  0.1008517E-07 0.7779E-10 0.7669    
  83      0.9582667E-08 0.7033E-09  0.1007962E-07 0.7731E-10 0.7640    
  84      0.1035483E-07 0.7057E-09  0.1008310E-07 0.7685E-10 0.7561    
  85      0.9604460E-08 0.7020E-09  0.1007789E-07 0.7640E-10 0.7528    
  86      0.1095556E-07 0.7039E-09  0.1009007E-07 0.7595E-10 0.7638    
  87      0.9892485E-08 0.7037E-09  0.1008786E-07 0.7551E-10 0.7560    
  88      0.1008244E-07 0.7056E-09  0.1008780E-07 0.7508E-10 0.7473    
  89      0.9324604E-08 0.7064E-09  0.1008042E-07 0.7466E-10 0.7513    
  90      0.9976175E-08 0.7031E-09  0.1007927E-07 0.7425E-10 0.7432    
   
   
 Integral Plus:   1.0079270458566570E-008 +-   7.4246115070669958E-011
 with chisq    =  0.74315267749593206     
  
  
  
 For xq =         2800 
  
 RM48 INITIALIZED:        40           0         0



 INPUT PARAMETERS FOR VEGAS:  NDIM=  4  NCALL=  192119202.
                              IT=    0  ITMX=   45
                              MDS= -1   ND=  33
   1      0.4173878E-08 0.2296E-08  0.4173878E-08 0.2296E-08  0.000    
   2      0.5910422E-08 0.1028E-08  0.5752477E-08 0.8486E-09 0.3462    
   3      0.3821066E-08 0.9489E-09  0.5156676E-08 0.6516E-09  1.140    
   4      0.4986621E-08 0.9357E-09  0.5097021E-08 0.5325E-09 0.7467    
   5      0.3325757E-08 0.9271E-09  0.4854084E-08 0.4683E-09  1.048    
   6      0.4643668E-08 0.9259E-09  0.4809603E-08 0.4175E-09 0.8403    
   7      0.5496213E-08 0.9290E-09  0.4965661E-08 0.3788E-09 0.7535    
   8      0.4746939E-08 0.9273E-09  0.4933850E-08 0.3506E-09 0.6512    
   9      0.4257227E-08 0.9350E-09  0.4864034E-08 0.3286E-09 0.6306    
  10      0.5584672E-08 0.9413E-09  0.4971461E-08 0.3097E-09 0.6133    
  11      0.4627493E-08 0.9581E-09  0.4940535E-08 0.2947E-09 0.5659    
  12      0.4946721E-08 0.9599E-09  0.4941109E-08 0.2817E-09 0.5108    
  13      0.6456599E-08 0.9541E-09  0.5150263E-08 0.2698E-09 0.7526    
  14      0.4676249E-08 0.9698E-09  0.5119223E-08 0.2600E-09 0.7151    
  15      0.5820819E-08 0.9728E-09  0.5183496E-08 0.2512E-09 0.6927    
  16      0.4810430E-08 0.9797E-09  0.5161821E-08 0.2433E-09 0.6576    
  17      0.5762518E-08 0.9953E-09  0.5206714E-08 0.2364E-09 0.6319    
  18      0.4259578E-08 0.9768E-09  0.5168187E-08 0.2298E-09 0.6430    
  19      0.7664670E-08 0.9862E-09  0.5453825E-08 0.2240E-09  1.266    
  20      0.4965345E-08 0.9811E-09  0.5431222E-08 0.2183E-09  1.215    
  21      0.4463046E-08 0.9737E-09  0.5395815E-08 0.2130E-09  1.204    
  22      0.4005615E-08 0.9708E-09  0.5355809E-08 0.2081E-09  1.227    
  23      0.5445661E-08 0.1001E-08  0.5360090E-08 0.2038E-09  1.163    
  24      0.4100762E-08 0.9769E-09  0.5325347E-08 0.1995E-09  1.175    
  25      0.5185995E-08 0.9714E-09  0.5319394E-08 0.1954E-09  1.125    
  26      0.5304871E-08 0.9844E-09  0.5318788E-08 0.1917E-09  1.075    
  27      0.4881839E-08 0.9884E-09  0.5303997E-08 0.1882E-09  1.044    
  28      0.5179648E-08 0.9965E-09  0.5299504E-08 0.1849E-09  1.004    
  29      0.5201572E-08 0.9991E-09  0.5296078E-08 0.1818E-09 0.9662    
  30      0.5020385E-08 0.9950E-09  0.5287308E-08 0.1789E-09 0.9359    
  31      0.4899316E-08 0.9952E-09  0.5275905E-08 0.1760E-09 0.9111    
  32      0.4640108E-08 0.9952E-09  0.5259571E-08 0.1733E-09 0.8970    
  33      0.4919504E-08 0.9928E-09  0.5249982E-08 0.1707E-09 0.8736    
  34      0.4362793E-08 0.1019E-08  0.5231700E-08 0.1684E-09 0.8704    
  35      0.6503417E-08 0.1010E-08  0.5288345E-08 0.1662E-09 0.9021    
  36      0.6055108E-08 0.1013E-08  0.5316675E-08 0.1640E-09 0.8882    
  37      0.6187899E-08 0.1042E-08  0.5347373E-08 0.1621E-09 0.8799    
  38      0.3335856E-08 0.1025E-08  0.5326311E-08 0.1600E-09 0.9136    
  39      0.2948965E-08 0.1023E-08  0.5306950E-08 0.1580E-09 0.9531    
  40      0.3208276E-08 0.1030E-08  0.5287200E-08 0.1561E-09 0.9859    
  41      0.6126722E-08 0.1050E-08  0.5314080E-08 0.1545E-09 0.9726    
  42      0.6360344E-08 0.1024E-08  0.5350708E-08 0.1529E-09 0.9743    
  43      0.5872735E-08 0.1028E-08  0.5365704E-08 0.1512E-09 0.9516    
  44      0.7285082E-08 0.1036E-08  0.5445761E-08 0.1498E-09  1.061    
  45      0.5621828E-08 0.1053E-08  0.5449899E-08 0.1483E-09  1.033    



 INPUT PARAMETERS FOR VEGAS:  NDIM=  4  NCALL= 1919025152.
                              IT=    0  ITMX=   90
                              MDS= -1   ND=  44
   1      0.4892637E-08 0.3168E-09  0.4892637E-08 0.3168E-09  0.000    
   2      0.4524550E-08 0.3169E-09  0.4722971E-08 0.2240E-09 0.6707    
   3      0.5493582E-08 0.3169E-09  0.5034733E-08 0.1829E-09  2.437    
   4      0.5047668E-08 0.3166E-09  0.5038030E-08 0.1584E-09  1.615    
   5      0.4619675E-08 0.3169E-09  0.4964514E-08 0.1417E-09  1.564    
   6      0.4989750E-08 0.3163E-09  0.4968820E-08 0.1293E-09  1.247    
   7      0.4616801E-08 0.3170E-09  0.4924126E-08 0.1197E-09  1.218    
   8      0.4746546E-08 0.3170E-09  0.4903113E-08 0.1120E-09  1.089    
   9      0.5104382E-08 0.3171E-09  0.4927331E-08 0.1056E-09 0.9908    
  10      0.4631990E-08 0.3162E-09  0.4900570E-08 0.1002E-09 0.9698    
  11      0.5386176E-08 0.3171E-09  0.4953306E-08 0.9552E-10  1.106    
  12      0.4710478E-08 0.3168E-09  0.4934652E-08 0.9145E-10  1.058    
  13      0.5269070E-08 0.3172E-09  0.4963914E-08 0.8787E-10  1.055    
  14      0.5554469E-08 0.3171E-09  0.5016265E-08 0.8468E-10  1.258    
  15      0.4543080E-08 0.3163E-09  0.4989642E-08 0.8180E-10  1.308    
  16      0.4784149E-08 0.3169E-09  0.4977616E-08 0.7921E-10  1.251    
  17      0.4798806E-08 0.3163E-09  0.4967639E-08 0.7683E-10  1.194    
  18      0.3982017E-08 0.3167E-09  0.4931271E-08 0.7467E-10  1.511    
  19      0.4882788E-08 0.3166E-09  0.4928721E-08 0.7268E-10  1.428    
  20      0.5268681E-08 0.3168E-09  0.4948325E-08 0.7084E-10  1.408    
  21      0.4816469E-08 0.3164E-09  0.4942251E-08 0.6912E-10  1.348    
  22      0.4775938E-08 0.3165E-09  0.4935048E-08 0.6753E-10  1.298    
  23      0.4317972E-08 0.3172E-09  0.4914035E-08 0.6605E-10  1.382    
  24      0.4214487E-08 0.3165E-09  0.4891962E-08 0.6466E-10  1.492    
  25      0.5045124E-08 0.3173E-09  0.4898555E-08 0.6336E-10  1.435    
  26      0.4484820E-08 0.3171E-09  0.4884929E-08 0.6213E-10  1.442    
  27      0.4670076E-08 0.3155E-09  0.4877447E-08 0.6096E-10  1.406    
  28      0.4591835E-08 0.3164E-09  0.4868197E-08 0.5986E-10  1.385    
  29      0.4585679E-08 0.3157E-09  0.4859318E-08 0.5881E-10  1.365    
  30      0.4516917E-08 0.3168E-09  0.4849256E-08 0.5782E-10  1.358    
  31      0.4704026E-08 0.3169E-09  0.4844772E-08 0.5688E-10  1.321    
  32      0.4580923E-08 0.3161E-09  0.4837231E-08 0.5599E-10  1.302    
  33      0.5021512E-08 0.3171E-09  0.4843315E-08 0.5513E-10  1.269    
  34      0.5029547E-08 0.3160E-09  0.4849325E-08 0.5431E-10  1.238    
  35      0.5377289E-08 0.3160E-09  0.4868108E-08 0.5353E-10  1.291    
  36      0.5182805E-08 0.3161E-09  0.4878165E-08 0.5277E-10  1.280    
  37      0.5157298E-08 0.3169E-09  0.4886686E-08 0.5206E-10  1.264    
  38      0.4361112E-08 0.3171E-09  0.4875467E-08 0.5137E-10  1.295    
  39      0.4825886E-08 0.3169E-09  0.4874203E-08 0.5071E-10  1.262    
  40      0.5130508E-08 0.3177E-09  0.4881347E-08 0.5007E-10  1.244    
  41      0.5026054E-08 0.3176E-09  0.4885119E-08 0.4946E-10  1.216    
  42      0.5114228E-08 0.3166E-09  0.4891175E-08 0.4887E-10  1.197    
  43      0.4516456E-08 0.3170E-09  0.4883620E-08 0.4830E-10  1.200    
  44      0.4858290E-08 0.3168E-09  0.4883042E-08 0.4775E-10  1.172    
  45      0.5588982E-08 0.3164E-09  0.4903790E-08 0.4721E-10  1.282    
  46      0.5091705E-08 0.3173E-09  0.4908241E-08 0.4670E-10  1.260    
  47      0.5214716E-08 0.3178E-09  0.4915643E-08 0.4620E-10  1.251    
  48      0.4316669E-08 0.3165E-09  0.4905812E-08 0.4572E-10  1.289    
  49      0.4383559E-08 0.3168E-09  0.4897133E-08 0.4525E-10  1.312    
  50      0.4747057E-08 0.3173E-09  0.4894272E-08 0.4480E-10  1.291    
  51      0.5273549E-08 0.3169E-09  0.4903010E-08 0.4436E-10  1.294    
  52      0.5221802E-08 0.3169E-09  0.4910052E-08 0.4393E-10  1.287    
  53      0.4862845E-08 0.3163E-09  0.4909162E-08 0.4351E-10  1.263    
  54      0.5315232E-08 0.3168E-09  0.4918082E-08 0.4311E-10  1.270    
  55      0.4707163E-08 0.3176E-09  0.4914528E-08 0.4271E-10  1.256    
  56      0.4872447E-08 0.3167E-09  0.4913777E-08 0.4233E-10  1.233    
  57      0.4994847E-08 0.3168E-09  0.4915268E-08 0.4196E-10  1.212    
  58      0.4549626E-08 0.3167E-09  0.4909769E-08 0.4159E-10  1.213    
  59      0.4421373E-08 0.3169E-09  0.4902941E-08 0.4124E-10  1.229    
  60      0.4432388E-08 0.3175E-09  0.4896444E-08 0.4090E-10  1.242    
  61      0.4816247E-08 0.3171E-09  0.4895154E-08 0.4056E-10  1.223    
  62      0.5293118E-08 0.3183E-09  0.4902679E-08 0.4024E-10  1.229    
  63      0.5123983E-08 0.3168E-09  0.4906570E-08 0.3992E-10  1.216    
  64      0.4900720E-08 0.3173E-09  0.4906477E-08 0.3960E-10  1.196    
  65      0.5106122E-08 0.3178E-09  0.4909830E-08 0.3930E-10  1.182    
  66      0.5254325E-08 0.3160E-09  0.4915912E-08 0.3900E-10  1.182    
  67      0.4648881E-08 0.3163E-09  0.4912278E-08 0.3871E-10  1.175    
  68      0.4588494E-08 0.3169E-09  0.4908055E-08 0.3842E-10  1.173    
  69      0.4270777E-08 0.3157E-09  0.4900883E-08 0.3814E-10  1.206    
  70      0.4689277E-08 0.3164E-09  0.4898064E-08 0.3787E-10  1.195    
  71      0.4826947E-08 0.3168E-09  0.4897076E-08 0.3760E-10  1.179    
  72      0.4698420E-08 0.3177E-09  0.4894510E-08 0.3734E-10  1.169    
  73      0.5231970E-08 0.3175E-09  0.4899835E-08 0.3708E-10  1.168    
  74      0.5246079E-08 0.3171E-09  0.4905258E-08 0.3683E-10  1.168    
  75      0.4746284E-08 0.3171E-09  0.4903247E-08 0.3658E-10  1.156    
  76      0.5056474E-08 0.3160E-09  0.4905431E-08 0.3634E-10  1.143    
  77      0.4846508E-08 0.3174E-09  0.4904676E-08 0.3611E-10  1.129    
  78      0.5260208E-08 0.3163E-09  0.4909999E-08 0.3587E-10  1.130    
  79      0.4728388E-08 0.3175E-09  0.4907843E-08 0.3565E-10  1.121    
  80      0.4970553E-08 0.3170E-09  0.4908657E-08 0.3542E-10  1.106    
  81      0.5390838E-08 0.3171E-09  0.4915904E-08 0.3520E-10  1.124    
  82      0.4706369E-08 0.3165E-09  0.4913521E-08 0.3499E-10  1.116    
  83      0.4945711E-08 0.3163E-09  0.4913920E-08 0.3478E-10  1.102    
  84      0.5023260E-08 0.3168E-09  0.4915299E-08 0.3457E-10  1.090    
  85      0.4573140E-08 0.3177E-09  0.4911781E-08 0.3437E-10  1.090    
  86      0.4810984E-08 0.3176E-09  0.4910647E-08 0.3417E-10  1.079    
  87      0.4994834E-08 0.3179E-09  0.4911654E-08 0.3397E-10  1.067    
  88      0.4633627E-08 0.3169E-09  0.4908802E-08 0.3378E-10  1.064    
  89      0.4276064E-08 0.3175E-09  0.4903342E-08 0.3359E-10  1.089    
  90      0.4640114E-08 0.3168E-09  0.4900683E-08 0.3340E-10  1.085    
   
   
 Integral Plus:   4.9006828346010992E-009 +-   3.3399823072825831E-011
 with chisq    =   1.0846168065019779     
  
  
  
 For xq =         3100 
  
 RM48 INITIALIZED:        40           0         0



 INPUT PARAMETERS FOR VEGAS:  NDIM=  4  NCALL=  192119202.
                              IT=    0  ITMX=   45
                              MDS= -1   ND=  33
   1      0.2811423E-08 0.1027E-08  0.2811423E-08 0.1027E-08  0.000    
   2      0.2625914E-08 0.4659E-09  0.2661353E-08 0.4341E-09 0.2822E-01
   3      0.2150177E-08 0.4320E-09  0.2463590E-08 0.3180E-09 0.3226    
   4      0.2880014E-08 0.4332E-09  0.2633666E-08 0.2530E-09 0.4191    
   5      0.2599846E-08 0.4294E-09  0.2625109E-08 0.2181E-09 0.3170    
   6      0.1966902E-08 0.4267E-09  0.2540940E-08 0.1961E-09 0.5249    
   7      0.2794615E-08 0.4289E-09  0.2592564E-08 0.1778E-09 0.4790    
   8      0.2595517E-08 0.4294E-09  0.2593004E-08 0.1642E-09 0.4094    
   9      0.1932429E-08 0.4348E-09  0.2543748E-08 0.1541E-09 0.5349    
  10      0.2106798E-08 0.4359E-09  0.2508334E-08 0.1455E-09 0.5645    
  11      0.2433006E-08 0.4404E-09  0.2501123E-08 0.1382E-09 0.5120    
  12      0.2641695E-08 0.4442E-09  0.2515160E-08 0.1319E-09 0.4692    
  13      0.2316972E-08 0.4421E-09  0.2500894E-08 0.1265E-09 0.4481    
  14      0.2477566E-08 0.4477E-09  0.2499161E-08 0.1217E-09 0.4136    
  15      0.2470579E-08 0.4480E-09  0.2497197E-08 0.1174E-09 0.3843    
  16      0.3255558E-08 0.4517E-09  0.2576850E-08 0.1136E-09 0.6221    
  17      0.2919303E-08 0.4517E-09  0.2603524E-08 0.1102E-09 0.6153    
  18      0.1462377E-08 0.4428E-09  0.2580782E-08 0.1070E-09 0.7322    
  19      0.2522971E-08 0.4404E-09  0.2577510E-08 0.1040E-09 0.6919    
  20      0.2164473E-08 0.4479E-09  0.2561526E-08 0.1013E-09 0.6964    
  21      0.2005865E-08 0.4427E-09  0.2543245E-08 0.9880E-10 0.7231    
  22      0.3134631E-08 0.4446E-09  0.2586882E-08 0.9640E-10 0.7925    
  23      0.2450683E-08 0.4494E-09  0.2581125E-08 0.9426E-10 0.7617    
  24      0.2289284E-08 0.4548E-09  0.2570981E-08 0.9229E-10 0.7481    
  25      0.2156815E-08 0.4459E-09  0.2558100E-08 0.9039E-10 0.7505    
  26      0.2839464E-08 0.4484E-09  0.2572340E-08 0.8860E-10 0.7313    
  27      0.2141621E-08 0.4474E-09  0.2560233E-08 0.8692E-10 0.7359    
  28      0.2530869E-08 0.4517E-09  0.2559144E-08 0.8535E-10 0.7078    
  29      0.2900394E-08 0.4594E-09  0.2574491E-08 0.8393E-10 0.6994    
  30      0.2708136E-08 0.4649E-09  0.2579418E-08 0.8261E-10 0.6746    
  31      0.2834334E-08 0.4643E-09  0.2589339E-08 0.8135E-10 0.6585    
  32      0.3335914E-08 0.4589E-09  0.2628389E-08 0.8013E-10 0.7614    
  33      0.2151107E-08 0.4613E-09  0.2618333E-08 0.7893E-10 0.7676    
  34      0.2219574E-08 0.4561E-09  0.2609389E-08 0.7777E-10 0.7670    
  35      0.2924106E-08 0.4537E-09  0.2621302E-08 0.7665E-10 0.7554    
  36      0.2814599E-08 0.4603E-09  0.2627671E-08 0.7562E-10 0.7351    
  37      0.2151998E-08 0.4608E-09  0.2618700E-08 0.7461E-10 0.7412    
  38      0.3005376E-08 0.4643E-09  0.2632218E-08 0.7368E-10 0.7387    
  39      0.1605369E-08 0.4602E-09  0.2621897E-08 0.7274E-10 0.7827    
  40      0.3666062E-08 0.4738E-09  0.2671108E-08 0.7198E-10 0.9846    
  41      0.1942748E-08 0.4697E-09  0.2661433E-08 0.7112E-10  1.004    
  42      0.2555031E-08 0.4649E-09  0.2658994E-08 0.7031E-10 0.9812    
  43      0.2163940E-08 0.4807E-09  0.2651498E-08 0.6954E-10 0.9821    
  44      0.3231138E-08 0.4688E-09  0.2671369E-08 0.6882E-10  1.001    
  45      0.3451624E-08 0.4692E-09  0.2700690E-08 0.6812E-10  1.068    



 INPUT PARAMETERS FOR VEGAS:  NDIM=  4  NCALL= 1919025152.
                              IT=    0  ITMX=   90
                              MDS= -1   ND=  44
   1      0.2559821E-08 0.1431E-09  0.2559821E-08 0.1431E-09  0.000    
   2      0.2445688E-08 0.1434E-09  0.2505482E-08 0.1013E-09 0.3169    
   3      0.2342197E-08 0.1431E-09  0.2455738E-08 0.8267E-10 0.5785    
   4      0.2438002E-08 0.1434E-09  0.2451349E-08 0.7162E-10 0.3905    
   5      0.2199395E-08 0.1435E-09  0.2409144E-08 0.6408E-10 0.8437    
   6      0.2314594E-08 0.1433E-09  0.2394311E-08 0.5849E-10 0.7520    
   7      0.2568892E-08 0.1434E-09  0.2422550E-08 0.5416E-10 0.8476    
   8      0.2411003E-08 0.1432E-09  0.2421107E-08 0.5066E-10 0.7275    
   9      0.2308806E-08 0.1438E-09  0.2409645E-08 0.4778E-10 0.7058    
  10      0.2501677E-08 0.1429E-09  0.2419600E-08 0.4531E-10 0.6663    
  11      0.2685879E-08 0.1429E-09  0.2449130E-08 0.4319E-10 0.9617    
  12      0.2664502E-08 0.1435E-09  0.2470167E-08 0.4136E-10  1.078    
  13      0.2475593E-08 0.1433E-09  0.2470590E-08 0.3973E-10 0.9868    
  14      0.2680751E-08 0.1431E-09  0.2488237E-08 0.3828E-10  1.077    
  15      0.2431781E-08 0.1432E-09  0.2484595E-08 0.3699E-10  1.013    
  16      0.2591033E-08 0.1430E-09  0.2491879E-08 0.3581E-10 0.9768    
  17      0.2412313E-08 0.1434E-09  0.2487445E-08 0.3474E-10 0.9359    
  18      0.2435575E-08 0.1432E-09  0.2484651E-08 0.3376E-10 0.8896    
  19      0.2562257E-08 0.1439E-09  0.2488981E-08 0.3287E-10 0.8532    
  20      0.2457891E-08 0.1429E-09  0.2487444E-08 0.3203E-10 0.8113    
  21      0.2571587E-08 0.1433E-09  0.2491741E-08 0.3126E-10 0.7855    
  22      0.2397955E-08 0.1437E-09  0.2487774E-08 0.3055E-10 0.7686    
  23      0.2520898E-08 0.1431E-09  0.2489264E-08 0.2987E-10 0.7349    
  24      0.2385884E-08 0.1432E-09  0.2485260E-08 0.2924E-10 0.7254    
  25      0.2457090E-08 0.1431E-09  0.2484148E-08 0.2865E-10 0.6971    
  26      0.2445114E-08 0.1433E-09  0.2482682E-08 0.2810E-10 0.6727    
  27      0.2395026E-08 0.1433E-09  0.2479636E-08 0.2757E-10 0.6614    
  28      0.2498990E-08 0.1433E-09  0.2480342E-08 0.2707E-10 0.6370    
  29      0.2611040E-08 0.1429E-09  0.2485373E-08 0.2660E-10 0.6438    
  30      0.2628950E-08 0.1432E-09  0.2490744E-08 0.2615E-10 0.6564    
  31      0.2468286E-08 0.1435E-09  0.2490030E-08 0.2573E-10 0.6355    
  32      0.2324926E-08 0.1435E-09  0.2485501E-08 0.2532E-10 0.6540    
  33      0.2410665E-08 0.1434E-09  0.2483353E-08 0.2494E-10 0.6424    
  34      0.2355470E-08 0.1431E-09  0.2479930E-08 0.2457E-10 0.6461    
  35      0.2436537E-08 0.1435E-09  0.2478729E-08 0.2422E-10 0.6301    
  36      0.2515285E-08 0.1429E-09  0.2479786E-08 0.2388E-10 0.6134    
  37      0.2654640E-08 0.1429E-09  0.2485235E-08 0.2355E-10 0.6401    
  38      0.2397243E-08 0.1431E-09  0.2483060E-08 0.2324E-10 0.6332    
  39      0.2537737E-08 0.1429E-09  0.2484538E-08 0.2294E-10 0.6197    
  40      0.1972727E-08 0.1430E-09  0.2476321E-08 0.2265E-10 0.8162    
  41      0.2519562E-08 0.1432E-09  0.2477421E-08 0.2237E-10 0.7973    
  42      0.2115959E-08 0.1433E-09  0.2471054E-08 0.2210E-10 0.8957    
  43      0.2695846E-08 0.1432E-09  0.2477314E-08 0.2184E-10 0.9385    
  44      0.2514398E-08 0.1436E-09  0.2478186E-08 0.2159E-10 0.9174    
  45      0.2420043E-08 0.1430E-09  0.2476938E-08 0.2135E-10 0.9009    
  46      0.2578998E-08 0.1434E-09  0.2479357E-08 0.2112E-10 0.8910    
  47      0.2443601E-08 0.1430E-09  0.2478608E-08 0.2089E-10 0.8733    
  48      0.2466417E-08 0.1428E-09  0.2478353E-08 0.2067E-10 0.8549    
  49      0.2543322E-08 0.1428E-09  0.2479768E-08 0.2046E-10 0.8405    
  50      0.2228941E-08 0.1433E-09  0.2475670E-08 0.2025E-10 0.8767    
  51      0.2206226E-08 0.1435E-09  0.2471436E-08 0.2005E-10 0.9184    
  52      0.2636103E-08 0.1431E-09  0.2475069E-08 0.1986E-10 0.9269    
  53      0.2639741E-08 0.1434E-09  0.2478621E-08 0.1967E-10 0.9349    
  54      0.2343272E-08 0.1431E-09  0.2476349E-08 0.1949E-10 0.9340    
  55      0.2180538E-08 0.1432E-09  0.2472119E-08 0.1931E-10 0.9816    
  56      0.2444299E-08 0.1430E-09  0.2471627E-08 0.1914E-10 0.9646    
  57      0.2553168E-08 0.1434E-09  0.2473164E-08 0.1897E-10 0.9522    
  58      0.2635387E-08 0.1433E-09  0.2476360E-08 0.1881E-10 0.9583    
  59      0.2385403E-08 0.1433E-09  0.2474915E-08 0.1865E-10 0.9492    
  60      0.2476901E-08 0.1431E-09  0.2474948E-08 0.1849E-10 0.9329    
  61      0.2418905E-08 0.1429E-09  0.2474057E-08 0.1834E-10 0.9203    
  62      0.2382201E-08 0.1439E-09  0.2472681E-08 0.1819E-10 0.9124    
  63      0.2303841E-08 0.1433E-09  0.2470330E-08 0.1804E-10 0.9188    
  64      0.2385854E-08 0.1433E-09  0.2469086E-08 0.1790E-10 0.9102    
  65      0.2434402E-08 0.1433E-09  0.2468563E-08 0.1777E-10 0.8971    
  66      0.2508459E-08 0.1431E-09  0.2469194E-08 0.1763E-10 0.8839    
  67      0.2542018E-08 0.1436E-09  0.2470349E-08 0.1750E-10 0.8737    
  68      0.2257730E-08 0.1430E-09  0.2467700E-08 0.1737E-10 0.8902    
  69      0.2529503E-08 0.1431E-09  0.2468651E-08 0.1724E-10 0.8792    
  70      0.2445860E-08 0.1436E-09  0.2468330E-08 0.1712E-10 0.8669    
  71      0.2579635E-08 0.1433E-09  0.2470054E-08 0.1700E-10 0.8626    
  72      0.2552011E-08 0.1430E-09  0.2471283E-08 0.1688E-10 0.8545    
  73      0.2601133E-08 0.1432E-09  0.2473268E-08 0.1676E-10 0.8538    
  74      0.2543223E-08 0.1431E-09  0.2474278E-08 0.1665E-10 0.8448    
  75      0.2622539E-08 0.1430E-09  0.2476522E-08 0.1654E-10 0.8481    
  76      0.2327560E-08 0.1431E-09  0.2474770E-08 0.1643E-10 0.8507    
  77      0.2358989E-08 0.1433E-09  0.2473391E-08 0.1632E-10 0.8482    
  78      0.2422980E-08 0.1433E-09  0.2472766E-08 0.1622E-10 0.8391    
  79      0.2614261E-08 0.1434E-09  0.2474777E-08 0.1611E-10 0.8408    
  80      0.2538789E-08 0.1434E-09  0.2475625E-08 0.1601E-10 0.8322    
  81      0.2304552E-08 0.1435E-09  0.2473781E-08 0.1591E-10 0.8385    
  82      0.2347786E-08 0.1429E-09  0.2472376E-08 0.1582E-10 0.8377    
  83      0.2507550E-08 0.1428E-09  0.2472818E-08 0.1572E-10 0.8278    
  84      0.2348241E-08 0.1430E-09  0.2471464E-08 0.1563E-10 0.8270    
  85      0.2208333E-08 0.1431E-09  0.2468960E-08 0.1553E-10 0.8512    
  86      0.2559588E-08 0.1433E-09  0.2470100E-08 0.1544E-10 0.8454    
  87      0.2365956E-08 0.1435E-09  0.2468995E-08 0.1536E-10 0.8419    
  88      0.2616728E-08 0.1430E-09  0.2470901E-08 0.1527E-10 0.8446    
  89      0.2724964E-08 0.1434E-09  0.2474387E-08 0.1518E-10 0.8760    
  90      0.2433887E-08 0.1431E-09  0.2473947E-08 0.1510E-10 0.8672    
   
   
 Integral Plus:   2.4739468677337894E-009 +-   1.5097136921253821E-011
 with chisq    =  0.86724522079472521     
  
  
  
 For xq =         3400 
  
 RM48 INITIALIZED:        40           0         0



 INPUT PARAMETERS FOR VEGAS:  NDIM=  4  NCALL=  192119202.
                              IT=    0  ITMX=   45
                              MDS= -1   ND=  33
   1      0.1304456E-08 0.4646E-09  0.1304456E-08 0.4646E-09  0.000    
   2      0.1181914E-08 0.2154E-09  0.1207347E-08 0.2019E-09 0.6056E-01
   3      0.1101736E-08 0.2043E-09  0.1161560E-08 0.1464E-09 0.9654E-01
   4      0.1491090E-08 0.1986E-09  0.1312083E-08 0.1150E-09 0.7353    
   5      0.1528408E-08 0.2018E-09  0.1380717E-08 0.9906E-10 0.7661    
   6      0.1222516E-08 0.2004E-09  0.1353718E-08 0.8901E-10 0.7188    
   7      0.1217270E-08 0.2006E-09  0.1334004E-08 0.8149E-10 0.6692    
   8      0.1234119E-08 0.2009E-09  0.1321123E-08 0.7558E-10 0.6089    
   9      0.1073358E-08 0.2037E-09  0.1299647E-08 0.7097E-10 0.6724    
  10      0.1251811E-08 0.2050E-09  0.1294658E-08 0.6707E-10 0.6047    
  11      0.1351828E-08 0.2070E-09  0.1300748E-08 0.6379E-10 0.5453    
  12      0.1215669E-08 0.2091E-09  0.1294124E-08 0.6102E-10 0.5123    
  13      0.1035068E-08 0.2086E-09  0.1280221E-08 0.5858E-10 0.5648    
  14      0.1124619E-08 0.2099E-09  0.1271061E-08 0.5643E-10 0.5612    
  15      0.1026798E-08 0.2110E-09  0.1259739E-08 0.5452E-10 0.5959    
  16      0.1349647E-08 0.2075E-09  0.1266611E-08 0.5272E-10 0.5630    
  17      0.1139579E-08 0.2086E-09  0.1260114E-08 0.5112E-10 0.5514    
  18      0.1235913E-08 0.2095E-09  0.1258751E-08 0.4966E-10 0.5197    
  19      0.1273918E-08 0.2123E-09  0.1259586E-08 0.4836E-10 0.4894    
  20      0.1052462E-08 0.2103E-09  0.1251945E-08 0.4713E-10 0.5063    
  21      0.1812746E-08 0.2095E-09  0.1307628E-08 0.4596E-10  1.121    
  22      0.1195086E-08 0.2094E-09  0.1302968E-08 0.4490E-10  1.085    
  23      0.9309604E-09 0.2097E-09  0.1293871E-08 0.4391E-10  1.134    
  24      0.1390039E-08 0.2119E-09  0.1298746E-08 0.4299E-10  1.084    
  25      0.1052900E-08 0.2101E-09  0.1291683E-08 0.4212E-10  1.091    
  26      0.9892431E-09 0.2135E-09  0.1284436E-08 0.4132E-10  1.113    
  27      0.1290276E-08 0.2122E-09  0.1284667E-08 0.4056E-10  1.066    
  28      0.1238784E-08 0.2119E-09  0.1283046E-08 0.3983E-10  1.028    
  29      0.1407172E-08 0.2142E-09  0.1288348E-08 0.3917E-10 0.9966    
  30      0.1222070E-08 0.2107E-09  0.1286213E-08 0.3851E-10 0.9666    
  31      0.9981961E-09 0.2127E-09  0.1280263E-08 0.3789E-10 0.9842    
  32      0.1126144E-08 0.2144E-09  0.1276373E-08 0.3731E-10 0.9711    
  33      0.1374356E-08 0.2167E-09  0.1279850E-08 0.3677E-10 0.9415    
  34      0.1143989E-08 0.2120E-09  0.1276448E-08 0.3623E-10 0.9273    
  35      0.1331280E-08 0.2105E-09  0.1278271E-08 0.3571E-10 0.8982    
  36      0.1478151E-08 0.2147E-09  0.1285847E-08 0.3523E-10 0.8959    
  37      0.1301343E-08 0.2146E-09  0.1286290E-08 0.3477E-10 0.8690    
  38      0.1190145E-08 0.2168E-09  0.1284089E-08 0.3433E-10 0.8522    
  39      0.8497278E-09 0.2175E-09  0.1279113E-08 0.3389E-10 0.8903    
  40      0.1166230E-08 0.2240E-09  0.1276862E-08 0.3351E-10 0.8756    
  41      0.1293600E-08 0.2163E-09  0.1277291E-08 0.3311E-10 0.8518    
  42      0.1668785E-08 0.2128E-09  0.1293819E-08 0.3272E-10 0.9563    
  43      0.1454548E-08 0.2208E-09  0.1298469E-08 0.3238E-10 0.9424    
  44      0.1024007E-08 0.2173E-09  0.1294465E-08 0.3202E-10 0.9520    
  45      0.1290196E-08 0.2178E-09  0.1294369E-08 0.3168E-10 0.9290    



 INPUT PARAMETERS FOR VEGAS:  NDIM=  4  NCALL= 1919025152.
                              IT=    0  ITMX=   90
                              MDS= -1   ND=  44
   1      0.1221239E-08 0.6693E-10  0.1221239E-08 0.6693E-10  0.000    
   2      0.1200259E-08 0.6666E-10  0.1210887E-08 0.4723E-10 0.4931E-01
   3      0.1217650E-08 0.6697E-10  0.1213151E-08 0.3860E-10 0.2798E-01
   4      0.1233739E-08 0.6707E-10  0.1218404E-08 0.3345E-10 0.4249E-01
   5      0.1312167E-08 0.6698E-10  0.1239448E-08 0.2993E-10 0.4579    
   6      0.1219833E-08 0.6699E-10  0.1236262E-08 0.2733E-10 0.3821    
   7      0.1297627E-08 0.6708E-10  0.1245767E-08 0.2531E-10 0.4420    
   8      0.1260160E-08 0.6709E-10  0.1247601E-08 0.2368E-10 0.3835    
   9      0.1158419E-08 0.6682E-10  0.1238867E-08 0.2232E-10 0.5170    
  10      0.1194424E-08 0.6700E-10  0.1234696E-08 0.2118E-10 0.5043    
  11      0.1239635E-08 0.6694E-10  0.1235150E-08 0.2019E-10 0.4538    
  12      0.1126551E-08 0.6704E-10  0.1227506E-08 0.1933E-10 0.6061    
  13      0.1274297E-08 0.6693E-10  0.1231384E-08 0.1857E-10 0.5922    
  14      0.1300268E-08 0.6690E-10  0.1236859E-08 0.1790E-10 0.6254    
  15      0.1180368E-08 0.6678E-10  0.1233373E-08 0.1729E-10 0.6282    
  16      0.1173032E-08 0.6699E-10  0.1229929E-08 0.1674E-10 0.6363    
  17      0.1245038E-08 0.6699E-10  0.1230842E-08 0.1624E-10 0.5985    
  18      0.1198715E-08 0.6679E-10  0.1229129E-08 0.1578E-10 0.5771    
  19      0.1395983E-08 0.6692E-10  0.1240343E-08 0.1536E-10 0.9478    
  20      0.1304709E-08 0.6680E-10  0.1243925E-08 0.1497E-10 0.9439    
  21      0.1239023E-08 0.6680E-10  0.1243690E-08 0.1461E-10 0.8970    
  22      0.1198042E-08 0.6675E-10  0.1241735E-08 0.1427E-10 0.8768    
  23      0.1114581E-08 0.6691E-10  0.1237212E-08 0.1395E-10 0.9734    
  24      0.1239599E-08 0.6688E-10  0.1237312E-08 0.1366E-10 0.9307    
  25      0.1335488E-08 0.6698E-10  0.1241882E-08 0.1338E-10 0.9852    
  26      0.1222648E-08 0.6699E-10  0.1241160E-08 0.1312E-10 0.9498    
  27      0.1287188E-08 0.6706E-10  0.1242995E-08 0.1288E-10 0.9292    
  28      0.1191781E-08 0.6703E-10  0.1241301E-08 0.1265E-10 0.9166    
  29      0.1171202E-08 0.6694E-10  0.1239126E-08 0.1243E-10 0.9211    
  30      0.1224383E-08 0.6692E-10  0.1238642E-08 0.1222E-10 0.8914    
  31      0.1235977E-08 0.6715E-10  0.1238556E-08 0.1202E-10 0.8617    
  32      0.1193128E-08 0.6678E-10  0.1237221E-08 0.1183E-10 0.8492    
  33      0.1330701E-08 0.6704E-10  0.1240494E-08 0.1165E-10 0.8865    
  34      0.1276164E-08 0.6687E-10  0.1241613E-08 0.1148E-10 0.8669    
  35      0.1303714E-08 0.6698E-10  0.1243574E-08 0.1131E-10 0.8658    
  36      0.1323445E-08 0.6694E-10  0.1246095E-08 0.1116E-10 0.8826    
  37      0.1221260E-08 0.6685E-10  0.1245444E-08 0.1100E-10 0.8624    
  38      0.1192336E-08 0.6695E-10  0.1244152E-08 0.1086E-10 0.8562    
  39      0.1250583E-08 0.6686E-10  0.1244320E-08 0.1072E-10 0.8335    
  40      0.1192270E-08 0.6692E-10  0.1243114E-08 0.1058E-10 0.8277    
  41      0.1196632E-08 0.6698E-10  0.1242056E-08 0.1045E-10 0.8193    
  42      0.1242722E-08 0.6695E-10  0.1242072E-08 0.1033E-10 0.7992    
  43      0.1283458E-08 0.6695E-10  0.1243104E-08 0.1021E-10 0.7883    
  44      0.1325312E-08 0.6696E-10  0.1245233E-08 0.1009E-10 0.8064    
  45      0.1277918E-08 0.6713E-10  0.1245998E-08 0.9979E-11 0.7926    
  46      0.1162759E-08 0.6696E-10  0.1244408E-08 0.9870E-11 0.8067    
  47      0.1217962E-08 0.6693E-10  0.1243865E-08 0.9764E-11 0.7930    
  48      0.1273880E-08 0.6682E-10  0.1244526E-08 0.9662E-11 0.7796    
  49      0.1164514E-08 0.6699E-10  0.1243086E-08 0.9563E-11 0.7910    
  50      0.1234989E-08 0.6682E-10  0.1242924E-08 0.9466E-11 0.7753    
  51      0.1266281E-08 0.6713E-10  0.1243400E-08 0.9374E-11 0.7616    
  52      0.1244008E-08 0.6694E-10  0.1243412E-08 0.9283E-11 0.7465    
  53      0.1274786E-08 0.6691E-10  0.1244038E-08 0.9195E-11 0.7357    
  54      0.1301844E-08 0.6708E-10  0.1245210E-08 0.9110E-11 0.7356    
  55      0.1192149E-08 0.6688E-10  0.1244318E-08 0.9026E-11 0.7336    
  56      0.1259019E-08 0.6687E-10  0.1244589E-08 0.8945E-11 0.7208    
  57      0.1415825E-08 0.6701E-10  0.1248472E-08 0.8867E-11 0.8518    
  58      0.1313344E-08 0.6691E-10  0.1249717E-08 0.8790E-11 0.8532    
  59      0.1268550E-08 0.6687E-10  0.1250048E-08 0.8715E-11 0.8393    
  60      0.1197671E-08 0.6698E-10  0.1249242E-08 0.8642E-11 0.8356    
  61      0.1284249E-08 0.6675E-10  0.1249855E-08 0.8570E-11 0.8256    
  62      0.1351256E-08 0.6693E-10  0.1251775E-08 0.8501E-11 0.8530    
  63      0.1165740E-08 0.6700E-10  0.1250582E-08 0.8433E-11 0.8639    
  64      0.1161106E-08 0.6703E-10  0.1249369E-08 0.8367E-11 0.8762    
  65      0.1345830E-08 0.6712E-10  0.1251090E-08 0.8303E-11 0.8973    
  66      0.1329442E-08 0.6692E-10  0.1252439E-08 0.8240E-11 0.9052    
  67      0.1255483E-08 0.6698E-10  0.1252485E-08 0.8178E-11 0.8913    
  68      0.1272412E-08 0.6694E-10  0.1252789E-08 0.8118E-11 0.8788    
  69      0.1300696E-08 0.6691E-10  0.1253543E-08 0.8059E-11 0.8729    
  70      0.1209468E-08 0.6711E-10  0.1252955E-08 0.8001E-11 0.8668    
  71      0.1310138E-08 0.6696E-10  0.1253840E-08 0.7945E-11 0.8645    
  72      0.1279483E-08 0.6695E-10  0.1254213E-08 0.7890E-11 0.8539    
  73      0.1430122E-08 0.6709E-10  0.1257342E-08 0.7836E-11 0.9607    
  74      0.1255416E-08 0.6694E-10  0.1257316E-08 0.7782E-11 0.9475    
  75      0.1277601E-08 0.6697E-10  0.1257597E-08 0.7730E-11 0.9355    
  76      0.1140102E-08 0.6689E-10  0.1256312E-08 0.7679E-11 0.9589    
  77      0.1199162E-08 0.6697E-10  0.1255630E-08 0.7629E-11 0.9560    
  78      0.1207590E-08 0.6720E-10  0.1255060E-08 0.7581E-11 0.9505    
  79      0.1268647E-08 0.6709E-10  0.1255236E-08 0.7533E-11 0.9385    
  80      0.1182703E-08 0.6700E-10  0.1254425E-08 0.7486E-11 0.9410    
  81      0.1245331E-08 0.6682E-10  0.1254313E-08 0.7439E-11 0.9295    
  82      0.1216507E-08 0.6706E-10  0.1253877E-08 0.7394E-11 0.9223    
  83      0.1266531E-08 0.6693E-10  0.1254034E-08 0.7349E-11 0.9112    
  84      0.1105271E-08 0.6691E-10  0.1252643E-08 0.7305E-11 0.9488    
  85      0.1231149E-08 0.6704E-10  0.1252397E-08 0.7262E-11 0.9390    
  86      0.1218113E-08 0.6704E-10  0.1252018E-08 0.7220E-11 0.9314    
  87      0.1226426E-08 0.6686E-10  0.1251732E-08 0.7178E-11 0.9225    
  88      0.1297329E-08 0.6692E-10  0.1252293E-08 0.7137E-11 0.9168    
  89      0.1252555E-08 0.6712E-10  0.1252296E-08 0.7097E-11 0.9063    
  90      0.1173837E-08 0.6686E-10  0.1251521E-08 0.7058E-11 0.9108    
   
   
 Integral Plus:   1.2515212750550342E-009 +-   7.0575009799715206E-012
 with chisq    =  0.91081129621814949     
  
  
  
 For xq =         3700 
  
 RM48 INITIALIZED:        40           0         0



 INPUT PARAMETERS FOR VEGAS:  NDIM=  4  NCALL=  192119202.
                              IT=    0  ITMX=   45
                              MDS= -1   ND=  33
   1      0.7664529E-09 0.2172E-09  0.7664529E-09 0.2172E-09  0.000    
   2      0.5827790E-09 0.1018E-09  0.6333889E-09 0.1013E-09 0.6568    
   3      0.4889195E-09 0.9758E-10  0.5818065E-09 0.7435E-10 0.8250    
   4      0.4916713E-09 0.9511E-10  0.5569860E-09 0.6022E-10 0.7564    
   5      0.5271801E-09 0.9440E-10  0.5497372E-09 0.5128E-10 0.6078    
   6      0.5641007E-09 0.9448E-10  0.5528617E-09 0.4515E-10 0.4943    
   7      0.7014231E-09 0.9490E-10  0.5900066E-09 0.4040E-10 0.8085    
   8      0.7458880E-09 0.9512E-10  0.6242420E-09 0.3691E-10  1.084    
   9      0.6916351E-09 0.9592E-10  0.6347957E-09 0.3438E-10 0.9862    
  10      0.6926458E-09 0.9748E-10  0.6424319E-09 0.3238E-10 0.8981    
  11      0.5801743E-09 0.9670E-10  0.6370762E-09 0.3073E-10 0.8525    
  12      0.7729054E-09 0.1001E-09  0.6540173E-09 0.2936E-10 0.9558    
  13      0.5754602E-09 0.9827E-10  0.6487598E-09 0.2814E-10 0.9301    
  14      0.5926950E-09 0.9824E-10  0.6450411E-09 0.2706E-10 0.8874    
  15      0.5803141E-09 0.9864E-10  0.6412012E-09 0.2611E-10 0.8575    
  16      0.5633831E-09 0.9861E-10  0.6370782E-09 0.2524E-10 0.8423    
  17      0.6564609E-09 0.1004E-09  0.6383355E-09 0.2448E-10 0.7875    
  18      0.6338816E-09 0.9986E-10  0.6380787E-09 0.2378E-10 0.7406    
  19      0.6559006E-09 0.9986E-10  0.6391146E-09 0.2313E-10 0.6980    
  20      0.7861746E-09 0.1026E-09  0.6498955E-09 0.2257E-10 0.7951    
  21      0.5998174E-09 0.9963E-10  0.6477273E-09 0.2202E-10 0.7704    
  22      0.5969161E-09 0.1005E-09  0.6456733E-09 0.2151E-10 0.7481    
  23      0.6555802E-09 0.9974E-10  0.6461407E-09 0.2102E-10 0.7125    
  24      0.6652247E-09 0.1005E-09  0.6470113E-09 0.2058E-10 0.6805    
  25      0.5138678E-09 0.1003E-09  0.6434665E-09 0.2016E-10 0.7085    
  26      0.6075493E-09 0.1012E-09  0.6421993E-09 0.1977E-10 0.6867    
  27      0.7592206E-09 0.9912E-10  0.6485538E-09 0.1938E-10 0.7216    
  28      0.5979842E-09 0.9983E-10  0.6469282E-09 0.1903E-10 0.7060    
  29      0.7859592E-09 0.1018E-09  0.6539817E-09 0.1871E-10 0.7636    
  30      0.5073122E-09 0.1022E-09  0.6509689E-09 0.1840E-10 0.7907    
  31      0.6706058E-09 0.1027E-09  0.6516426E-09 0.1811E-10 0.7630    
  32      0.7603994E-09 0.1020E-09  0.6562928E-09 0.1784E-10 0.7780    
  33      0.6124225E-09 0.1028E-09  0.6551257E-09 0.1757E-10 0.7608    
  34      0.6694715E-09 0.1021E-09  0.6555736E-09 0.1732E-10 0.7365    
  35      0.6119596E-09 0.1041E-09  0.6545059E-09 0.1708E-10 0.7213    
  36      0.5199178E-09 0.1026E-09  0.6521011E-09 0.1685E-10 0.7395    
  37      0.7178291E-09 0.1041E-09  0.6542039E-09 0.1663E-10 0.7273    
  38      0.7539049E-09 0.1040E-09  0.6576092E-09 0.1643E-10 0.7334    
  39      0.5653455E-09 0.1029E-09  0.6558321E-09 0.1622E-10 0.7344    
  40      0.7640155E-09 0.1028E-09  0.6595119E-09 0.1603E-10 0.7466    
  41      0.4758201E-09 0.1041E-09  0.6571759E-09 0.1584E-10 0.7784    
  42      0.5678724E-09 0.1041E-09  0.6555868E-09 0.1565E-10 0.7772    
  43      0.7657041E-09 0.1067E-09  0.6588759E-09 0.1550E-10 0.7861    
  44      0.7010171E-09 0.1073E-09  0.6598927E-09 0.1534E-10 0.7687    
  45      0.6808680E-09 0.1063E-09  0.6603689E-09 0.1518E-10 0.7503    



 INPUT PARAMETERS FOR VEGAS:  NDIM=  4  NCALL= 1919025152.
                              IT=    0  ITMX=   90
                              MDS= -1   ND=  44
   1      0.7125801E-09 0.3240E-10  0.7125801E-09 0.3240E-10  0.000    
   2      0.6137759E-09 0.3242E-10  0.6705257E-09 0.2292E-10  4.544    
   3      0.6386425E-09 0.3250E-10  0.6605027E-09 0.1873E-10  2.644    
   4      0.6086018E-09 0.3247E-10  0.6489573E-09 0.1622E-10  2.417    
   5      0.6390870E-09 0.3250E-10  0.6470162E-09 0.1452E-10  1.837    
   6      0.6434754E-09 0.3252E-10  0.6464282E-09 0.1326E-10  1.472    
   7      0.6015540E-09 0.3247E-10  0.6407256E-09 0.1227E-10  1.496    
   8      0.6507670E-09 0.3246E-10  0.6420268E-09 0.1148E-10  1.288    
   9      0.6904775E-09 0.3258E-10  0.6481543E-09 0.1083E-10  1.383    
  10      0.5741586E-09 0.3242E-10  0.6421491E-09 0.1027E-10  1.686    
  11      0.6789612E-09 0.3249E-10  0.6458860E-09 0.9792E-11  1.628    
  12      0.6535949E-09 0.3252E-10  0.6465478E-09 0.9377E-11  1.481    
  13      0.6227029E-09 0.3246E-10  0.6448180E-09 0.9008E-11  1.403    
  14      0.6789709E-09 0.3247E-10  0.6475283E-09 0.8680E-11  1.371    
  15      0.6864457E-09 0.3240E-10  0.6504583E-09 0.8384E-11  1.369    
  16      0.6461090E-09 0.3251E-10  0.6501879E-09 0.8119E-11  1.279    
  17      0.6664201E-09 0.3249E-10  0.6511958E-09 0.7877E-11  1.211    
  18      0.6244081E-09 0.3244E-10  0.6498073E-09 0.7654E-11  1.179    
  19      0.6520952E-09 0.3247E-10  0.6499295E-09 0.7450E-11  1.113    
  20      0.6971302E-09 0.3251E-10  0.6526387E-09 0.7262E-11  1.167    
  21      0.6633258E-09 0.3240E-10  0.6531701E-09 0.7086E-11  1.112    
  22      0.6310203E-09 0.3243E-10  0.6522179E-09 0.6923E-11  1.081    
  23      0.6020209E-09 0.3242E-10  0.6503272E-09 0.6770E-11  1.129    
  24      0.6735725E-09 0.3245E-10  0.6513725E-09 0.6627E-11  1.099    
  25      0.6337066E-09 0.3240E-10  0.6506946E-09 0.6493E-11  1.067    
  26      0.6105796E-09 0.3245E-10  0.6493184E-09 0.6367E-11  1.081    
  27      0.5885829E-09 0.3249E-10  0.6474460E-09 0.6248E-11  1.155    
  28      0.6655998E-09 0.3243E-10  0.6481367E-09 0.6135E-11  1.122    
  29      0.5819719E-09 0.3239E-10  0.6462620E-09 0.6028E-11  1.207    
  30      0.6065499E-09 0.3259E-10  0.6450900E-09 0.5927E-11  1.214    
  31      0.6017160E-09 0.3257E-10  0.6438643E-09 0.5832E-11  1.229    
  32      0.6724505E-09 0.3248E-10  0.6448439E-09 0.5740E-11  1.212    
  33      0.6261877E-09 0.3243E-10  0.6443041E-09 0.5652E-11  1.185    
  34      0.6486052E-09 0.3248E-10  0.6444333E-09 0.5568E-11  1.149    
  35      0.6609461E-09 0.3249E-10  0.6449324E-09 0.5488E-11  1.121    
  36      0.6258643E-09 0.3252E-10  0.6444303E-09 0.5412E-11  1.100    
  37      0.6025926E-09 0.3259E-10  0.6434375E-09 0.5339E-11  1.112    
  38      0.6315668E-09 0.3248E-10  0.6431339E-09 0.5268E-11  1.086    
  39      0.6293450E-09 0.3252E-10  0.6427932E-09 0.5200E-11  1.063    
  40      0.6417990E-09 0.3258E-10  0.6427684E-09 0.5135E-11  1.036    
  41      0.6851447E-09 0.3246E-10  0.6439493E-09 0.5072E-11  1.054    
  42      0.6296718E-09 0.3246E-10  0.6436211E-09 0.5011E-11  1.033    
  43      0.6365784E-09 0.3258E-10  0.6434606E-09 0.4953E-11  1.010    
  44      0.6170467E-09 0.3256E-10  0.6429063E-09 0.4897E-11  1.002    
  45      0.6090749E-09 0.3252E-10  0.6422265E-09 0.4842E-11  1.003    
  46      0.6674169E-09 0.3244E-10  0.6428227E-09 0.4789E-11 0.9934    
  47      0.6046949E-09 0.3237E-10  0.6420931E-09 0.4737E-11  1.000    
  48      0.5617897E-09 0.3238E-10  0.6407884E-09 0.4688E-11  1.084    
  49      0.6187338E-09 0.3243E-10  0.6403636E-09 0.4639E-11  1.071    
  50      0.6412684E-09 0.3244E-10  0.6403820E-09 0.4593E-11  1.049    
  51      0.6816415E-09 0.3257E-10  0.6412979E-09 0.4548E-11  1.061    
  52      0.6059248E-09 0.3247E-10  0.6406845E-09 0.4504E-11  1.063    
  53      0.6956170E-09 0.3241E-10  0.6419171E-09 0.4461E-11  1.103    
  54      0.6605802E-09 0.3242E-10  0.6422870E-09 0.4419E-11  1.087    
  55      0.6398838E-09 0.3248E-10  0.6422433E-09 0.4379E-11  1.067    
  56      0.6340706E-09 0.3244E-10  0.6420995E-09 0.4339E-11  1.049    
  57      0.6320600E-09 0.3251E-10  0.6419278E-09 0.4301E-11  1.032    
  58      0.6570498E-09 0.3242E-10  0.6422037E-09 0.4264E-11  1.017    
  59      0.6506101E-09 0.3248E-10  0.6423509E-09 0.4228E-11  1.000    
  60      0.6460466E-09 0.3246E-10  0.6424138E-09 0.4192E-11 0.9833    
  61      0.6690342E-09 0.3242E-10  0.6428915E-09 0.4158E-11 0.9775    
  62      0.6133230E-09 0.3250E-10  0.6424543E-09 0.4124E-11 0.9750    
  63      0.6588828E-09 0.3243E-10  0.6427311E-09 0.4091E-11 0.9627    
  64      0.5893267E-09 0.3245E-10  0.6420216E-09 0.4059E-11 0.9857    
  65      0.6637342E-09 0.3248E-10  0.6423808E-09 0.4028E-11 0.9765    
  66      0.6316545E-09 0.3249E-10  0.6422226E-09 0.3997E-11 0.9635    
  67      0.6525992E-09 0.3250E-10  0.6423834E-09 0.3967E-11 0.9499    
  68      0.6673561E-09 0.3254E-10  0.6427804E-09 0.3938E-11 0.9439    
  69      0.6263676E-09 0.3242E-10  0.6425520E-09 0.3909E-11 0.9342    
  70      0.5852443E-09 0.3247E-10  0.6418663E-09 0.3881E-11 0.9602    
  71      0.6631803E-09 0.3255E-10  0.6421872E-09 0.3854E-11 0.9519    
  72      0.5953383E-09 0.3249E-10  0.6416234E-09 0.3827E-11 0.9654    
  73      0.6565417E-09 0.3251E-10  0.6418383E-09 0.3801E-11 0.9543    
  74      0.6783140E-09 0.3250E-10  0.6423912E-09 0.3775E-11 0.9587    
  75      0.6003839E-09 0.3252E-10  0.6418988E-09 0.3750E-11 0.9669    
  76      0.6252437E-09 0.3256E-10  0.6416903E-09 0.3725E-11 0.9579    
  77      0.6621193E-09 0.3251E-10  0.6419739E-09 0.3701E-11 0.9499    
  78      0.6161460E-09 0.3254E-10  0.6416675E-09 0.3677E-11 0.9459    
  79      0.6662787E-09 0.3240E-10  0.6420070E-09 0.3654E-11 0.9407    
  80      0.6509547E-09 0.3257E-10  0.6421221E-09 0.3631E-11 0.9294    
  81      0.5894815E-09 0.3259E-10  0.6415731E-09 0.3609E-11 0.9469    
  82      0.6095708E-09 0.3238E-10  0.6412156E-09 0.3587E-11 0.9471    
  83      0.6796123E-09 0.3258E-10  0.6417351E-09 0.3565E-11 0.9530    
  84      0.6036300E-09 0.3259E-10  0.6413329E-09 0.3544E-11 0.9572    
  85      0.6178012E-09 0.3255E-10  0.6410749E-09 0.3523E-11 0.9523    
  86      0.6080824E-09 0.3250E-10  0.6407272E-09 0.3503E-11 0.9530    
  87      0.6391141E-09 0.3253E-10  0.6407086E-09 0.3482E-11 0.9420    
  88      0.6405909E-09 0.3255E-10  0.6407073E-09 0.3463E-11 0.9311    
  89      0.5878671E-09 0.3246E-10  0.6402024E-09 0.3443E-11 0.9474    
  90      0.6391285E-09 0.3246E-10  0.6401904E-09 0.3424E-11 0.9367    
   
   
 Integral Plus:   6.4019038792548781E-010 +-   3.4239091689145227E-012
 with chisq    =  0.93671645277853532     
  
  
  
    xq         Integral Plus                 error
   1900      0.482097699445283E-07      0.423761853117211E-09
   2200      0.218398300882854E-07      0.170692756833735E-09
   2500      0.100792704585666E-07      0.742461150706700E-10
   2800      0.490068283460110E-08      0.333998230728258E-10
   3100      0.247394686773379E-08      0.150971369212538E-10
   3400      0.125152127505503E-08      0.705750097997152E-11
   3700      0.640190387925488E-09      0.342390916891452E-11
Thanks for using LHAPDF 6.5.4. Please make sure to cite the paper:
  Eur.Phys.J. C75 (2015) 3, 132  (http://arxiv.org/abs/1412.7420)
