   100.00000000000000        1.1136263493365361        2.6036366911935362E-004
   400.00000000000000        3.9622474538388418E-003   1.9844510222300061E-006
   700.00000000000000        3.2147818622507306E-004   2.0095650333987696E-007
   1000.0000000000000        5.7334959036793838E-005   4.0476472449363819E-008
   1300.0000000000000        1.4676630793254842E-005   1.1201470750364068E-008
   1600.0000000000000        4.6253040456937333E-006   3.7259191185240758E-009
   1900.0000000000000        1.6564494489455210E-006   1.3824353785025993E-009
   2200.0000000000000        6.4880475672671640E-007   5.6125026247189290E-010
   2500.0000000000000        2.7115730592253743E-007   2.3987993602851112E-010
   2800.0000000000000        1.1840999452143631E-007   1.0667434898198747E-010
   3100.0000000000000        5.3313545191418171E-008   4.8855881465362455E-011
   3400.0000000000000        2.4515549377674469E-008   2.2675648606272308E-011
   3700.0000000000000        1.1457017636718022E-008   1.0770914933206932E-011
   4000.0000000000000        5.3925741963956910E-009   5.1402097851901004E-012
   4300.0000000000000        2.5456795611514684E-009   2.4214367765685037E-012
   4600.0000000000000        1.2006574639306828E-009   1.1398669924055720E-012
   4900.0000000000000        5.6215391715624193E-010   5.3583701024754878E-013
 Directory not found ../summary/run_01                                                                                   
 Making new directory..
/home/niraj/OneDrive/WorkSpaceIITG/Generalfiles/integrators/DrellYan/summary/run_01
 Directory constructed successfully🤩
  
 Writing your data in ../summary/run_01/PK_Delta.dat
LHAPDF 6.5.4 loading /home/niraj/1TB-Disc/Workspace-IITG/Packages/Install/LHAPDF-6.5.4/install/share/LHAPDF/MMHT2014nlo68cl/MMHT2014nlo68cl_0000.dat
MMHT2014nlo68cl PDF set, member #0, version 3; LHAPDF ID = 25100
   
   
 ~~~~~~~~~~~~~~~~~~~~~~~~~~~~~~~~~~~~~~~~~~~~
     Calculating Delta Functions
 ~~~~~~~~~~~~~~~~~~~~~~~~~~~~~~~~~~~~~~~~~~~~
   
 ~~~~~~~~~~~~~~~~~~~~~~~~~~~~~~~~~~~~~~~~
Using Vegas points:                   2.E+07
         Iteration:                   10
 ~~~~~~~~~~~~~~~~~~~~~~~~~~~~~~~~~~~~~~~~
  
 For xq =          100 
  
 RM48 INITIALIZED:        40           0         0



 INPUT PARAMETERS FOR VEGAS:  NDIM=  3  NCALL=   19876750.
                              IT=    0  ITMX=   10
                              MDS= -1   ND=  43
   1       1.061058     0.7963E-01   1.061058     0.7963E-01  0.000    
   2       1.132993     0.2099E-01   1.128860     0.1975E-01 0.7188    
   3       1.090913     0.1075E-01   1.099673     0.9468E-02  1.787    
   4       1.116443     0.7068E-02   1.110588     0.5622E-02  1.854    
   5       1.110978     0.5540E-02   1.110788     0.3935E-02  1.386    
   6       1.116334     0.4985E-02   1.112949     0.3080E-02  1.258    
   7       1.103889     0.4739E-02   1.110262     0.2583E-02  1.477    
   8       1.115937     0.4654E-02   1.111619     0.2256E-02  1.427    
   9       1.112283     0.4579E-02   1.111750     0.2023E-02  1.249    
  10       1.116622     0.4550E-02   1.112566     0.1847E-02  1.216    



 INPUT PARAMETERS FOR VEGAS:  NDIM=  3  NCALL=  194672000.
                              IT=    0  ITMX=   20
                              MDS= -1   ND=  46
   1       1.112498     0.1164E-02   1.112498     0.1164E-02  0.000    
   2       1.113981     0.1165E-02   1.113240     0.8235E-03 0.8104    
   3       1.113975     0.1164E-02   1.113485     0.6723E-03 0.5378    
   4       1.113987     0.1164E-02   1.113611     0.5822E-03 0.4048    
   5       1.112446     0.1164E-02   1.113378     0.5207E-03 0.5038    
   6       1.113828     0.1165E-02   1.113453     0.4754E-03 0.4280    
   7       1.112954     0.1166E-02   1.113382     0.4402E-03 0.3829    
   8       1.112802     0.1165E-02   1.113309     0.4118E-03 0.3591    
   9       1.112864     0.1166E-02   1.113260     0.3883E-03 0.3305    
  10       1.113146     0.1164E-02   1.113249     0.3683E-03 0.2947    
  11       1.115027     0.1166E-02   1.113411     0.3512E-03 0.4775    
  12       1.111186     0.1164E-02   1.113226     0.3362E-03 0.7376    
  13       1.113949     0.1166E-02   1.113281     0.3231E-03 0.7057    
  14       1.112487     0.1163E-02   1.113224     0.3113E-03 0.6848    
  15       1.115215     0.1165E-02   1.113357     0.3007E-03 0.8307    
  16       1.114173     0.1163E-02   1.113409     0.2912E-03 0.8061    
  17       1.114937     0.1162E-02   1.113499     0.2824E-03 0.8576    
  18       1.111541     0.1163E-02   1.113390     0.2745E-03 0.9643    
  19       1.116490     0.1165E-02   1.113554     0.2671E-03  1.285    
  20       1.114988     0.1163E-02   1.113626     0.2604E-03  1.293    
   
   
 Integral Delta:   1.1136263493365361      +-   2.6036366911935362E-004
 with chisq    =   1.2932747982376858     
  
  
  
 For xq =          400 
  
 RM48 INITIALIZED:        40           0         0



 INPUT PARAMETERS FOR VEGAS:  NDIM=  3  NCALL=   19876750.
                              IT=    0  ITMX=   10
                              MDS= -1   ND=  43
   1      0.3787821E-02 0.1702E-03  0.3787821E-02 0.1702E-03  0.000    
   2      0.3957845E-02 0.5455E-04  0.3943215E-02 0.5105E-04 0.8725    
   3      0.3935331E-02 0.3751E-04  0.3938039E-02 0.3008E-04 0.4394    
   4      0.3934902E-02 0.3301E-04  0.3936600E-02 0.2219E-04 0.2931    
   5      0.3925685E-02 0.3128E-04  0.3932921E-02 0.1808E-04 0.2397    
   6      0.3984699E-02 0.3056E-04  0.3946734E-02 0.1553E-04 0.6251    
   7      0.3959235E-02 0.3019E-04  0.3949391E-02 0.1380E-04 0.5424    
   8      0.3935065E-02 0.3006E-04  0.3946888E-02 0.1254E-04 0.4915    
   9      0.4010682E-02 0.3027E-04  0.3956576E-02 0.1158E-04 0.9167    
  10      0.3979175E-02 0.3016E-04  0.3959533E-02 0.1081E-04 0.8684    



 INPUT PARAMETERS FOR VEGAS:  NDIM=  3  NCALL=  194672000.
                              IT=    0  ITMX=   20
                              MDS= -1   ND=  46
   1      0.3960024E-02 0.8870E-05  0.3960024E-02 0.8870E-05  0.000    
   2      0.3954896E-02 0.8870E-05  0.3957463E-02 0.6272E-05 0.1671    
   3      0.3973803E-02 0.8883E-05  0.3962929E-02 0.5124E-05  1.215    
   4      0.3957352E-02 0.8860E-05  0.3961534E-02 0.4436E-05 0.9097    
   5      0.3965467E-02 0.8890E-05  0.3962320E-02 0.3969E-05 0.7212    
   6      0.3962355E-02 0.8871E-05  0.3962326E-02 0.3623E-05 0.5770    
   7      0.3967618E-02 0.8891E-05  0.3963081E-02 0.3355E-05 0.5314    
   8      0.3979436E-02 0.8886E-05  0.3965136E-02 0.3139E-05 0.8811    
   9      0.3971330E-02 0.8871E-05  0.3965827E-02 0.2959E-05 0.8250    
  10      0.3958715E-02 0.8871E-05  0.3965117E-02 0.2807E-05 0.7977    
  11      0.3974018E-02 0.8893E-05  0.3965927E-02 0.2677E-05 0.8091    
  12      0.3957546E-02 0.8863E-05  0.3965229E-02 0.2562E-05 0.8100    
  13      0.3958620E-02 0.8860E-05  0.3964721E-02 0.2462E-05 0.7854    
  14      0.3947339E-02 0.8856E-05  0.3963484E-02 0.2372E-05 0.9984    
  15      0.3964709E-02 0.8894E-05  0.3963566E-02 0.2292E-05 0.9283    
  16      0.3951635E-02 0.8862E-05  0.3962822E-02 0.2219E-05 0.9794    
  17      0.3970290E-02 0.8880E-05  0.3963262E-02 0.2152E-05 0.9598    
  18      0.3941878E-02 0.8877E-05  0.3962087E-02 0.2092E-05  1.223    
  19      0.3947749E-02 0.8870E-05  0.3961337E-02 0.2036E-05  1.292    
  20      0.3979396E-02 0.8875E-05  0.3962247E-02 0.1984E-05  1.432    
   
   
 Integral Delta:   3.9622474538388418E-003 +-   1.9844510222300061E-006
 with chisq    =   1.4324287013486121     
  
  
  
 For xq =          700 
  
 RM48 INITIALIZED:        40           0         0



 INPUT PARAMETERS FOR VEGAS:  NDIM=  3  NCALL=   19876750.
                              IT=    0  ITMX=   10
                              MDS= -1   ND=  43
   1      0.2971069E-03 0.1154E-04  0.2971069E-03 0.1154E-04  0.000    
   2      0.3266548E-03 0.4285E-05  0.3236313E-03 0.3880E-05  5.326    
   3      0.3217550E-03 0.3374E-05  0.3225352E-03 0.2528E-05  2.676    
   4      0.3284527E-03 0.3147E-05  0.3249709E-03 0.1959E-05  2.484    
   5      0.3254537E-03 0.3044E-05  0.3251166E-03 0.1644E-05  1.852    
   6      0.3220796E-03 0.2958E-05  0.3243929E-03 0.1437E-05  1.640    
   7      0.3189936E-03 0.2975E-05  0.3233795E-03 0.1294E-05  1.811    
   8      0.3214942E-03 0.2966E-05  0.3230760E-03 0.1186E-05  1.600    
   9      0.3228315E-03 0.2991E-05  0.3230424E-03 0.1102E-05  1.398    
  10      0.3258645E-03 0.2989E-05  0.3233899E-03 0.1034E-05  1.328    



 INPUT PARAMETERS FOR VEGAS:  NDIM=  3  NCALL=  194672000.
                              IT=    0  ITMX=   20
                              MDS= -1   ND=  46
   1      0.3215567E-03 0.8972E-06  0.3215567E-03 0.8972E-06  0.000    
   2      0.3206354E-03 0.8976E-06  0.3210975E-03 0.6345E-06 0.5270    
   3      0.3199166E-03 0.8965E-06  0.3207053E-03 0.5179E-06 0.8408    
   4      0.3216660E-03 0.8991E-06  0.3209457E-03 0.4488E-06 0.8463    
   5      0.3223804E-03 0.8984E-06  0.3212343E-03 0.4015E-06  1.146    
   6      0.3212831E-03 0.8987E-06  0.3212424E-03 0.3666E-06 0.9176    
   7      0.3215381E-03 0.8988E-06  0.3212846E-03 0.3394E-06 0.7800    
   8      0.3215576E-03 0.8999E-06  0.3213187E-03 0.3176E-06 0.6799    
   9      0.3223741E-03 0.8994E-06  0.3214364E-03 0.2995E-06 0.7483    
  10      0.3211342E-03 0.8965E-06  0.3214061E-03 0.2840E-06 0.6766    
  11      0.3222453E-03 0.8994E-06  0.3214826E-03 0.2709E-06 0.6882    
  12      0.3218892E-03 0.9000E-06  0.3215164E-03 0.2594E-06 0.6426    
  13      0.3221144E-03 0.9005E-06  0.3215624E-03 0.2492E-06 0.6229    
  14      0.3205468E-03 0.8973E-06  0.3214901E-03 0.2401E-06 0.6662    
  15      0.3228127E-03 0.9008E-06  0.3215785E-03 0.2320E-06 0.7631    
  16      0.3209826E-03 0.8984E-06  0.3215414E-03 0.2247E-06 0.7398    
  17      0.3219565E-03 0.8994E-06  0.3215658E-03 0.2180E-06 0.7060    
  18      0.3227433E-03 0.9022E-06  0.3216312E-03 0.2119E-06 0.7595    
  19      0.3190930E-03 0.8958E-06  0.3214987E-03 0.2062E-06  1.134    
  20      0.3210874E-03 0.8981E-06  0.3214782E-03 0.2010E-06  1.085    
   
   
 Integral Delta:   3.2147818622507306E-004 +-   2.0095650333987696E-007
 with chisq    =   1.0852342124410648     
  
  
  
 For xq =         1000 
  
 RM48 INITIALIZED:        40           0         0



 INPUT PARAMETERS FOR VEGAS:  NDIM=  3  NCALL=   19876750.
                              IT=    0  ITMX=   10
                              MDS= -1   ND=  43
   1      0.5820742E-04 0.1968E-05  0.5820742E-04 0.1968E-05  0.000    
   2      0.5617316E-04 0.7805E-06  0.5646706E-04 0.7351E-06 0.9466    
   3      0.5809887E-04 0.6515E-06  0.5739346E-04 0.4859E-06  1.852    
   4      0.5709837E-04 0.6043E-06  0.5727859E-04 0.3790E-06  1.287    
   5      0.5731367E-04 0.5919E-06  0.5728877E-04 0.3192E-06 0.9667    
   6      0.5728083E-04 0.5961E-06  0.5728701E-04 0.2815E-06 0.7738    
   7      0.5754801E-04 0.5904E-06  0.5733559E-04 0.2540E-06 0.6709    
   8      0.5696273E-04 0.5863E-06  0.5727740E-04 0.2332E-06 0.6243    
   9      0.5676822E-04 0.5854E-06  0.5720888E-04 0.2167E-06 0.6278    
  10      0.5595422E-04 0.5838E-06  0.5706311E-04 0.2032E-06 0.9955    



 INPUT PARAMETERS FOR VEGAS:  NDIM=  3  NCALL=  194672000.
                              IT=    0  ITMX=   20
                              MDS= -1   ND=  46
   1      0.5742446E-04 0.1809E-06  0.5742446E-04 0.1809E-06  0.000    
   2      0.5731724E-04 0.1808E-06  0.5737092E-04 0.1279E-06 0.1757    
   3      0.5739874E-04 0.1814E-06  0.5738016E-04 0.1045E-06 0.9569E-01
   4      0.5691728E-04 0.1807E-06  0.5726550E-04 0.9047E-07  1.690    
   5      0.5729499E-04 0.1812E-06  0.5727139E-04 0.8094E-07  1.273    
   6      0.5715581E-04 0.1808E-06  0.5725216E-04 0.7387E-07  1.087    
   7      0.5789084E-04 0.1816E-06  0.5734458E-04 0.6843E-07  2.700    
   8      0.5780577E-04 0.1817E-06  0.5740270E-04 0.6404E-07  3.125    
   9      0.5706546E-04 0.1808E-06  0.5736552E-04 0.6036E-07  3.121    
  10      0.5765965E-04 0.1814E-06  0.5739511E-04 0.5728E-07  3.036    
  11      0.5731444E-04 0.1809E-06  0.5738778E-04 0.5461E-07  2.752    
  12      0.5743044E-04 0.1811E-06  0.5739134E-04 0.5228E-07  2.506    
  13      0.5721690E-04 0.1809E-06  0.5737797E-04 0.5023E-07  2.369    
  14      0.5711159E-04 0.1808E-06  0.5735905E-04 0.4840E-07  2.342    
  15      0.5732910E-04 0.1810E-06  0.5735706E-04 0.4675E-07  2.177    
  16      0.5726877E-04 0.1807E-06  0.5735153E-04 0.4526E-07  2.047    
  17      0.5741499E-04 0.1811E-06  0.5735527E-04 0.4391E-07  1.926    
  18      0.5698903E-04 0.1807E-06  0.5733508E-04 0.4267E-07  2.040    
  19      0.5741741E-04 0.1811E-06  0.5733943E-04 0.4153E-07  1.937    
  20      0.5725016E-04 0.1806E-06  0.5733496E-04 0.4048E-07  1.847    
   
   
 Integral Delta:   5.7334959036793838E-005 +-   4.0476472449363819E-008
 with chisq    =   1.8474236426848640     
  
  
  
 For xq =         1300 
  
 RM48 INITIALIZED:        40           0         0



 INPUT PARAMETERS FOR VEGAS:  NDIM=  3  NCALL=   19876750.
                              IT=    0  ITMX=   10
                              MDS= -1   ND=  43
   1      0.1497356E-04 0.4735E-06  0.1497356E-04 0.4735E-06  0.000    
   2      0.1488792E-04 0.2078E-06  0.1490188E-04 0.1906E-06 0.2753E-01
   3      0.1459105E-04 0.1728E-06  0.1473482E-04 0.1287E-06 0.7392    
   4      0.1474409E-04 0.1673E-06  0.1473825E-04 0.1021E-06 0.4947    
   5      0.1475045E-04 0.1640E-06  0.1474164E-04 0.8668E-07 0.3725    
   6      0.1474985E-04 0.1634E-06  0.1474343E-04 0.7658E-07 0.2987    
   7      0.1481164E-04 0.1617E-06  0.1475596E-04 0.6921E-07 0.2730    
   8      0.1440789E-04 0.1606E-06  0.1470380E-04 0.6361E-07 0.7805    
   9      0.1492905E-04 0.1651E-06  0.1473357E-04 0.5934E-07 0.8875    
  10      0.1473223E-04 0.1626E-06  0.1473341E-04 0.5575E-07 0.7892    



 INPUT PARAMETERS FOR VEGAS:  NDIM=  3  NCALL=  194672000.
                              IT=    0  ITMX=   20
                              MDS= -1   ND=  46
   1      0.1464022E-04 0.5002E-07  0.1464022E-04 0.5002E-07  0.000    
   2      0.1472770E-04 0.5015E-07  0.1468411E-04 0.3542E-07  1.525    
   3      0.1468211E-04 0.5007E-07  0.1468344E-04 0.2891E-07 0.7633    
   4      0.1461105E-04 0.4999E-07  0.1466543E-04 0.2503E-07  1.031    
   5      0.1464350E-04 0.5001E-07  0.1466105E-04 0.2238E-07 0.8124    
   6      0.1470118E-04 0.5028E-07  0.1466771E-04 0.2045E-07 0.7561    
   7      0.1474467E-04 0.5039E-07  0.1467869E-04 0.1895E-07 0.9653    
   8      0.1466693E-04 0.5004E-07  0.1467722E-04 0.1772E-07 0.8345    
   9      0.1467855E-04 0.5023E-07  0.1467736E-04 0.1671E-07 0.7302    
  10      0.1464565E-04 0.5001E-07  0.1467419E-04 0.1585E-07 0.6894    
  11      0.1458946E-04 0.4982E-07  0.1466649E-04 0.1510E-07 0.8813    
  12      0.1466972E-04 0.5012E-07  0.1466676E-04 0.1446E-07 0.8015    
  13      0.1473752E-04 0.5014E-07  0.1467224E-04 0.1389E-07 0.8887    
  14      0.1473627E-04 0.5026E-07  0.1467682E-04 0.1339E-07 0.9367    
  15      0.1471250E-04 0.5011E-07  0.1467921E-04 0.1294E-07 0.9034    
  16      0.1462098E-04 0.4996E-07  0.1467558E-04 0.1252E-07 0.9279    
  17      0.1469393E-04 0.5013E-07  0.1467666E-04 0.1215E-07 0.8777    
  18      0.1469790E-04 0.5003E-07  0.1467785E-04 0.1181E-07 0.8360    
  19      0.1473900E-04 0.5023E-07  0.1468107E-04 0.1149E-07 0.8678    
  20      0.1459189E-04 0.4990E-07  0.1467663E-04 0.1120E-07 0.9805    
   
   
 Integral Delta:   1.4676630793254842E-005 +-   1.1201470750364068E-008
 with chisq    =  0.98053144235263756     
  
  
  
 For xq =         1600 
  
 RM48 INITIALIZED:        40           0         0



 INPUT PARAMETERS FOR VEGAS:  NDIM=  3  NCALL=   19876750.
                              IT=    0  ITMX=   10
                              MDS= -1   ND=  43
   1      0.4685010E-05 0.1434E-06  0.4685010E-05 0.1434E-06  0.000    
   2      0.4650853E-05 0.6590E-07  0.4656879E-05 0.6003E-07 0.4704E-01
   3      0.4627086E-05 0.5668E-07  0.4641260E-05 0.4128E-07 0.8861E-01
   4      0.4664231E-05 0.5521E-07  0.4649521E-05 0.3305E-07 0.9608E-01
   5      0.4633640E-05 0.5412E-07  0.4645238E-05 0.2822E-07 0.8780E-01
   6      0.4597713E-05 0.5389E-07  0.4635199E-05 0.2501E-07 0.1908    
   7      0.4592064E-05 0.5367E-07  0.4627640E-05 0.2268E-07 0.2466    
   8      0.4659110E-05 0.5370E-07  0.4632444E-05 0.2089E-07 0.2531    
   9      0.4620563E-05 0.5367E-07  0.4630892E-05 0.1947E-07 0.2269    
  10      0.4752399E-05 0.5456E-07  0.4645226E-05 0.1833E-07 0.7086    



 INPUT PARAMETERS FOR VEGAS:  NDIM=  3  NCALL=  194672000.
                              IT=    0  ITMX=   20
                              MDS= -1   ND=  46
   1      0.4638443E-05 0.1666E-07  0.4638443E-05 0.1666E-07  0.000    
   2      0.4618103E-05 0.1665E-07  0.4628311E-05 0.1178E-07 0.7458    
   3      0.4626163E-05 0.1667E-07  0.4627596E-05 0.9618E-08 0.3785    
   4      0.4623652E-05 0.1666E-07  0.4626612E-05 0.8330E-08 0.2665    
   5      0.4645601E-05 0.1669E-07  0.4630423E-05 0.7454E-08 0.4598    
   6      0.4603736E-05 0.1661E-07  0.4625992E-05 0.6800E-08 0.7951    
   7      0.4628550E-05 0.1663E-07  0.4626359E-05 0.6294E-08 0.6659    
   8      0.4613626E-05 0.1663E-07  0.4624771E-05 0.5886E-08 0.6441    
   9      0.4615613E-05 0.1667E-07  0.4623759E-05 0.5550E-08 0.5973    
  10      0.4636297E-05 0.1672E-07  0.4625010E-05 0.5268E-08 0.5872    
  11      0.4626195E-05 0.1667E-07  0.4625118E-05 0.5023E-08 0.5289    
  12      0.4612213E-05 0.1664E-07  0.4624046E-05 0.4809E-08 0.5309    
  13      0.4628457E-05 0.1666E-07  0.4624386E-05 0.4620E-08 0.4920    
  14      0.4600125E-05 0.1660E-07  0.4622658E-05 0.4451E-08 0.6056    
  15      0.4658972E-05 0.1673E-07  0.4625094E-05 0.4301E-08 0.8804    
  16      0.4605163E-05 0.1666E-07  0.4623859E-05 0.4165E-08 0.9109    
  17      0.4630143E-05 0.1668E-07  0.4624229E-05 0.4041E-08 0.8622    
  18      0.4662283E-05 0.1671E-07  0.4626363E-05 0.3927E-08  1.103    
  19      0.4607213E-05 0.1665E-07  0.4625362E-05 0.3823E-08  1.111    
  20      0.4624194E-05 0.1667E-07  0.4625304E-05 0.3726E-08  1.053    
   
   
 Integral Delta:   4.6253040456937333E-006 +-   3.7259191185240758E-009
 with chisq    =   1.0532450599895775     
  
  
  
 For xq =         1900 
  
 RM48 INITIALIZED:        40           0         0



 INPUT PARAMETERS FOR VEGAS:  NDIM=  3  NCALL=   19876750.
                              IT=    0  ITMX=   10
                              MDS= -1   ND=  43
   1      0.1611903E-05 0.4884E-07  0.1611903E-05 0.4884E-07  0.000    
   2      0.1668850E-05 0.2361E-07  0.1658658E-05 0.2103E-07  1.078    
   3      0.1685100E-05 0.2097E-07  0.1672271E-05 0.1478E-07 0.9287    
   4      0.1683042E-05 0.2043E-07  0.1676052E-05 0.1196E-07 0.6756    
   5      0.1650694E-05 0.1986E-07  0.1669378E-05 0.1025E-07 0.8050    
   6      0.1713990E-05 0.2034E-07  0.1678878E-05 0.9142E-08  1.435    
   7      0.1653084E-05 0.1999E-07  0.1674488E-05 0.8317E-08  1.426    
   8      0.1641895E-05 0.1978E-07  0.1669715E-05 0.7669E-08  1.549    
   9      0.1668951E-05 0.1994E-07  0.1669616E-05 0.7158E-08  1.355    
  10      0.1682230E-05 0.2021E-07  0.1671049E-05 0.6746E-08  1.241    



 INPUT PARAMETERS FOR VEGAS:  NDIM=  3  NCALL=  194672000.
                              IT=    0  ITMX=   20
                              MDS= -1   ND=  46
   1      0.1653809E-05 0.6190E-08  0.1653809E-05 0.6190E-08  0.000    
   2      0.1659309E-05 0.6196E-08  0.1656566E-05 0.4379E-08 0.3942    
   3      0.1661098E-05 0.6183E-08  0.1658085E-05 0.3574E-08 0.3760    
   4      0.1664690E-05 0.6202E-08  0.1659741E-05 0.3097E-08 0.5350    
   5      0.1652428E-05 0.6169E-08  0.1658280E-05 0.2767E-08 0.6812    
   6      0.1648809E-05 0.6166E-08  0.1656707E-05 0.2525E-08 0.9357    
   7      0.1655322E-05 0.6165E-08  0.1656508E-05 0.2336E-08 0.7871    
   8      0.1647574E-05 0.6172E-08  0.1655399E-05 0.2185E-08 0.9353    
   9      0.1656431E-05 0.6188E-08  0.1655514E-05 0.2060E-08 0.8213    
  10      0.1660481E-05 0.6188E-08  0.1656012E-05 0.1955E-08 0.7944    
  11      0.1658173E-05 0.6171E-08  0.1656210E-05 0.1864E-08 0.7260    
  12      0.1657709E-05 0.6184E-08  0.1656335E-05 0.1784E-08 0.6648    
  13      0.1667897E-05 0.6200E-08  0.1657231E-05 0.1715E-08 0.8795    
  14      0.1650950E-05 0.6186E-08  0.1656786E-05 0.1652E-08 0.8854    
  15      0.1647906E-05 0.6158E-08  0.1656195E-05 0.1596E-08 0.9600    
  16      0.1654735E-05 0.6184E-08  0.1656104E-05 0.1545E-08 0.8996    
  17      0.1655526E-05 0.6176E-08  0.1656070E-05 0.1499E-08 0.8439    
  18      0.1669702E-05 0.6215E-08  0.1656831E-05 0.1457E-08  1.065    
  19      0.1652829E-05 0.6183E-08  0.1656621E-05 0.1418E-08  1.028    
  20      0.1653180E-05 0.6171E-08  0.1656449E-05 0.1382E-08 0.9895    
   
   
 Integral Delta:   1.6564494489455210E-006 +-   1.3824353785025993E-009
 with chisq    =  0.98952104683643605     
  
  
  
 For xq =         2200 
  
 RM48 INITIALIZED:        40           0         0



 INPUT PARAMETERS FOR VEGAS:  NDIM=  3  NCALL=   19876750.
                              IT=    0  ITMX=   10
                              MDS= -1   ND=  43
   1      0.6175756E-06 0.1859E-07  0.6175756E-06 0.1859E-07  0.000    
   2      0.6480295E-06 0.9259E-08  0.6424313E-06 0.8170E-08  2.084    
   3      0.6490127E-06 0.8359E-08  0.6457291E-06 0.5820E-08  1.185    
   4      0.6523921E-06 0.8145E-08  0.6480465E-06 0.4726E-08 0.9313    
   5      0.6562367E-06 0.8171E-08  0.6501685E-06 0.4087E-08 0.8850    
   6      0.6374968E-06 0.7967E-08  0.6475763E-06 0.3638E-08  1.106    
   7      0.6447969E-06 0.8001E-08  0.6470986E-06 0.3311E-08 0.9375    
   8      0.6493963E-06 0.8002E-08  0.6474396E-06 0.3059E-08 0.8120    
   9      0.6459346E-06 0.7987E-08  0.6472463E-06 0.2857E-08 0.7140    
  10      0.6477381E-06 0.8075E-08  0.6473015E-06 0.2693E-08 0.6344    



 INPUT PARAMETERS FOR VEGAS:  NDIM=  3  NCALL=  194672000.
                              IT=    0  ITMX=   20
                              MDS= -1   ND=  46
   1      0.6495770E-06 0.2519E-08  0.6495770E-06 0.2519E-08  0.000    
   2      0.6473247E-06 0.2511E-08  0.6484510E-06 0.1779E-08 0.4009    
   3      0.6512403E-06 0.2521E-08  0.6493832E-06 0.1453E-08 0.6097    
   4      0.6454972E-06 0.2506E-08  0.6484139E-06 0.1257E-08  1.004    
   5      0.6459246E-06 0.2504E-08  0.6479158E-06 0.1124E-08 0.9506    
   6      0.6517698E-06 0.2505E-08  0.6485674E-06 0.1025E-08  1.156    
   7      0.6511318E-06 0.2516E-08  0.6489349E-06 0.9494E-09  1.112    
   8      0.6519826E-06 0.2511E-08  0.6493193E-06 0.8880E-09  1.137    
   9      0.6522496E-06 0.2518E-08  0.6496461E-06 0.8375E-09  1.146    
  10      0.6501071E-06 0.2507E-08  0.6496924E-06 0.7943E-09  1.022    
  11      0.6489430E-06 0.2504E-08  0.6496240E-06 0.7571E-09 0.9277    
  12      0.6476826E-06 0.2508E-08  0.6494627E-06 0.7248E-09 0.8935    
  13      0.6436064E-06 0.2499E-08  0.6490159E-06 0.6961E-09  1.236    
  14      0.6450051E-06 0.2512E-08  0.6487330E-06 0.6709E-09  1.322    
  15      0.6486524E-06 0.2511E-08  0.6487276E-06 0.6481E-09  1.228    
  16      0.6512501E-06 0.2505E-08  0.6488871E-06 0.6275E-09  1.209    
  17      0.6471355E-06 0.2513E-08  0.6487848E-06 0.6088E-09  1.162    
  18      0.6496484E-06 0.2504E-08  0.6488331E-06 0.5915E-09  1.100    
  19      0.6456619E-06 0.2509E-08  0.6486676E-06 0.5758E-09  1.123    
  20      0.6514024E-06 0.2516E-08  0.6488048E-06 0.5613E-09  1.123    
   
   
 Integral Delta:   6.4880475672671640E-007 +-   5.6125026247189290E-010
 with chisq    =   1.1230932639818174     
  
  
  
 For xq =         2500 
  
 RM48 INITIALIZED:        40           0         0



 INPUT PARAMETERS FOR VEGAS:  NDIM=  3  NCALL=   19876750.
                              IT=    0  ITMX=   10
                              MDS= -1   ND=  43
   1      0.2753049E-06 0.7810E-08  0.2753049E-06 0.7810E-08  0.000    
   2      0.2732961E-06 0.3876E-08  0.2736979E-06 0.3480E-08 0.5332E-01
   3      0.2759444E-06 0.3564E-08  0.2748009E-06 0.2488E-08 0.1285    
   4      0.2717866E-06 0.3451E-08  0.2737854E-06 0.2020E-08 0.2519    
   5      0.2735540E-06 0.3515E-08  0.2737281E-06 0.1752E-08 0.1899    
   6      0.2707270E-06 0.3451E-08  0.2731248E-06 0.1563E-08 0.2710    
   7      0.2732962E-06 0.3443E-08  0.2731541E-06 0.1423E-08 0.2262    
   8      0.2745465E-06 0.3476E-08  0.2733553E-06 0.1317E-08 0.2134    
   9      0.2685236E-06 0.3411E-08  0.2727485E-06 0.1229E-08 0.3997    
  10      0.2651517E-06 0.3432E-08  0.2719289E-06 0.1157E-08 0.8181    



 INPUT PARAMETERS FOR VEGAS:  NDIM=  3  NCALL=  194672000.
                              IT=    0  ITMX=   20
                              MDS= -1   ND=  46
   1      0.2710881E-06 0.1075E-08  0.2710881E-06 0.1075E-08  0.000    
   2      0.2718141E-06 0.1074E-08  0.2714524E-06 0.7596E-09 0.2284    
   3      0.2710276E-06 0.1074E-08  0.2713110E-06 0.6201E-09 0.1664    
   4      0.2723055E-06 0.1075E-08  0.2715606E-06 0.5372E-09 0.3256    
   5      0.2723839E-06 0.1074E-08  0.2717261E-06 0.4805E-09 0.3617    
   6      0.2709821E-06 0.1070E-08  0.2716019E-06 0.4383E-09 0.3697    
   7      0.2704890E-06 0.1071E-08  0.2714432E-06 0.4057E-09 0.4618    
   8      0.2702995E-06 0.1070E-08  0.2713006E-06 0.3793E-09 0.5380    
   9      0.2704768E-06 0.1072E-08  0.2712094E-06 0.3576E-09 0.5364    
  10      0.2734228E-06 0.1075E-08  0.2714330E-06 0.3393E-09 0.9055    
  11      0.2713095E-06 0.1073E-08  0.2714218E-06 0.3235E-09 0.8162    
  12      0.2720197E-06 0.1074E-08  0.2714718E-06 0.3098E-09 0.7677    
  13      0.2717957E-06 0.1075E-08  0.2714967E-06 0.2977E-09 0.7106    
  14      0.2696132E-06 0.1071E-08  0.2713633E-06 0.2868E-09 0.8748    
  15      0.2717389E-06 0.1073E-08  0.2713884E-06 0.2771E-09 0.8203    
  16      0.2695374E-06 0.1070E-08  0.2712735E-06 0.2682E-09 0.9512    
  17      0.2717099E-06 0.1076E-08  0.2712991E-06 0.2602E-09 0.9013    
  18      0.2713682E-06 0.1073E-08  0.2713030E-06 0.2529E-09 0.8484    
  19      0.2691338E-06 0.1069E-08  0.2711896E-06 0.2461E-09  1.016    
  20      0.2705403E-06 0.1073E-08  0.2711573E-06 0.2399E-09 0.9807    
   
   
 Integral Delta:   2.7115730592253743E-007 +-   2.3987993602851112E-010
 with chisq    =  0.98069363307066570     
  
  
  
 For xq =         2800 
  
 RM48 INITIALIZED:        40           0         0



 INPUT PARAMETERS FOR VEGAS:  NDIM=  3  NCALL=   19876750.
                              IT=    0  ITMX=   10
                              MDS= -1   ND=  43
   1      0.1148158E-06 0.3245E-08  0.1148158E-06 0.3245E-08  0.000    
   2      0.1185568E-06 0.1688E-08  0.1177998E-06 0.1484E-08  1.026    
   3      0.1163826E-06 0.1541E-08  0.1171200E-06 0.1069E-08 0.7332    
   4      0.1168305E-06 0.1524E-08  0.1170242E-06 0.8752E-09 0.4964    
   5      0.1177104E-06 0.1541E-08  0.1171939E-06 0.7607E-09 0.4088    
   6      0.1191978E-06 0.1532E-08  0.1176031E-06 0.6809E-09 0.6064    
   7      0.1154815E-06 0.1500E-08  0.1172496E-06 0.6202E-09 0.7783    
   8      0.1177559E-06 0.1539E-08  0.1173212E-06 0.5752E-09 0.6795    
   9      0.1182880E-06 0.1538E-08  0.1174419E-06 0.5387E-09 0.6372    
  10      0.1194875E-06 0.1547E-08  0.1176709E-06 0.5086E-09 0.7428    



 INPUT PARAMETERS FOR VEGAS:  NDIM=  3  NCALL=  194672000.
                              IT=    0  ITMX=   20
                              MDS= -1   ND=  46
   1      0.1185096E-06 0.4775E-09  0.1185096E-06 0.4775E-09  0.000    
   2      0.1194571E-06 0.4813E-09  0.1189833E-06 0.3390E-09  1.953    
   3      0.1179948E-06 0.4762E-09  0.1186545E-06 0.2762E-09  2.404    
   4      0.1183909E-06 0.4761E-09  0.1185884E-06 0.2389E-09  1.681    
   5      0.1180442E-06 0.4755E-09  0.1184795E-06 0.2135E-09  1.523    
   6      0.1181814E-06 0.4763E-09  0.1184298E-06 0.1948E-09  1.284    
   7      0.1174441E-06 0.4746E-09  0.1182898E-06 0.1802E-09  1.681    
   8      0.1179048E-06 0.4760E-09  0.1182418E-06 0.1685E-09  1.523    
   9      0.1186574E-06 0.4790E-09  0.1182878E-06 0.1590E-09  1.416    
  10      0.1189268E-06 0.4757E-09  0.1183527E-06 0.1508E-09  1.439    
  11      0.1191132E-06 0.4777E-09  0.1184224E-06 0.1438E-09  1.527    
  12      0.1191616E-06 0.4780E-09  0.1184844E-06 0.1377E-09  1.588    
  13      0.1186408E-06 0.4782E-09  0.1184964E-06 0.1323E-09  1.463    
  14      0.1187108E-06 0.4792E-09  0.1185117E-06 0.1276E-09  1.365    
  15      0.1186169E-06 0.4783E-09  0.1185187E-06 0.1232E-09  1.270    
  16      0.1177851E-06 0.4759E-09  0.1184731E-06 0.1193E-09  1.333    
  17      0.1178850E-06 0.4766E-09  0.1184387E-06 0.1157E-09  1.340    
  18      0.1184382E-06 0.4758E-09  0.1184387E-06 0.1125E-09  1.261    
  19      0.1181269E-06 0.4762E-09  0.1184223E-06 0.1094E-09  1.214    
  20      0.1181750E-06 0.4769E-09  0.1184100E-06 0.1067E-09  1.163    
   
   
 Integral Delta:   1.1840999452143631E-007 +-   1.0667434898198747E-010
 with chisq    =   1.1633307689765910     
  
  
  
 For xq =         3100 
  
 RM48 INITIALIZED:        40           0         0



 INPUT PARAMETERS FOR VEGAS:  NDIM=  3  NCALL=   19876750.
                              IT=    0  ITMX=   10
                              MDS= -1   ND=  43
   1      0.5365812E-07 0.1479E-08  0.5365812E-07 0.1479E-08  0.000    
   2      0.5516390E-07 0.7742E-09  0.5485383E-07 0.6806E-09 0.8004    
   3      0.5453973E-07 0.7256E-09  0.5470648E-07 0.4963E-09 0.4495    
   4      0.5364998E-07 0.7041E-09  0.5436281E-07 0.4061E-09 0.7970    
   5      0.5317738E-07 0.6975E-09  0.5407161E-07 0.3513E-09  1.130    
   6      0.5394820E-07 0.7063E-09  0.5404720E-07 0.3146E-09 0.9093    
   7      0.5383189E-07 0.7043E-09  0.5401160E-07 0.2873E-09 0.7715    
   8      0.5278854E-07 0.6987E-09  0.5384150E-07 0.2658E-09  1.027    
   9      0.5276394E-07 0.6942E-09  0.5370856E-07 0.2483E-09  1.157    
  10      0.5358668E-07 0.7099E-09  0.5369534E-07 0.2344E-09  1.032    



 INPUT PARAMETERS FOR VEGAS:  NDIM=  3  NCALL=  194672000.
                              IT=    0  ITMX=   20
                              MDS= -1   ND=  46
   1      0.5356735E-07 0.2192E-09  0.5356735E-07 0.2192E-09  0.000    
   2      0.5279565E-07 0.2169E-09  0.5318315E-07 0.1542E-09  6.262    
   3      0.5334752E-07 0.2187E-09  0.5323796E-07 0.1260E-09  3.314    
   4      0.5339600E-07 0.2192E-09  0.5327739E-07 0.1093E-09  2.336    
   5      0.5363880E-07 0.2197E-09  0.5334985E-07 0.9782E-10  2.295    
   6      0.5368385E-07 0.2187E-09  0.5340613E-07 0.8929E-10  2.224    
   7      0.5348118E-07 0.2193E-09  0.5341683E-07 0.8270E-10  1.869    
   8      0.5342500E-07 0.2184E-09  0.5341785E-07 0.7734E-10  1.602    
   9      0.5308547E-07 0.2176E-09  0.5338098E-07 0.7287E-10  1.660    
  10      0.5369485E-07 0.2188E-09  0.5341265E-07 0.6914E-10  1.682    
  11      0.5328579E-07 0.2187E-09  0.5340118E-07 0.6592E-10  1.545    
  12      0.5324639E-07 0.2184E-09  0.5338832E-07 0.6311E-10  1.447    
  13      0.5321716E-07 0.2188E-09  0.5337526E-07 0.6064E-10  1.374    
  14      0.5310310E-07 0.2181E-09  0.5335591E-07 0.5842E-10  1.379    
  15      0.5288841E-07 0.2172E-09  0.5332488E-07 0.5642E-10  1.586    
  16      0.5348136E-07 0.2186E-09  0.5333471E-07 0.5463E-10  1.512    
  17      0.5323000E-07 0.2179E-09  0.5332854E-07 0.5299E-10  1.431    
  18      0.5337451E-07 0.2189E-09  0.5333109E-07 0.5150E-10  1.349    
  19      0.5306194E-07 0.2181E-09  0.5331701E-07 0.5012E-10  1.354    
  20      0.5324748E-07 0.2186E-09  0.5331355E-07 0.4886E-10  1.288    
   
   
 Integral Delta:   5.3313545191418171E-008 +-   4.8855881465362455E-011
 with chisq    =   1.2884097509145669     
  
  
  
 For xq =         3400 
  
 RM48 INITIALIZED:        40           0         0



 INPUT PARAMETERS FOR VEGAS:  NDIM=  3  NCALL=   19876750.
                              IT=    0  ITMX=   10
                              MDS= -1   ND=  43
   1      0.2442791E-07 0.6797E-09  0.2442791E-07 0.6797E-09  0.000    
   2      0.2502143E-07 0.3543E-09  0.2489935E-07 0.3120E-09 0.5911    
   3      0.2465627E-07 0.3340E-09  0.2478642E-07 0.2281E-09 0.4373    
   4      0.2422617E-07 0.3257E-09  0.2460684E-07 0.1871E-09 0.9451    
   5      0.2463024E-07 0.3300E-09  0.2461255E-07 0.1628E-09 0.7093    
   6      0.2463612E-07 0.3250E-09  0.2461729E-07 0.1455E-09 0.5679    
   7      0.2473322E-07 0.3273E-09  0.2463660E-07 0.1330E-09 0.4901    
   8      0.2389330E-07 0.3200E-09  0.2453263E-07 0.1229E-09  1.052    
   9      0.2438955E-07 0.3225E-09  0.2451468E-07 0.1148E-09 0.9432    
  10      0.2459574E-07 0.3288E-09  0.2452354E-07 0.1084E-09 0.8439    



 INPUT PARAMETERS FOR VEGAS:  NDIM=  3  NCALL=  194672000.
                              IT=    0  ITMX=   20
                              MDS= -1   ND=  46
   1      0.2458422E-07 0.1018E-09  0.2458422E-07 0.1018E-09  0.000    
   2      0.2436794E-07 0.1011E-09  0.2447622E-07 0.7175E-10  2.272    
   3      0.2455615E-07 0.1014E-09  0.2450302E-07 0.5856E-10  1.341    
   4      0.2454290E-07 0.1015E-09  0.2451301E-07 0.5072E-10 0.9319    
   5      0.2453136E-07 0.1012E-09  0.2451670E-07 0.4535E-10 0.7053    
   6      0.2464000E-07 0.1018E-09  0.2453730E-07 0.4142E-10 0.8099    
   7      0.2442383E-07 0.1015E-09  0.2452124E-07 0.3835E-10 0.8531    
   8      0.2458054E-07 0.1017E-09  0.2452866E-07 0.3588E-10 0.7735    
   9      0.2453633E-07 0.1013E-09  0.2452951E-07 0.3382E-10 0.6774    
  10      0.2448982E-07 0.1012E-09  0.2452554E-07 0.3208E-10 0.6177    
  11      0.2441791E-07 0.1010E-09  0.2451575E-07 0.3057E-10 0.6588    
  12      0.2437869E-07 0.1011E-09  0.2450438E-07 0.2926E-10 0.7512    
  13      0.2454015E-07 0.1013E-09  0.2450714E-07 0.2811E-10 0.6981    
  14      0.2449731E-07 0.1017E-09  0.2450644E-07 0.2710E-10 0.6451    
  15      0.2439927E-07 0.1013E-09  0.2449935E-07 0.2618E-10 0.6734    
  16      0.2460415E-07 0.1015E-09  0.2450594E-07 0.2535E-10 0.6953    
  17      0.2465732E-07 0.1017E-09  0.2451489E-07 0.2460E-10 0.7832    
  18      0.2446716E-07 0.1013E-09  0.2451224E-07 0.2390E-10 0.7496    
  19      0.2453996E-07 0.1017E-09  0.2451370E-07 0.2327E-10 0.7118    
  20      0.2455056E-07 0.1013E-09  0.2451555E-07 0.2268E-10 0.6808    
   
   
 Integral Delta:   2.4515549377674469E-008 +-   2.2675648606272308E-011
 with chisq    =  0.68082930140981190     
  
  
  
 For xq =         3700 
  
 RM48 INITIALIZED:        40           0         0



 INPUT PARAMETERS FOR VEGAS:  NDIM=  3  NCALL=   19876750.
                              IT=    0  ITMX=   10
                              MDS= -1   ND=  43
   1      0.1162364E-07 0.3191E-09  0.1162364E-07 0.3191E-09  0.000    
   2      0.1150523E-07 0.1630E-09  0.1153014E-07 0.1456E-09 0.1099    
   3      0.1170040E-07 0.1563E-09  0.1161027E-07 0.1064E-09 0.3736    
   4      0.1149242E-07 0.1555E-09  0.1157322E-07 0.8786E-10 0.3796    
   5      0.1137413E-07 0.1541E-09  0.1152572E-07 0.7639E-10 0.5953    
   6      0.1125111E-07 0.1534E-09  0.1147331E-07 0.6843E-10 0.9775    
   7      0.1138513E-07 0.1533E-09  0.1145888E-07 0.6250E-10 0.8621    
   8      0.1147440E-07 0.1552E-09  0.1146105E-07 0.5798E-10 0.7403    
   9      0.1170975E-07 0.1568E-09  0.1149204E-07 0.5437E-10 0.9301    
  10      0.1155910E-07 0.1554E-09  0.1149941E-07 0.5132E-10 0.8445    



 INPUT PARAMETERS FOR VEGAS:  NDIM=  3  NCALL=  194672000.
                              IT=    0  ITMX=   20
                              MDS= -1   ND=  46
   1      0.1150416E-07 0.4824E-10  0.1150416E-07 0.4824E-10  0.000    
   2      0.1148502E-07 0.4821E-10  0.1149460E-07 0.3410E-10 0.7870E-01
   3      0.1153277E-07 0.4838E-10  0.1150732E-07 0.2787E-10 0.2476    
   4      0.1142509E-07 0.4815E-10  0.1148690E-07 0.2412E-10 0.8887    
   5      0.1146427E-07 0.4819E-10  0.1148238E-07 0.2157E-10 0.7111    
   6      0.1147192E-07 0.4819E-10  0.1148064E-07 0.1969E-10 0.5769    
   7      0.1147635E-07 0.4821E-10  0.1148003E-07 0.1823E-10 0.4819    
   8      0.1148678E-07 0.4825E-10  0.1148087E-07 0.1705E-10 0.4154    
   9      0.1149557E-07 0.4814E-10  0.1148251E-07 0.1607E-10 0.3738    
  10      0.1146198E-07 0.4807E-10  0.1148045E-07 0.1524E-10 0.3505    
  11      0.1149129E-07 0.4828E-10  0.1148144E-07 0.1454E-10 0.3200    
  12      0.1147274E-07 0.4822E-10  0.1148071E-07 0.1392E-10 0.2937    
  13      0.1138753E-07 0.4809E-10  0.1147362E-07 0.1337E-10 0.5543    
  14      0.1129682E-07 0.4795E-10  0.1146123E-07 0.1288E-10  1.458    
  15      0.1146886E-07 0.4822E-10  0.1146174E-07 0.1244E-10  1.355    
  16      0.1145388E-07 0.4808E-10  0.1146124E-07 0.1205E-10  1.267    
  17      0.1143841E-07 0.4820E-10  0.1145991E-07 0.1169E-10  1.201    
  18      0.1139469E-07 0.4798E-10  0.1145629E-07 0.1135E-10  1.233    
  19      0.1142693E-07 0.4803E-10  0.1145475E-07 0.1105E-10  1.184    
  20      0.1150003E-07 0.4829E-10  0.1145702E-07 0.1077E-10  1.165    
   
   
 Integral Delta:   1.1457017636718022E-008 +-   1.0770914933206932E-011
 with chisq    =   1.1654551138767000     
  
  
  
 For xq =         4000 
  
 RM48 INITIALIZED:        40           0         0



 INPUT PARAMETERS FOR VEGAS:  NDIM=  3  NCALL=   19876750.
                              IT=    0  ITMX=   10
                              MDS= -1   ND=  43
   1      0.5398812E-08 0.1475E-09  0.5398812E-08 0.1475E-09  0.000    
   2      0.5489648E-08 0.7763E-10  0.5470445E-08 0.6837E-10 0.2943    
   3      0.5284831E-08 0.7225E-10  0.5385508E-08 0.4986E-10  1.870    
   4      0.5483651E-08 0.7468E-10  0.5416481E-08 0.4143E-10  1.640    
   5      0.5416626E-08 0.7253E-10  0.5416517E-08 0.3597E-10  1.230    
   6      0.5390465E-08 0.7470E-10  0.5411649E-08 0.3241E-10  1.005    
   7      0.5423700E-08 0.7317E-10  0.5413634E-08 0.2963E-10 0.8406    
   8      0.5281248E-08 0.7157E-10  0.5395061E-08 0.2739E-10  1.127    
   9      0.5331047E-08 0.7351E-10  0.5387420E-08 0.2567E-10  1.071    
  10      0.5336432E-08 0.7333E-10  0.5381949E-08 0.2423E-10  1.001    



 INPUT PARAMETERS FOR VEGAS:  NDIM=  3  NCALL=  194672000.
                              IT=    0  ITMX=   20
                              MDS= -1   ND=  46
   1      0.5389879E-08 0.2289E-10  0.5389879E-08 0.2289E-10  0.000    
   2      0.5432445E-08 0.2305E-10  0.5411184E-08 0.1624E-10  1.717    
   3      0.5413926E-08 0.2297E-10  0.5412098E-08 0.1326E-10 0.8630    
   4      0.5425978E-08 0.2307E-10  0.5415559E-08 0.1150E-10 0.6655    
   5      0.5380531E-08 0.2292E-10  0.5408590E-08 0.1028E-10 0.9633    
   6      0.5380719E-08 0.2289E-10  0.5403955E-08 0.9376E-11  1.017    
   7      0.5381221E-08 0.2298E-10  0.5400734E-08 0.8681E-11 0.9875    
   8      0.5352905E-08 0.2290E-10  0.5394818E-08 0.8117E-11  1.386    
   9      0.5382130E-08 0.2290E-10  0.5393407E-08 0.7651E-11  1.247    
  10      0.5377001E-08 0.2298E-10  0.5391779E-08 0.7259E-11  1.160    
  11      0.5407557E-08 0.2310E-10  0.5393205E-08 0.6925E-11  1.086    
  12      0.5428035E-08 0.2302E-10  0.5396129E-08 0.6632E-11  1.179    
  13      0.5422478E-08 0.2307E-10  0.5398158E-08 0.6374E-11  1.181    
  14      0.5387272E-08 0.2314E-10  0.5397393E-08 0.6145E-11  1.107    
  15      0.5416043E-08 0.2301E-10  0.5398642E-08 0.5937E-11  1.071    
  16      0.5441810E-08 0.2306E-10  0.5401366E-08 0.5749E-11  1.221    
  17      0.5350500E-08 0.2290E-10  0.5398404E-08 0.5576E-11  1.431    
  18      0.5332108E-08 0.2285E-10  0.5394762E-08 0.5417E-11  1.806    
  19      0.5389325E-08 0.2307E-10  0.5394479E-08 0.5274E-11  1.709    
  20      0.5355882E-08 0.2298E-10  0.5392574E-08 0.5140E-11  1.759    
   
   
 Integral Delta:   5.3925741963956910E-009 +-   5.1402097851901004E-012
 with chisq    =   1.7592320462285236     
  
  
  
 For xq =         4300 
  
 RM48 INITIALIZED:        40           0         0



 INPUT PARAMETERS FOR VEGAS:  NDIM=  3  NCALL=   19876750.
                              IT=    0  ITMX=   10
                              MDS= -1   ND=  43
   1      0.2555247E-08 0.6839E-10  0.2555247E-08 0.6839E-10  0.000    
   2      0.2583005E-08 0.3643E-10  0.2576972E-08 0.3206E-10 0.1275    
   3      0.2523176E-08 0.3426E-10  0.2552343E-08 0.2347E-10 0.7168    
   4      0.2531839E-08 0.3542E-10  0.2546163E-08 0.1957E-10 0.5570    
   5      0.2525057E-08 0.3507E-10  0.2541221E-08 0.1710E-10 0.4876    
   6      0.2543708E-08 0.3482E-10  0.2541705E-08 0.1535E-10 0.3909    
   7      0.2556305E-08 0.3558E-10  0.2544013E-08 0.1409E-10 0.3491    
   8      0.2555515E-08 0.3508E-10  0.2545621E-08 0.1307E-10 0.3122    
   9      0.2552998E-08 0.3464E-10  0.2546545E-08 0.1223E-10 0.2780    
  10      0.2545481E-08 0.3475E-10  0.2546428E-08 0.1154E-10 0.2473    



 INPUT PARAMETERS FOR VEGAS:  NDIM=  3  NCALL=  194672000.
                              IT=    0  ITMX=   20
                              MDS= -1   ND=  46
   1      0.2541769E-08 0.1080E-10  0.2541769E-08 0.1080E-10  0.000    
   2      0.2551202E-08 0.1083E-10  0.2546491E-08 0.7649E-11 0.3803    
   3      0.2549928E-08 0.1085E-10  0.2547634E-08 0.6252E-11 0.2235    
   4      0.2553766E-08 0.1087E-10  0.2549164E-08 0.5419E-11 0.2288    
   5      0.2555430E-08 0.1086E-10  0.2550418E-08 0.4849E-11 0.2382    
   6      0.2550638E-08 0.1088E-10  0.2550454E-08 0.4430E-11 0.1906    
   7      0.2541122E-08 0.1084E-10  0.2549128E-08 0.4101E-11 0.2643    
   8      0.2540286E-08 0.1080E-10  0.2548021E-08 0.3834E-11 0.3099    
   9      0.2545315E-08 0.1084E-10  0.2547721E-08 0.3614E-11 0.2782    
  10      0.2562375E-08 0.1087E-10  0.2549195E-08 0.3429E-11 0.4305    
  11      0.2554039E-08 0.1085E-10  0.2549636E-08 0.3270E-11 0.4055    
  12      0.2552588E-08 0.1089E-10  0.2549881E-08 0.3132E-11 0.3747    
  13      0.2542263E-08 0.1082E-10  0.2549295E-08 0.3008E-11 0.3816    
  14      0.2526603E-08 0.1078E-10  0.2547684E-08 0.2898E-11 0.6639    
  15      0.2563248E-08 0.1084E-10  0.2548733E-08 0.2799E-11 0.7548    
  16      0.2543725E-08 0.1078E-10  0.2548418E-08 0.2710E-11 0.7181    
  17      0.2538914E-08 0.1082E-10  0.2547861E-08 0.2628E-11 0.7186    
  18      0.2537558E-08 0.1082E-10  0.2547291E-08 0.2554E-11 0.7267    
  19      0.2540268E-08 0.1081E-10  0.2546921E-08 0.2486E-11 0.7086    
  20      0.2522098E-08 0.1073E-10  0.2545680E-08 0.2421E-11 0.9348    
   
   
 Integral Delta:   2.5456795611514684E-009 +-   2.4214367765685037E-012
 with chisq    =  0.93482453093034434     
  
  
  
 For xq =         4600 
  
 RM48 INITIALIZED:        40           0         0



 INPUT PARAMETERS FOR VEGAS:  NDIM=  3  NCALL=   19876750.
                              IT=    0  ITMX=   10
                              MDS= -1   ND=  43
   1      0.1234869E-08 0.3257E-10  0.1234869E-08 0.3257E-10  0.000    
   2      0.1181553E-08 0.1687E-10  0.1193634E-08 0.1517E-10  2.164    
   3      0.1208711E-08 0.1642E-10  0.1200580E-08 0.1114E-10  1.310    
   4      0.1219083E-08 0.1690E-10  0.1206255E-08 0.9297E-11  1.150    
   5      0.1203635E-08 0.1658E-10  0.1205635E-08 0.8111E-11 0.8694    
   6      0.1213245E-08 0.1670E-10  0.1207094E-08 0.7296E-11 0.7286    
   7      0.1205536E-08 0.1661E-10  0.1206844E-08 0.6680E-11 0.6090    
   8      0.1205304E-08 0.1653E-10  0.1206629E-08 0.6194E-11 0.5236    
   9      0.1220212E-08 0.1655E-10  0.1208325E-08 0.5800E-11 0.5321    
  10      0.1190000E-08 0.1624E-10  0.1206312E-08 0.5463E-11 0.5968    



 INPUT PARAMETERS FOR VEGAS:  NDIM=  3  NCALL=  194672000.
                              IT=    0  ITMX=   20
                              MDS= -1   ND=  46
   1      0.1205437E-08 0.5103E-11  0.1205437E-08 0.5103E-11  0.000    
   2      0.1196490E-08 0.5074E-11  0.1200972E-08 0.3598E-11  1.546    
   3      0.1196567E-08 0.5076E-11  0.1199506E-08 0.2936E-11  1.025    
   4      0.1199321E-08 0.5095E-11  0.1199460E-08 0.2543E-11 0.6835    
   5      0.1205859E-08 0.5120E-11  0.1200737E-08 0.2278E-11 0.8267    
   6      0.1199376E-08 0.5094E-11  0.1200511E-08 0.2079E-11 0.6735    
   7      0.1196274E-08 0.5085E-11  0.1199907E-08 0.1925E-11 0.6604    
   8      0.1199805E-08 0.5087E-11  0.1199895E-08 0.1800E-11 0.5662    
   9      0.1204824E-08 0.5117E-11  0.1200442E-08 0.1698E-11 0.5989    
  10      0.1197698E-08 0.5107E-11  0.1200170E-08 0.1611E-11 0.5613    
  11      0.1201330E-08 0.5109E-11  0.1200275E-08 0.1537E-11 0.5098    
  12      0.1205538E-08 0.5108E-11  0.1200715E-08 0.1472E-11 0.5523    
  13      0.1200601E-08 0.5110E-11  0.1200706E-08 0.1414E-11 0.5063    
  14      0.1200151E-08 0.5086E-11  0.1200667E-08 0.1362E-11 0.4682    
  15      0.1196606E-08 0.5089E-11  0.1200397E-08 0.1316E-11 0.4771    
  16      0.1203955E-08 0.5111E-11  0.1200619E-08 0.1275E-11 0.4756    
  17      0.1192353E-08 0.5070E-11  0.1200134E-08 0.1236E-11 0.6006    
  18      0.1207204E-08 0.5114E-11  0.1200529E-08 0.1201E-11 0.6722    
  19      0.1200273E-08 0.5095E-11  0.1200515E-08 0.1169E-11 0.6350    
  20      0.1203351E-08 0.5103E-11  0.1200657E-08 0.1140E-11 0.6170    
   
   
 Integral Delta:   1.2006574639306828E-009 +-   1.1398669924055720E-012
 with chisq    =  0.61698728529436808     
  
  
  
 For xq =         4900 
  
 RM48 INITIALIZED:        40           0         0



 INPUT PARAMETERS FOR VEGAS:  NDIM=  3  NCALL=   19876750.
                              IT=    0  ITMX=   10
                              MDS= -1   ND=  43
   1      0.5590519E-09 0.1496E-10  0.5590519E-09 0.1496E-10  0.000    
   2      0.5832839E-09 0.8122E-11  0.5781207E-09 0.7057E-11  1.977    
   3      0.5664099E-09 0.7706E-11  0.5728289E-09 0.5210E-11  1.620    
   4      0.5629088E-09 0.7865E-11  0.5698535E-09 0.4346E-11  1.451    
   5      0.5608013E-09 0.7740E-11  0.5677251E-09 0.3791E-11  1.350    
   6      0.5616967E-09 0.7782E-11  0.5665848E-09 0.3409E-11  1.179    
   7      0.5706603E-09 0.7841E-11  0.5672422E-09 0.3126E-11  1.018    
   8      0.5682275E-09 0.7736E-11  0.5673812E-09 0.2898E-11 0.8742    
   9      0.5622550E-09 0.7679E-11  0.5667508E-09 0.2712E-11 0.8145    
  10      0.5616542E-09 0.7686E-11  0.5661946E-09 0.2558E-11 0.7680    



 INPUT PARAMETERS FOR VEGAS:  NDIM=  3  NCALL=  194672000.
                              IT=    0  ITMX=   20
                              MDS= -1   ND=  46
   1      0.5641617E-09 0.2398E-11  0.5641617E-09 0.2398E-11  0.000    
   2      0.5574450E-09 0.2381E-11  0.5608188E-09 0.1690E-11  3.950    
   3      0.5644887E-09 0.2406E-11  0.5620413E-09 0.1383E-11  2.749    
   4      0.5621796E-09 0.2400E-11  0.5620757E-09 0.1198E-11  1.833    
   5      0.5619533E-09 0.2394E-11  0.5620512E-09 0.1072E-11  1.376    
   6      0.5658990E-09 0.2408E-11  0.5626943E-09 0.9790E-12  1.528    
   7      0.5626157E-09 0.2388E-11  0.5626830E-09 0.9058E-12  1.273    
   8      0.5637168E-09 0.2399E-11  0.5628124E-09 0.8474E-12  1.114    
   9      0.5651154E-09 0.2399E-11  0.5630697E-09 0.7990E-12  1.077    
  10      0.5646730E-09 0.2397E-11  0.5632308E-09 0.7581E-12  1.002    
  11      0.5629900E-09 0.2395E-11  0.5632089E-09 0.7227E-12 0.9027    
  12      0.5587870E-09 0.2394E-11  0.5628450E-09 0.6919E-12  1.102    
  13      0.5595512E-09 0.2398E-11  0.5625946E-09 0.6648E-12  1.155    
  14      0.5612401E-09 0.2397E-11  0.5624983E-09 0.6406E-12  1.089    
  15      0.5617954E-09 0.2398E-11  0.5624516E-09 0.6189E-12  1.017    
  16      0.5611742E-09 0.2388E-11  0.5623715E-09 0.5991E-12 0.9675    
  17      0.5578247E-09 0.2389E-11  0.5621066E-09 0.5811E-12  1.118    
  18      0.5630129E-09 0.2396E-11  0.5621571E-09 0.5647E-12  1.060    
  19      0.5639574E-09 0.2408E-11  0.5622516E-09 0.5498E-12  1.030    
  20      0.5602945E-09 0.2391E-11  0.5621539E-09 0.5358E-12  1.010    
   
   
 Integral Delta:   5.6215391715624193E-010 +-   5.3583701024754878E-013
 with chisq    =   1.0096527709175669     
  
  
  
    xq         Integral Delta                 error
    100      0.111362634933654E+01      0.260363669119354E-03
    400      0.396224745383884E-02      0.198445102223001E-05
    700      0.321478186225073E-03      0.200956503339877E-06
   1000      0.573349590367938E-04      0.404764724493638E-07
   1300      0.146766307932548E-04      0.112014707503641E-07
   1600      0.462530404569373E-05      0.372591911852408E-08
   1900      0.165644944894552E-05      0.138243537850260E-08
   2200      0.648804756726716E-06      0.561250262471893E-09
   2500      0.271157305922537E-06      0.239879936028511E-09
   2800      0.118409994521436E-06      0.106674348981987E-09
   3100      0.533135451914182E-07      0.488558814653625E-10
   3400      0.245155493776745E-07      0.226756486062723E-10
   3700      0.114570176367180E-07      0.107709149332069E-10
   4000      0.539257419639569E-08      0.514020978519010E-11
   4300      0.254567956115147E-08      0.242143677656850E-11
   4600      0.120065746393068E-08      0.113986699240557E-11
   4900      0.562153917156242E-09      0.535837010247549E-12
Thanks for using LHAPDF 6.5.4. Please make sure to cite the paper:
  Eur.Phys.J. C75 (2015) 3, 132  (http://arxiv.org/abs/1412.7420)
 Writing your data in ../summary/run_02/PK_Delta.dat
LHAPDF 6.5.4 loading /home/niraj/1TB-Disc/Workspace-IITG/Packages/Install/LHAPDF-6.5.4/install/share/LHAPDF/MMHT2014nlo68cl/MMHT2014nlo68cl_0000.dat
MMHT2014nlo68cl PDF set, member #0, version 3; LHAPDF ID = 25100
   
   
 ~~~~~~~~~~~~~~~~~~~~~~~~~~~~~~~~~~~~~~~~~~~~
     Calculating Delta Functions
 ~~~~~~~~~~~~~~~~~~~~~~~~~~~~~~~~~~~~~~~~~~~~
   
 ~~~~~~~~~~~~~~~~~~~~~~~~~~~~~~~~~~~~~~~~
Using Vegas points:                   2.E+07
         Iteration:                   10
 ~~~~~~~~~~~~~~~~~~~~~~~~~~~~~~~~~~~~~~~~
  
 For xq =          100 
  
 RM48 INITIALIZED:        40           0         0



 INPUT PARAMETERS FOR VEGAS:  NDIM=  3  NCALL=   19876750.
                              IT=    0  ITMX=   10
                              MDS= -1   ND=  43
   1      0.1998149E-01 0.1500E-02  0.1998149E-01 0.1500E-02  0.000    
   2      0.2132493E-01 0.3952E-03  0.2124771E-01 0.3718E-03 0.7073    
   3      0.2051964E-01 0.2022E-03  0.2068760E-01 0.1782E-03  1.837    
   4      0.2105637E-01 0.1331E-03  0.2092789E-01 0.1057E-03  2.132    
   5      0.2098994E-01 0.1045E-03  0.2095965E-01 0.7405E-04  1.635    
   6      0.2096393E-01 0.9401E-04  0.2096131E-01 0.5806E-04  1.304    
   7      0.2075565E-01 0.8929E-04  0.2090042E-01 0.4869E-04  1.707    
   8      0.2097112E-01 0.8750E-04  0.2091734E-01 0.4251E-04  1.532    
   9      0.2093781E-01 0.8614E-04  0.2092138E-01 0.3810E-04  1.345    
  10      0.2105309E-01 0.8557E-04  0.2094356E-01 0.3479E-04  1.416    



 INPUT PARAMETERS FOR VEGAS:  NDIM=  3  NCALL=  194672000.
                              IT=    0  ITMX=   20
                              MDS= -1   ND=  46
   1      0.2095224E-01 0.2192E-04  0.2095224E-01 0.2192E-04  0.000    
   2      0.2098214E-01 0.2194E-04  0.2096720E-01 0.1551E-04 0.9292    
   3      0.2097111E-01 0.2191E-04  0.2096850E-01 0.1266E-04 0.4752    
   4      0.2097341E-01 0.2194E-04  0.2096973E-01 0.1096E-04 0.3292    
   5      0.2094342E-01 0.2190E-04  0.2096447E-01 0.9805E-05 0.5351    
   6      0.2097784E-01 0.2194E-04  0.2096670E-01 0.8951E-05 0.4900    
   7      0.2095659E-01 0.2195E-04  0.2096526E-01 0.8289E-05 0.4386    
   8      0.2095959E-01 0.2192E-04  0.2096455E-01 0.7753E-05 0.3844    
   9      0.2096078E-01 0.2195E-04  0.2096413E-01 0.7311E-05 0.3396    
  10      0.2095688E-01 0.2193E-04  0.2096341E-01 0.6935E-05 0.3128    
  11      0.2099577E-01 0.2194E-04  0.2096635E-01 0.6613E-05 0.4798    
  12      0.2093847E-01 0.2192E-04  0.2096403E-01 0.6331E-05 0.5708    
  13      0.2097591E-01 0.2194E-04  0.2096495E-01 0.6083E-05 0.5458    
  14      0.2095318E-01 0.2190E-04  0.2096411E-01 0.5861E-05 0.5244    
  15      0.2101920E-01 0.2194E-04  0.2096779E-01 0.5662E-05 0.9091    
  16      0.2098855E-01 0.2188E-04  0.2096910E-01 0.5482E-05 0.9048    
  17      0.2098806E-01 0.2187E-04  0.2097022E-01 0.5317E-05 0.8924    
  18      0.2093702E-01 0.2190E-04  0.2096838E-01 0.5167E-05 0.9673    
  19      0.2103121E-01 0.2194E-04  0.2097170E-01 0.5030E-05  1.347    
  20      0.2100164E-01 0.2190E-04  0.2097320E-01 0.4902E-05  1.370    
   
   
 Integral Delta:   2.0973202612926917E-002 +-   4.9019964394032827E-006
 with chisq    =   1.3697678517854248     
  
  
  
 For xq =          400 
  
 RM48 INITIALIZED:        40           0         0



 INPUT PARAMETERS FOR VEGAS:  NDIM=  3  NCALL=   19876750.
                              IT=    0  ITMX=   10
                              MDS= -1   ND=  43
   1      0.5901219E-04 0.2651E-05  0.5901219E-04 0.2651E-05  0.000    
   2      0.6168846E-04 0.8502E-06  0.6145824E-04 0.7953E-06 0.8902    
   3      0.6127853E-04 0.5835E-06  0.6134019E-04 0.4682E-06 0.4572    
   4      0.6101695E-04 0.5145E-06  0.6119286E-04 0.3459E-06 0.3762    
   5      0.6168140E-04 0.4882E-06  0.6135942E-04 0.2817E-06 0.4494    
   6      0.6189936E-04 0.4748E-06  0.6150324E-04 0.2419E-06 0.5524    
   7      0.6198828E-04 0.4703E-06  0.6160704E-04 0.2149E-06 0.6012    
   8      0.6141812E-04 0.4660E-06  0.6157375E-04 0.1951E-06 0.5344    
   9      0.6083031E-04 0.4655E-06  0.6146395E-04 0.1800E-06 0.7367    
  10      0.6144446E-04 0.4632E-06  0.6146138E-04 0.1678E-06 0.6545    



 INPUT PARAMETERS FOR VEGAS:  NDIM=  3  NCALL=  194672000.
                              IT=    0  ITMX=   20
                              MDS= -1   ND=  46
   1      0.6190782E-04 0.1379E-06  0.6190782E-04 0.1379E-06  0.000    
   2      0.6169739E-04 0.1380E-06  0.6180301E-04 0.9753E-07  1.164    
   3      0.6160562E-04 0.1379E-06  0.6173745E-04 0.7962E-07  1.265    
   4      0.6160788E-04 0.1381E-06  0.6170522E-04 0.6898E-07  1.064    
   5      0.6187925E-04 0.1381E-06  0.6174013E-04 0.6171E-07  1.116    
   6      0.6181328E-04 0.1378E-06  0.6175236E-04 0.5632E-07 0.9393    
   7      0.6186686E-04 0.1382E-06  0.6176872E-04 0.5216E-07 0.8807    
   8      0.6190631E-04 0.1381E-06  0.6178596E-04 0.4879E-07 0.8790    
   9      0.6169079E-04 0.1379E-06  0.6177541E-04 0.4600E-07 0.8221    
  10      0.6170838E-04 0.1381E-06  0.6176872E-04 0.4364E-07 0.7544    
  11      0.6182231E-04 0.1380E-06  0.6177360E-04 0.4161E-07 0.6926    
  12      0.6166637E-04 0.1379E-06  0.6176469E-04 0.3984E-07 0.6800    
  13      0.6177518E-04 0.1379E-06  0.6176550E-04 0.3827E-07 0.6238    
  14      0.6190743E-04 0.1380E-06  0.6177568E-04 0.3688E-07 0.6515    
  15      0.6183798E-04 0.1383E-06  0.6177982E-04 0.3563E-07 0.6184    
  16      0.6168468E-04 0.1378E-06  0.6177388E-04 0.3450E-07 0.6070    
  17      0.6188444E-04 0.1381E-06  0.6178039E-04 0.3347E-07 0.6068    
  18      0.6185826E-04 0.1380E-06  0.6178473E-04 0.3253E-07 0.5888    
  19      0.6191663E-04 0.1377E-06  0.6179173E-04 0.3166E-07 0.6044    
  20      0.6189720E-04 0.1380E-06  0.6179702E-04 0.3085E-07 0.6018    
   
   
 Integral Delta:   6.1797018644883100E-005 +-   3.0854908899697801E-008
 with chisq    =  0.60178635359425603     
  
  
  
 For xq =          700 
  
 RM48 INITIALIZED:        40           0         0



 INPUT PARAMETERS FOR VEGAS:  NDIM=  3  NCALL=   19876750.
                              IT=    0  ITMX=   10
                              MDS= -1   ND=  43
   1      0.4328410E-05 0.1682E-06  0.4328410E-05 0.1682E-06  0.000    
   2      0.4758688E-05 0.6242E-07  0.4714659E-05 0.5653E-07  5.322    
   3      0.4690265E-05 0.4918E-07  0.4700410E-05 0.3684E-07  2.659    
   4      0.4728342E-05 0.4570E-07  0.4711792E-05 0.2856E-07  1.824    
   5      0.4706010E-05 0.4403E-07  0.4710040E-05 0.2392E-07  1.362    
   6      0.4703343E-05 0.4343E-07  0.4708451E-05 0.2094E-07  1.089    
   7      0.4630027E-05 0.4300E-07  0.4693551E-05 0.1883E-07  1.354    
   8      0.4634032E-05 0.4299E-07  0.4684031E-05 0.1725E-07  1.390    
   9      0.4712013E-05 0.4337E-07  0.4687942E-05 0.1602E-07  1.258    
  10      0.4713661E-05 0.4340E-07  0.4691094E-05 0.1503E-07  1.151    



 INPUT PARAMETERS FOR VEGAS:  NDIM=  3  NCALL=  194672000.
                              IT=    0  ITMX=   20
                              MDS= -1   ND=  46
   1      0.4677635E-05 0.1304E-07  0.4677635E-05 0.1304E-07  0.000    
   2      0.4689612E-05 0.1307E-07  0.4683626E-05 0.9230E-08 0.4210    
   3      0.4689285E-05 0.1309E-07  0.4685509E-05 0.7543E-08 0.2728    
   4      0.4675735E-05 0.1305E-07  0.4683069E-05 0.6531E-08 0.3219    
   5      0.4699734E-05 0.1310E-07  0.4686406E-05 0.5845E-08 0.5665    
   6      0.4684188E-05 0.1305E-07  0.4686036E-05 0.5334E-08 0.4581    
   7      0.4674372E-05 0.1308E-07  0.4684380E-05 0.4939E-08 0.4952    
   8      0.4688926E-05 0.1308E-07  0.4684948E-05 0.4621E-08 0.4395    
   9      0.4688327E-05 0.1305E-07  0.4685325E-05 0.4356E-08 0.3920    
  10      0.4701863E-05 0.1309E-07  0.4686985E-05 0.4133E-08 0.5088    
  11      0.4669999E-05 0.1305E-07  0.4685446E-05 0.3940E-08 0.6113    
  12      0.4681183E-05 0.1305E-07  0.4685091E-05 0.3772E-08 0.5647    
  13      0.4662046E-05 0.1302E-07  0.4683322E-05 0.3623E-08 0.7569    
  14      0.4684221E-05 0.1307E-07  0.4683386E-05 0.3491E-08 0.6990    
  15      0.4689341E-05 0.1306E-07  0.4683785E-05 0.3373E-08 0.6629    
  16      0.4694268E-05 0.1306E-07  0.4684443E-05 0.3266E-08 0.6589    
  17      0.4670284E-05 0.1305E-07  0.4683614E-05 0.3168E-08 0.6868    
  18      0.4684974E-05 0.1310E-07  0.4683689E-05 0.3079E-08 0.6470    
  19      0.4703452E-05 0.1309E-07  0.4684733E-05 0.2997E-08 0.7316    
  20      0.4673630E-05 0.1304E-07  0.4684178E-05 0.2921E-08 0.7294    
   
   
 Integral Delta:   4.6841778937919937E-006 +-   2.9212403814905242E-009
 with chisq    =  0.72936009608327124     
  
  
  
 For xq =         1000 
  
 RM48 INITIALIZED:        40           0         0



 INPUT PARAMETERS FOR VEGAS:  NDIM=  3  NCALL=   19876750.
                              IT=    0  ITMX=   10
                              MDS= -1   ND=  43
   1      0.8143852E-06 0.2753E-07  0.8143852E-06 0.2753E-07  0.000    
   2      0.7859331E-06 0.1092E-07  0.7900438E-06 0.1028E-07 0.9459    
   3      0.8115594E-06 0.9107E-08  0.8022515E-06 0.6797E-08  1.698    
   4      0.7948918E-06 0.8490E-08  0.7994169E-06 0.5314E-08  1.290    
   5      0.8152499E-06 0.8442E-08  0.8040185E-06 0.4491E-08  1.602    
   6      0.8077306E-06 0.8312E-08  0.8048626E-06 0.3950E-08  1.311    
   7      0.8040274E-06 0.8254E-08  0.8047072E-06 0.3563E-08  1.094    
   8      0.7993068E-06 0.8193E-08  0.8038582E-06 0.3268E-08 0.9910    
   9      0.7927450E-06 0.8135E-08  0.8023513E-06 0.3034E-08  1.066    
  10      0.7951698E-06 0.8257E-08  0.8015115E-06 0.2848E-08  1.023    



 INPUT PARAMETERS FOR VEGAS:  NDIM=  3  NCALL=  194672000.
                              IT=    0  ITMX=   20
                              MDS= -1   ND=  46
   1      0.8034981E-06 0.2517E-08  0.8034981E-06 0.2517E-08  0.000    
   2      0.8016637E-06 0.2520E-08  0.8025839E-06 0.1781E-08 0.2652    
   3      0.8034477E-06 0.2514E-08  0.8028729E-06 0.1453E-08 0.1718    
   4      0.8037885E-06 0.2511E-08  0.8031030E-06 0.1258E-08 0.1477    
   5      0.8019603E-06 0.2514E-08  0.8028747E-06 0.1125E-08 0.1521    
   6      0.8009547E-06 0.2516E-08  0.8025561E-06 0.1027E-08 0.2186    
   7      0.8017744E-06 0.2514E-08  0.8024445E-06 0.9506E-09 0.1960    
   8      0.7988229E-06 0.2509E-08  0.8019934E-06 0.8889E-09 0.4267    
   9      0.8002577E-06 0.2516E-08  0.8018015E-06 0.8382E-09 0.4263    
  10      0.7999153E-06 0.2520E-08  0.8016144E-06 0.7953E-09 0.4349    
  11      0.8027913E-06 0.2515E-08  0.8017217E-06 0.7583E-09 0.4113    
  12      0.8023799E-06 0.2518E-08  0.8017765E-06 0.7261E-09 0.3795    
  13      0.7999450E-06 0.2513E-08  0.8016360E-06 0.6976E-09 0.3887    
  14      0.8031508E-06 0.2515E-08  0.8017446E-06 0.6722E-09 0.3847    
  15      0.8015743E-06 0.2514E-08  0.8017332E-06 0.6494E-09 0.3576    
  16      0.7986529E-06 0.2511E-08  0.8015415E-06 0.6287E-09 0.4273    
  17      0.7965549E-06 0.2502E-08  0.8012487E-06 0.6097E-09 0.6319    
  18      0.8042452E-06 0.2521E-08  0.8014154E-06 0.5927E-09 0.6735    
  19      0.8011248E-06 0.2514E-08  0.8014001E-06 0.5768E-09 0.6368    
  20      0.8026686E-06 0.2509E-08  0.8014640E-06 0.5622E-09 0.6160    
   
   
 Integral Delta:   8.0146399342380035E-007 +-   5.6217839953508657E-010
 with chisq    =  0.61603152401737693     
  
  
  
 For xq =         1300 
  
 RM48 INITIALIZED:        40           0         0



 INPUT PARAMETERS FOR VEGAS:  NDIM=  3  NCALL=   19876750.
                              IT=    0  ITMX=   10
                              MDS= -1   ND=  43
   1      0.2035694E-06 0.6438E-08  0.2035694E-06 0.6438E-08  0.000    
   2      0.2022463E-06 0.2824E-08  0.2024622E-06 0.2592E-08 0.3557E-01
   3      0.1988068E-06 0.2355E-08  0.2004965E-06 0.1750E-08 0.5600    
   4      0.2017514E-06 0.2274E-08  0.2009641E-06 0.1387E-08 0.4369    
   5      0.1960763E-06 0.2210E-08  0.1996377E-06 0.1177E-08  1.183    
   6      0.1991903E-06 0.2208E-08  0.1995397E-06 0.1039E-08 0.9549    
   7      0.2005984E-06 0.2209E-08  0.1997320E-06 0.9404E-09 0.8268    
   8      0.1970622E-06 0.2192E-08  0.1993285E-06 0.8647E-09 0.8863    
   9      0.1975277E-06 0.2191E-08  0.1990908E-06 0.8045E-09 0.8493    
  10      0.2006017E-06 0.2205E-08  0.1992697E-06 0.7558E-09 0.8006    



 INPUT PARAMETERS FOR VEGAS:  NDIM=  3  NCALL=  194672000.
                              IT=    0  ITMX=   20
                              MDS= -1   ND=  46
   1      0.2004173E-06 0.6822E-09  0.2004173E-06 0.6822E-09  0.000    
   2      0.1992659E-06 0.6820E-09  0.1998447E-06 0.4823E-09  1.425    
   3      0.1996286E-06 0.6810E-09  0.1997726E-06 0.3936E-09 0.7464    
   4      0.1998460E-06 0.6808E-09  0.1997910E-06 0.3407E-09 0.5004    
   5      0.2008513E-06 0.6845E-09  0.2000034E-06 0.3050E-09 0.8583    
   6      0.2004801E-06 0.6829E-09  0.2000830E-06 0.2785E-09 0.7676    
   7      0.2002197E-06 0.6814E-09  0.2001026E-06 0.2578E-09 0.6453    
   8      0.1985016E-06 0.6780E-09  0.1999031E-06 0.2410E-09  1.242    
   9      0.1993951E-06 0.6809E-09  0.1998469E-06 0.2272E-09  1.149    
  10      0.1992381E-06 0.6810E-09  0.1997862E-06 0.2155E-09  1.101    
  11      0.1985409E-06 0.6789E-09  0.1996735E-06 0.2054E-09  1.295    
  12      0.1995834E-06 0.6805E-09  0.1996660E-06 0.1966E-09  1.179    
  13      0.2011048E-06 0.6841E-09  0.1997773E-06 0.1890E-09  1.424    
  14      0.2000013E-06 0.6819E-09  0.1997933E-06 0.1821E-09  1.322    
  15      0.1991285E-06 0.6802E-09  0.1997491E-06 0.1759E-09  1.291    
  16      0.1982382E-06 0.6795E-09  0.1996555E-06 0.1703E-09  1.511    
  17      0.2000099E-06 0.6810E-09  0.1996765E-06 0.1652E-09  1.432    
  18      0.1992445E-06 0.6818E-09  0.1996526E-06 0.1606E-09  1.371    
  19      0.2006775E-06 0.6821E-09  0.1997069E-06 0.1563E-09  1.414    
  20      0.2002074E-06 0.6828E-09  0.1997320E-06 0.1524E-09  1.366    
   
   
 Integral Delta:   1.9973197822955207E-007 +-   1.5235788824670341E-010
 with chisq    =   1.3660686536805027     
  
  
  
 For xq =         1600 
  
 RM48 INITIALIZED:        40           0         0



 INPUT PARAMETERS FOR VEGAS:  NDIM=  3  NCALL=   19876750.
                              IT=    0  ITMX=   10
                              MDS= -1   ND=  43
   1      0.6229975E-07 0.1907E-08  0.6229975E-07 0.1907E-08  0.000    
   2      0.6187213E-07 0.8766E-09  0.6194754E-07 0.7983E-09 0.4168E-01
   3      0.6178566E-07 0.7550E-09  0.6186248E-07 0.5490E-09 0.3175E-01
   4      0.6182513E-07 0.7279E-09  0.6184898E-07 0.4385E-09 0.2175E-01
   5      0.6138211E-07 0.7155E-09  0.6172322E-07 0.3741E-09 0.9301E-01
   6      0.6140250E-07 0.7197E-09  0.6165575E-07 0.3320E-09 0.1056    
   7      0.6255303E-07 0.7227E-09  0.6181548E-07 0.3016E-09 0.3035    
   8      0.6163777E-07 0.7151E-09  0.6178882E-07 0.2779E-09 0.2678    
   9      0.6165685E-07 0.7139E-09  0.6177154E-07 0.2590E-09 0.2382    
  10      0.6149726E-07 0.7160E-09  0.6174010E-07 0.2436E-09 0.2263    



 INPUT PARAMETERS FOR VEGAS:  NDIM=  3  NCALL=  194672000.
                              IT=    0  ITMX=   20
                              MDS= -1   ND=  46
   1      0.6158286E-07 0.2228E-09  0.6158286E-07 0.2228E-09  0.000    
   2      0.6104547E-07 0.2220E-09  0.6131550E-07 0.1573E-09  2.919    
   3      0.6123449E-07 0.2219E-09  0.6128846E-07 0.1283E-09  1.505    
   4      0.6178198E-07 0.2225E-09  0.6141308E-07 0.1112E-09  2.240    
   5      0.6139988E-07 0.2219E-09  0.6141043E-07 0.9938E-10  1.681    
   6      0.6145691E-07 0.2217E-09  0.6141822E-07 0.9069E-10  1.351    
   7      0.6127537E-07 0.2215E-09  0.6139780E-07 0.8393E-10  1.186    
   8      0.6140864E-07 0.2220E-09  0.6139916E-07 0.7850E-10  1.017    
   9      0.6175198E-07 0.2231E-09  0.6143841E-07 0.7406E-10  1.169    
  10      0.6157557E-07 0.2225E-09  0.6145215E-07 0.7027E-10  1.077    
  11      0.6102417E-07 0.2205E-09  0.6141317E-07 0.6695E-10  1.309    
  12      0.6124968E-07 0.2224E-09  0.6139965E-07 0.6411E-10  1.235    
  13      0.6147943E-07 0.2217E-09  0.6140582E-07 0.6158E-10  1.142    
  14      0.6132726E-07 0.2219E-09  0.6140022E-07 0.5934E-10  1.063    
  15      0.6130774E-07 0.2221E-09  0.6139408E-07 0.5733E-10 0.9991    
  16      0.6133325E-07 0.2224E-09  0.6139029E-07 0.5552E-10 0.9372    
  17      0.6142973E-07 0.2218E-09  0.6139262E-07 0.5385E-10 0.8805    
  18      0.6175747E-07 0.2226E-09  0.6141302E-07 0.5234E-10 0.9789    
  19      0.6178733E-07 0.2228E-09  0.6143283E-07 0.5096E-10  1.074    
  20      0.6122071E-07 0.2225E-09  0.6142233E-07 0.4967E-10  1.063    
   
   
 Integral Delta:   6.1422328416858389E-008 +-   4.9671351083597509E-011
 with chisq    =   1.0631851237554708     
  
  
  
 For xq =         1900 
  
 RM48 INITIALIZED:        40           0         0



 INPUT PARAMETERS FOR VEGAS:  NDIM=  3  NCALL=   19876750.
                              IT=    0  ITMX=   10
                              MDS= -1   ND=  43
   1      0.2105328E-07 0.6379E-09  0.2105328E-07 0.6379E-09  0.000    
   2      0.2180291E-07 0.3084E-09  0.2166877E-07 0.2747E-09  1.094    
   3      0.2189842E-07 0.2729E-09  0.2178683E-07 0.1929E-09 0.7163    
   4      0.2190466E-07 0.2662E-09  0.2182818E-07 0.1560E-09 0.5173    
   5      0.2153258E-07 0.2606E-09  0.2175095E-07 0.1339E-09 0.6242    
   6      0.2163560E-07 0.2594E-09  0.2172670E-07 0.1190E-09 0.5306    
   7      0.2162453E-07 0.2622E-09  0.2170927E-07 0.1083E-09 0.4632    
   8      0.2163693E-07 0.2613E-09  0.2169866E-07 0.1001E-09 0.4064    
   9      0.2193745E-07 0.2620E-09  0.2172981E-07 0.9347E-10 0.4470    
  10      0.2182317E-07 0.2612E-09  0.2174055E-07 0.8800E-10 0.4095    



 INPUT PARAMETERS FOR VEGAS:  NDIM=  3  NCALL=  194672000.
                              IT=    0  ITMX=   20
                              MDS= -1   ND=  46
   1      0.2172097E-07 0.8107E-10  0.2172097E-07 0.8107E-10  0.000    
   2      0.2162320E-07 0.8090E-10  0.2167220E-07 0.5727E-10 0.7286    
   3      0.2157800E-07 0.8074E-10  0.2164085E-07 0.4671E-10 0.8169    
   4      0.2165007E-07 0.8069E-10  0.2164317E-07 0.4042E-10 0.5478    
   5      0.2167064E-07 0.8073E-10  0.2164868E-07 0.3615E-10 0.4338    
   6      0.2168846E-07 0.8113E-10  0.2165529E-07 0.3302E-10 0.3870    
   7      0.2156451E-07 0.8078E-10  0.2164239E-07 0.3056E-10 0.5022    
   8      0.2170930E-07 0.8098E-10  0.2165078E-07 0.2859E-10 0.5159    
   9      0.2166751E-07 0.8068E-10  0.2165265E-07 0.2695E-10 0.4561    
  10      0.2163026E-07 0.8096E-10  0.2165042E-07 0.2557E-10 0.4131    
  11      0.2162602E-07 0.8115E-10  0.2164822E-07 0.2439E-10 0.3801    
  12      0.2165202E-07 0.8099E-10  0.2164853E-07 0.2335E-10 0.3457    
  13      0.2162957E-07 0.8077E-10  0.2164707E-07 0.2244E-10 0.3212    
  14      0.2180193E-07 0.8130E-10  0.2165818E-07 0.2163E-10 0.5587    
  15      0.2170651E-07 0.8106E-10  0.2166140E-07 0.2090E-10 0.5424    
  16      0.2177246E-07 0.8145E-10  0.2166833E-07 0.2024E-10 0.6233    
  17      0.2160265E-07 0.8086E-10  0.2166448E-07 0.1963E-10 0.6231    
  18      0.2162696E-07 0.8115E-10  0.2166241E-07 0.1908E-10 0.5984    
  19      0.2164255E-07 0.8113E-10  0.2166137E-07 0.1858E-10 0.5684    
  20      0.2159284E-07 0.8096E-10  0.2165796E-07 0.1811E-10 0.5743    
   
   
 Integral Delta:   2.1657962036590720E-008 +-   1.8106471585063556E-011
 with chisq    =  0.57427092052103756     
  
  
  
 For xq =         2200 
  
 RM48 INITIALIZED:        40           0         0



 INPUT PARAMETERS FOR VEGAS:  NDIM=  3  NCALL=   19876750.
                              IT=    0  ITMX=   10
                              MDS= -1   ND=  43
   1      0.7945821E-08 0.2392E-09  0.7945821E-08 0.2392E-09  0.000    
   2      0.8338922E-08 0.1191E-09  0.8266672E-08 0.1051E-09  2.098    
   3      0.8344973E-08 0.1076E-09  0.8305864E-08 0.7491E-10  1.168    
   4      0.8465117E-08 0.1054E-09  0.8361491E-08 0.6089E-10  1.285    
   5      0.8499454E-08 0.1047E-09  0.8397777E-08 0.5256E-10  1.287    
   6      0.8324986E-08 0.1041E-09  0.8382979E-08 0.4692E-10  1.108    
   7      0.8188735E-08 0.1031E-09  0.8350540E-08 0.4273E-10  1.406    
   8      0.8305862E-08 0.1034E-09  0.8344015E-08 0.3948E-10  1.228    
   9      0.8394222E-08 0.1038E-09  0.8350485E-08 0.3690E-10  1.098    
  10      0.8415655E-08 0.1045E-09  0.8357868E-08 0.3479E-10  1.013    



 INPUT PARAMETERS FOR VEGAS:  NDIM=  3  NCALL=  194672000.
                              IT=    0  ITMX=   20
                              MDS= -1   ND=  46
   1      0.8396514E-08 0.3237E-10  0.8396514E-08 0.3237E-10  0.000    
   2      0.8346339E-08 0.3233E-10  0.8371542E-08 0.2287E-10  1.203    
   3      0.8355951E-08 0.3223E-10  0.8366333E-08 0.1865E-10 0.6799    
   4      0.8342929E-08 0.3225E-10  0.8360492E-08 0.1615E-10 0.5851    
   5      0.8366988E-08 0.3219E-10  0.8361799E-08 0.1443E-10 0.4468    
   6      0.8320519E-08 0.3219E-10  0.8354945E-08 0.1317E-10 0.6301    
   7      0.8354006E-08 0.3234E-10  0.8354812E-08 0.1220E-10 0.5252    
   8      0.8295852E-08 0.3220E-10  0.8347503E-08 0.1141E-10 0.8655    
   9      0.8339539E-08 0.3223E-10  0.8346618E-08 0.1075E-10 0.7643    
  10      0.8425823E-08 0.3240E-10  0.8354610E-08 0.1021E-10  1.285    
  11      0.8373118E-08 0.3227E-10  0.8356299E-08 0.9731E-11  1.186    
  12      0.8378342E-08 0.3231E-10  0.8358141E-08 0.9317E-11  1.117    
  13      0.8347894E-08 0.3227E-10  0.8357355E-08 0.8951E-11  1.032    
  14      0.8357900E-08 0.3230E-10  0.8357394E-08 0.8626E-11 0.9524    
  15      0.8358786E-08 0.3232E-10  0.8357486E-08 0.8334E-11 0.8845    
  16      0.8314097E-08 0.3224E-10  0.8354795E-08 0.8069E-11 0.9382    
  17      0.8369087E-08 0.3234E-10  0.8355635E-08 0.7829E-11 0.8909    
  18      0.8401357E-08 0.3234E-10  0.8358193E-08 0.7609E-11 0.9502    
  19      0.8329534E-08 0.3231E-10  0.8356696E-08 0.7407E-11 0.9389    
  20      0.8331953E-08 0.3225E-10  0.8355463E-08 0.7219E-11 0.9190    
   
   
 Integral Delta:   8.3554633191748124E-009 +-   7.2187024343823851E-012
 with chisq    =  0.91900213431668620     
  
  
  
 For xq =         2500 
  
 RM48 INITIALIZED:        40           0         0



 INPUT PARAMETERS FOR VEGAS:  NDIM=  3  NCALL=   19876750.
                              IT=    0  ITMX=   10
                              MDS= -1   ND=  43
   1      0.3496604E-08 0.9919E-10  0.3496604E-08 0.9919E-10  0.000    
   2      0.3471724E-08 0.4924E-10  0.3476699E-08 0.4420E-10 0.5070E-01
   3      0.3499124E-08 0.4523E-10  0.3487700E-08 0.3159E-10 0.8824E-01
   4      0.3450560E-08 0.4374E-10  0.3475151E-08 0.2564E-10 0.2157    
   5      0.3461258E-08 0.4455E-10  0.3471723E-08 0.2223E-10 0.1802    
   6      0.3421053E-08 0.4376E-10  0.3461594E-08 0.1983E-10 0.3538    
   7      0.3449017E-08 0.4389E-10  0.3459481E-08 0.1807E-10 0.3066    
   8      0.3470262E-08 0.4428E-10  0.3461025E-08 0.1673E-10 0.2700    
   9      0.3418604E-08 0.4395E-10  0.3455780E-08 0.1564E-10 0.3365    
  10      0.3433706E-08 0.4367E-10  0.3453304E-08 0.1473E-10 0.3245    



 INPUT PARAMETERS FOR VEGAS:  NDIM=  3  NCALL=  194672000.
                              IT=    0  ITMX=   20
                              MDS= -1   ND=  46
   1      0.3458060E-08 0.1362E-10  0.3458060E-08 0.1362E-10  0.000    
   2      0.3418245E-08 0.1361E-10  0.3438358E-08 0.9628E-11  4.275    
   3      0.3449869E-08 0.1360E-10  0.3442220E-08 0.7857E-11  2.372    
   4      0.3422188E-08 0.1349E-10  0.3437191E-08 0.6790E-11  2.131    
   5      0.3494044E-08 0.1371E-10  0.3448687E-08 0.6085E-11  5.108    
   6      0.3426800E-08 0.1355E-10  0.3445054E-08 0.5551E-11  4.525    
   7      0.3416775E-08 0.1353E-10  0.3441036E-08 0.5136E-11  4.396    
   8      0.3454959E-08 0.1362E-10  0.3442782E-08 0.4806E-11  3.896    
   9      0.3452095E-08 0.1360E-10  0.3443820E-08 0.4531E-11  3.459    
  10      0.3447299E-08 0.1358E-10  0.3444169E-08 0.4298E-11  3.081    
  11      0.3451524E-08 0.1366E-10  0.3444835E-08 0.4100E-11  2.798    
  12      0.3447828E-08 0.1361E-10  0.3445084E-08 0.3926E-11  2.547    
  13      0.3432614E-08 0.1357E-10  0.3444127E-08 0.3771E-11  2.401    
  14      0.3451672E-08 0.1360E-10  0.3444668E-08 0.3634E-11  2.237    
  15      0.3450512E-08 0.1363E-10  0.3445057E-08 0.3511E-11  2.089    
  16      0.3452201E-08 0.1363E-10  0.3445504E-08 0.3400E-11  1.967    
  17      0.3462954E-08 0.1364E-10  0.3446534E-08 0.3299E-11  1.940    
  18      0.3468750E-08 0.1366E-10  0.3447774E-08 0.3207E-11  1.973    
  19      0.3438863E-08 0.1361E-10  0.3447308E-08 0.3122E-11  1.887    
  20      0.3419525E-08 0.1355E-10  0.3445929E-08 0.3042E-11  1.996    
   
   
 Integral Delta:   3.4459290787407920E-009 +-   3.0420501473126780E-012
 with chisq    =   1.9958263531346121     
  
  
  
 For xq =         2800 
  
 RM48 INITIALIZED:        40           0         0



 INPUT PARAMETERS FOR VEGAS:  NDIM=  3  NCALL=   19876750.
                              IT=    0  ITMX=   10
                              MDS= -1   ND=  43
   1      0.1441842E-08 0.4075E-10  0.1441842E-08 0.4075E-10  0.000    
   2      0.1488237E-08 0.2119E-10  0.1478845E-08 0.1863E-10  1.001    
   3      0.1460816E-08 0.1948E-10  0.1470258E-08 0.1347E-10 0.7249    
   4      0.1464752E-08 0.1900E-10  0.1468415E-08 0.1099E-10 0.5018    
   5      0.1483189E-08 0.1930E-10  0.1472103E-08 0.9544E-11 0.4866    
   6      0.1501625E-08 0.1938E-10  0.1478078E-08 0.8557E-11 0.7706    
   7      0.1466459E-08 0.1908E-10  0.1476147E-08 0.7808E-11 0.6942    
   8      0.1501984E-08 0.1934E-10  0.1479893E-08 0.7238E-11 0.8177    
   9      0.1485607E-08 0.1918E-10  0.1480613E-08 0.6771E-11 0.7242    
  10      0.1516200E-08 0.1949E-10  0.1484627E-08 0.6395E-11 0.9846    



 INPUT PARAMETERS FOR VEGAS:  NDIM=  3  NCALL=  194672000.
                              IT=    0  ITMX=   20
                              MDS= -1   ND=  46
   1      0.1491899E-08 0.6061E-11  0.1491899E-08 0.6061E-11  0.000    
   2      0.1492585E-08 0.6054E-11  0.1492242E-08 0.4283E-11 0.6416E-02
   3      0.1483504E-08 0.6019E-11  0.1489328E-08 0.3490E-11 0.6999    
   4      0.1484227E-08 0.6022E-11  0.1488052E-08 0.3020E-11 0.6458    
   5      0.1484305E-08 0.6023E-11  0.1487302E-08 0.2699E-11 0.5619    
   6      0.1477022E-08 0.6017E-11  0.1485599E-08 0.2463E-11 0.9322    
   7      0.1489310E-08 0.6035E-11  0.1486131E-08 0.2280E-11 0.8305    
   8      0.1479538E-08 0.6015E-11  0.1485309E-08 0.2132E-11 0.8617    
   9      0.1484386E-08 0.6042E-11  0.1485207E-08 0.2011E-11 0.7567    
  10      0.1496075E-08 0.6051E-11  0.1486302E-08 0.1908E-11 0.9982    
  11      0.1482256E-08 0.6046E-11  0.1485937E-08 0.1820E-11 0.9394    
  12      0.1495987E-08 0.6055E-11  0.1486780E-08 0.1743E-11  1.085    
  13      0.1488263E-08 0.6045E-11  0.1486894E-08 0.1674E-11 0.9993    
  14      0.1486794E-08 0.6049E-11  0.1486887E-08 0.1614E-11 0.9225    
  15      0.1488286E-08 0.6031E-11  0.1486981E-08 0.1559E-11 0.8601    
  16      0.1498700E-08 0.6061E-11  0.1487719E-08 0.1510E-11  1.039    
  17      0.1481875E-08 0.6030E-11  0.1487377E-08 0.1465E-11  1.029    
  18      0.1464313E-08 0.5976E-11  0.1486108E-08 0.1423E-11  1.774    
  19      0.1485986E-08 0.6025E-11  0.1486101E-08 0.1384E-11  1.676    
  20      0.1483392E-08 0.6039E-11  0.1485967E-08 0.1349E-11  1.598    
   
   
 Integral Delta:   1.4859666240367713E-009 +-   1.3494507315443780E-012
 with chisq    =   1.5978158706440257     
  
  
  
 For xq =         3100 
  
 RM48 INITIALIZED:        40           0         0



 INPUT PARAMETERS FOR VEGAS:  NDIM=  3  NCALL=   19876750.
                              IT=    0  ITMX=   10
                              MDS= -1   ND=  43
   1      0.6670887E-09 0.1839E-10  0.6670887E-09 0.1839E-10  0.000    
   2      0.6856511E-09 0.9624E-11  0.6818283E-09 0.8461E-11 0.7872    
   3      0.6787828E-09 0.9020E-11  0.6803977E-09 0.6168E-11 0.4230    
   4      0.6607000E-09 0.8682E-11  0.6740054E-09 0.5039E-11  1.402    
   5      0.6427299E-09 0.8491E-11  0.6664038E-09 0.4345E-11  3.454    
   6      0.6860677E-09 0.8883E-11  0.6703746E-09 0.3900E-11  3.556    
   7      0.6589890E-09 0.8714E-11  0.6685277E-09 0.3561E-11  3.209    
   8      0.6551565E-09 0.8655E-11  0.6666586E-09 0.3295E-11  3.047    
   9      0.6653809E-09 0.8859E-11  0.6665041E-09 0.3088E-11  2.670    
  10      0.6557241E-09 0.8743E-11  0.6653438E-09 0.2912E-11  2.528    



 INPUT PARAMETERS FOR VEGAS:  NDIM=  3  NCALL=  194672000.
                              IT=    0  ITMX=   20
                              MDS= -1   ND=  46
   1      0.6649480E-09 0.2717E-11  0.6649480E-09 0.2717E-11  0.000    
   2      0.6577162E-09 0.2708E-11  0.6613598E-09 0.1918E-11  3.554    
   3      0.6595289E-09 0.2700E-11  0.6607479E-09 0.1564E-11  1.933    
   4      0.6613790E-09 0.2707E-11  0.6609060E-09 0.1354E-11  1.302    
   5      0.6627394E-09 0.2710E-11  0.6612738E-09 0.1211E-11  1.067    
   6      0.6594714E-09 0.2702E-11  0.6609736E-09 0.1105E-11 0.9282    
   7      0.6621287E-09 0.2713E-11  0.6611385E-09 0.1024E-11 0.7991    
   8      0.6567048E-09 0.2704E-11  0.6605892E-09 0.9572E-12  1.019    
   9      0.6610840E-09 0.2703E-11  0.6606445E-09 0.9023E-12 0.8949    
  10      0.6579230E-09 0.2703E-11  0.6603737E-09 0.8559E-12 0.8968    
  11      0.6642196E-09 0.2708E-11  0.6607266E-09 0.8161E-12 0.9914    
  12      0.6598724E-09 0.2709E-11  0.6606557E-09 0.7814E-12 0.9097    
  13      0.6644419E-09 0.2717E-11  0.6609480E-09 0.7510E-12 0.9840    
  14      0.6628840E-09 0.2717E-11  0.6610862E-09 0.7239E-12 0.9444    
  15      0.6568853E-09 0.2707E-11  0.6608091E-09 0.6993E-12  1.036    
  16      0.6584106E-09 0.2701E-11  0.6606595E-09 0.6770E-12  1.017    
  17      0.6603252E-09 0.2708E-11  0.6606398E-09 0.6568E-12 0.9542    
  18      0.6667173E-09 0.2720E-11  0.6609805E-09 0.6384E-12  1.179    
  19      0.6633721E-09 0.2722E-11  0.6611061E-09 0.6215E-12  1.154    
  20      0.6650585E-09 0.2716E-11  0.6613049E-09 0.6059E-12  1.200    
   
   
 Integral Delta:   6.6130493760918340E-010 +-   6.0588451873190767E-013
 with chisq    =   1.1998268327614627     
  
  
  
 For xq =         3400 
  
 RM48 INITIALIZED:        40           0         0



 INPUT PARAMETERS FOR VEGAS:  NDIM=  3  NCALL=   19876750.
                              IT=    0  ITMX=   10
                              MDS= -1   ND=  43
   1      0.3009595E-09 0.8374E-11  0.3009595E-09 0.8374E-11  0.000    
   2      0.3082718E-09 0.4365E-11  0.3067678E-09 0.3844E-11 0.5911    
   3      0.3037730E-09 0.4115E-11  0.3053765E-09 0.2810E-11 0.4373    
   4      0.2983715E-09 0.4012E-11  0.3031317E-09 0.2305E-11 0.9646    
   5      0.3026408E-09 0.4061E-11  0.3030122E-09 0.2005E-11 0.7264    
   6      0.3017825E-09 0.4026E-11  0.3027692E-09 0.1795E-11 0.5967    
   7      0.3038840E-09 0.4019E-11  0.3029558E-09 0.1639E-11 0.5074    
   8      0.3018479E-09 0.4034E-11  0.3027997E-09 0.1518E-11 0.4445    
   9      0.3086465E-09 0.4086E-11  0.3035338E-09 0.1423E-11 0.6189    
  10      0.2986800E-09 0.4018E-11  0.3030076E-09 0.1342E-11 0.6924    



 INPUT PARAMETERS FOR VEGAS:  NDIM=  3  NCALL=  194672000.
                              IT=    0  ITMX=   20
                              MDS= -1   ND=  46
   1      0.3029650E-09 0.1262E-11  0.3029650E-09 0.1262E-11  0.000    
   2      0.3019756E-09 0.1259E-11  0.3024707E-09 0.8915E-12 0.3080    
   3      0.3027779E-09 0.1262E-11  0.3025731E-09 0.7281E-12 0.1737    
   4      0.3029496E-09 0.1263E-11  0.3026672E-09 0.6307E-12 0.1380    
   5      0.3025099E-09 0.1261E-11  0.3026357E-09 0.5641E-12 0.1066    
   6      0.3014947E-09 0.1258E-11  0.3024459E-09 0.5147E-12 0.2217    
   7      0.3001038E-09 0.1257E-11  0.3021139E-09 0.4763E-12 0.6753    
   8      0.2989373E-09 0.1253E-11  0.3017204E-09 0.4453E-12  1.369    
   9      0.3025412E-09 0.1260E-11  0.3018119E-09 0.4198E-12  1.245    
  10      0.3037929E-09 0.1266E-11  0.3020105E-09 0.3985E-12  1.353    
  11      0.3010207E-09 0.1261E-11  0.3019212E-09 0.3800E-12  1.274    
  12      0.3037826E-09 0.1259E-11  0.3020782E-09 0.3638E-12  1.341    
  13      0.3016513E-09 0.1258E-11  0.3020454E-09 0.3495E-12  1.238    
  14      0.3018372E-09 0.1260E-11  0.3020306E-09 0.3368E-12  1.145    
  15      0.3024763E-09 0.1261E-11  0.3020603E-09 0.3254E-12  1.071    
  16      0.3034787E-09 0.1260E-11  0.3021497E-09 0.3150E-12  1.079    
  17      0.3006100E-09 0.1254E-11  0.3020592E-09 0.3055E-12  1.100    
  18      0.3017189E-09 0.1256E-11  0.3020402E-09 0.2969E-12  1.040    
  19      0.3043688E-09 0.1268E-11  0.3021630E-09 0.2891E-12  1.161    
  20      0.3017943E-09 0.1262E-11  0.3021447E-09 0.2818E-12  1.104    
   
   
 Integral Delta:   3.0214465518298575E-010 +-   2.8177937332425944E-013
 with chisq    =   1.1043380721266363     
  
  
  
 For xq =         3700 
  
 RM48 INITIALIZED:        40           0         0



 INPUT PARAMETERS FOR VEGAS:  NDIM=  3  NCALL=   19876750.
                              IT=    0  ITMX=   10
                              MDS= -1   ND=  43
   1      0.1420377E-09 0.3899E-11  0.1420377E-09 0.3899E-11  0.000    
   2      0.1406190E-09 0.1992E-11  0.1409175E-09 0.1779E-11 0.1056    
   3      0.1432783E-09 0.1913E-11  0.1420289E-09 0.1301E-11 0.4628    
   4      0.1411349E-09 0.1913E-11  0.1417486E-09 0.1076E-11 0.3590    
   5      0.1407678E-09 0.1894E-11  0.1415118E-09 0.9357E-12 0.3203    
   6      0.1405741E-09 0.1886E-11  0.1413286E-09 0.8384E-12 0.2962    
   7      0.1404709E-09 0.1879E-11  0.1411878E-09 0.7658E-12 0.2760    
   8      0.1400486E-09 0.1876E-11  0.1410276E-09 0.7091E-12 0.2816    
   9      0.1432143E-09 0.1928E-11  0.1412950E-09 0.6654E-12 0.3905    
  10      0.1446144E-09 0.1937E-11  0.1416598E-09 0.6293E-12 0.6480    



 INPUT PARAMETERS FOR VEGAS:  NDIM=  3  NCALL=  194672000.
                              IT=    0  ITMX=   20
                              MDS= -1   ND=  46
   1      0.1396216E-09 0.5890E-12  0.1396216E-09 0.5890E-12  0.000    
   2      0.1405966E-09 0.5892E-12  0.1401124E-09 0.4166E-12  1.370    
   3      0.1396271E-09 0.5894E-12  0.1399515E-09 0.3402E-12 0.9118    
   4      0.1408731E-09 0.5933E-12  0.1401818E-09 0.2951E-12  1.215    
   5      0.1403842E-09 0.5908E-12  0.1402223E-09 0.2640E-12 0.9344    
   6      0.1395215E-09 0.5892E-12  0.1401061E-09 0.2409E-12 0.9829    
   7      0.1398081E-09 0.5904E-12  0.1400637E-09 0.2231E-12 0.8559    
   8      0.1394904E-09 0.5894E-12  0.1399924E-09 0.2086E-12 0.8518    
   9      0.1406077E-09 0.5910E-12  0.1400611E-09 0.1967E-12 0.8659    
  10      0.1394611E-09 0.5892E-12  0.1400014E-09 0.1866E-12 0.8733    
  11      0.1403335E-09 0.5906E-12  0.1400317E-09 0.1779E-12 0.8145    
  12      0.1405290E-09 0.5907E-12  0.1400733E-09 0.1704E-12 0.7995    
  13      0.1396527E-09 0.5894E-12  0.1400410E-09 0.1637E-12 0.7722    
  14      0.1388511E-09 0.5871E-12  0.1399566E-09 0.1577E-12  1.003    
  15      0.1393905E-09 0.5874E-12  0.1399188E-09 0.1523E-12 0.9929    
  16      0.1401344E-09 0.5900E-12  0.1399323E-09 0.1474E-12 0.9349    
  17      0.1396498E-09 0.5886E-12  0.1399157E-09 0.1430E-12 0.8901    
  18      0.1385896E-09 0.5863E-12  0.1398426E-09 0.1390E-12  1.118    
  19      0.1392353E-09 0.5893E-12  0.1398108E-09 0.1352E-12  1.112    
  20      0.1403972E-09 0.5907E-12  0.1398403E-09 0.1318E-12  1.102    
   
   
 Integral Delta:   1.3984027679835177E-010 +-   1.3183004462107789E-013
 with chisq    =   1.1024734710149520     
  
  
  
 For xq =         4000 
  
 RM48 INITIALIZED:        40           0         0



 INPUT PARAMETERS FOR VEGAS:  NDIM=  3  NCALL=   19876750.
                              IT=    0  ITMX=   10
                              MDS= -1   ND=  43
   1      0.6547920E-10 0.1788E-11  0.6547920E-10 0.1788E-11  0.000    
   2      0.6658091E-10 0.9415E-12  0.6634801E-10 0.8292E-12 0.2943    
   3      0.6410810E-10 0.8764E-12  0.6532292E-10 0.6048E-12  1.852    
   4      0.6648738E-10 0.9086E-12  0.6568870E-10 0.5030E-12  1.610    
   5      0.6549095E-10 0.8858E-12  0.6564068E-10 0.4374E-12  1.218    
   6      0.6481351E-10 0.8793E-12  0.6547987E-10 0.3918E-12  1.118    
   7      0.6691157E-10 0.8992E-12  0.6571662E-10 0.3591E-12  1.292    
   8      0.6499220E-10 0.8803E-12  0.6561519E-10 0.3325E-12  1.192    
   9      0.6482318E-10 0.8771E-12  0.6551776E-10 0.3110E-12  1.133    
  10      0.6482435E-10 0.8760E-12  0.6544163E-10 0.2931E-12  1.070    



 INPUT PARAMETERS FOR VEGAS:  NDIM=  3  NCALL=  194672000.
                              IT=    0  ITMX=   20
                              MDS= -1   ND=  46
   1      0.6554124E-10 0.2775E-12  0.6554124E-10 0.2775E-12  0.000    
   2      0.6545028E-10 0.2767E-12  0.6549569E-10 0.1959E-12 0.5387E-01
   3      0.6548145E-10 0.2777E-12  0.6549096E-10 0.1601E-12 0.2782E-01
   4      0.6566588E-10 0.2788E-12  0.6553450E-10 0.1388E-12 0.1175    
   5      0.6562225E-10 0.2779E-12  0.6555207E-10 0.1242E-12 0.1080    
   6      0.6556355E-10 0.2764E-12  0.6555399E-10 0.1133E-12 0.8670E-01
   7      0.6541506E-10 0.2786E-12  0.6553436E-10 0.1049E-12 0.1077    
   8      0.6546836E-10 0.2784E-12  0.6552616E-10 0.9820E-13 0.9939E-01
   9      0.6580879E-10 0.2782E-12  0.6555772E-10 0.9260E-13 0.2024    
  10      0.6573302E-10 0.2783E-12  0.6557527E-10 0.8786E-13 0.2197    
  11      0.6539433E-10 0.2770E-12  0.6555881E-10 0.8375E-13 0.2364    
  12      0.6570657E-10 0.2777E-12  0.6557118E-10 0.8018E-13 0.2385    
  13      0.6545990E-10 0.2777E-12  0.6556264E-10 0.7704E-13 0.2310    
  14      0.6497997E-10 0.2780E-12  0.6552176E-10 0.7424E-13 0.5226    
  15      0.6508151E-10 0.2762E-12  0.6549247E-10 0.7169E-13 0.6530    
  16      0.6540340E-10 0.2767E-12  0.6548688E-10 0.6940E-13 0.6160    
  17      0.6522886E-10 0.2764E-12  0.6547169E-10 0.6731E-13 0.6287    
  18      0.6500916E-10 0.2761E-12  0.6544608E-10 0.6540E-13 0.7461    
  19      0.6543748E-10 0.2775E-12  0.6544563E-10 0.6365E-13 0.7047    
  20      0.6475395E-10 0.2769E-12  0.6541161E-10 0.6204E-13 0.9743    
   
   
 Integral Delta:   6.5411609440777861E-011 +-   6.2035646549456396E-014
 with chisq    =  0.97427618427517615     
  
  
  
 For xq =         4300 
  
 RM48 INITIALIZED:        40           0         0



 INPUT PARAMETERS FOR VEGAS:  NDIM=  3  NCALL=   19876750.
                              IT=    0  ITMX=   10
                              MDS= -1   ND=  43
   1      0.3077776E-10 0.8238E-12  0.3077776E-10 0.8238E-12  0.000    
   2      0.3111211E-10 0.4388E-12  0.3103944E-10 0.3861E-12 0.1275    
   3      0.3039147E-10 0.4127E-12  0.3074278E-10 0.2826E-12 0.7168    
   4      0.3049581E-10 0.4266E-12  0.3066835E-10 0.2357E-12 0.5570    
   5      0.3042062E-10 0.4224E-12  0.3061032E-10 0.2059E-12 0.4842    
   6      0.3060004E-10 0.4188E-12  0.3060832E-10 0.1848E-12 0.3876    
   7      0.3047162E-10 0.4275E-12  0.3058699E-10 0.1696E-12 0.3377    
   8      0.3060495E-10 0.4201E-12  0.3058951E-10 0.1573E-12 0.2897    
   9      0.3035781E-10 0.4186E-12  0.3056126E-10 0.1473E-12 0.2871    
  10      0.3058446E-10 0.4223E-12  0.3056377E-10 0.1390E-12 0.2555    



 INPUT PARAMETERS FOR VEGAS:  NDIM=  3  NCALL=  194672000.
                              IT=    0  ITMX=   20
                              MDS= -1   ND=  46
   1      0.3062001E-10 0.1309E-12  0.3062001E-10 0.1309E-12  0.000    
   2      0.3068093E-10 0.1307E-12  0.3065057E-10 0.9249E-13 0.1085    
   3      0.3065226E-10 0.1310E-12  0.3065113E-10 0.7556E-13 0.5430E-01
   4      0.3090008E-10 0.1313E-12  0.3071382E-10 0.6549E-13 0.9435    
   5      0.3075924E-10 0.1312E-12  0.3072290E-10 0.5860E-13 0.7312    
   6      0.3074663E-10 0.1313E-12  0.3072685E-10 0.5351E-13 0.5903    
   7      0.3059352E-10 0.1306E-12  0.3070783E-10 0.4952E-13 0.6402    
   8      0.3050341E-10 0.1305E-12  0.3068241E-10 0.4630E-13 0.8530    
   9      0.3059727E-10 0.1302E-12  0.3067290E-10 0.4362E-13 0.7941    
  10      0.3068300E-10 0.1311E-12  0.3067391E-10 0.4139E-13 0.7064    
  11      0.3074606E-10 0.1311E-12  0.3068047E-10 0.3947E-13 0.6631    
  12      0.3077687E-10 0.1312E-12  0.3068852E-10 0.3780E-13 0.6478    
  13      0.3081230E-10 0.1315E-12  0.3069803E-10 0.3633E-13 0.6620    
  14      0.3055979E-10 0.1307E-12  0.3068820E-10 0.3500E-13 0.6908    
  15      0.3046750E-10 0.1304E-12  0.3067357E-10 0.3381E-13 0.8305    
  16      0.3046802E-10 0.1303E-12  0.3066076E-10 0.3272E-13 0.9294    
  17      0.3051744E-10 0.1304E-12  0.3065235E-10 0.3174E-13 0.9422    
  18      0.3051231E-10 0.1303E-12  0.3064458E-10 0.3084E-13 0.9509    
  19      0.3052503E-10 0.1304E-12  0.3063829E-10 0.3001E-13 0.9423    
  20      0.3060144E-10 0.1311E-12  0.3063646E-10 0.2925E-13 0.8968    
   
   
 Integral Delta:   3.0636461813025577E-011 +-   2.9252896496410595E-014
 with chisq    =  0.89676191321366150     
  
  
  
 For xq =         4600 
  
 RM48 INITIALIZED:        40           0         0



 INPUT PARAMETERS FOR VEGAS:  NDIM=  3  NCALL=   19876750.
                              IT=    0  ITMX=   10
                              MDS= -1   ND=  43
   1      0.1477906E-10 0.3898E-12  0.1477906E-10 0.3898E-12  0.000    
   2      0.1414097E-10 0.2018E-12  0.1428555E-10 0.1816E-12  2.164    
   3      0.1446862E-10 0.1965E-12  0.1436989E-10 0.1333E-12  1.316    
   4      0.1458002E-10 0.2023E-12  0.1443425E-10 0.1113E-12  1.126    
   5      0.1430295E-10 0.1967E-12  0.1440305E-10 0.9691E-13 0.9324    
   6      0.1403869E-10 0.1958E-12  0.1433469E-10 0.8694E-13  1.289    
   7      0.1446713E-10 0.1982E-12  0.1435626E-10 0.7961E-13  1.135    
   8      0.1458480E-10 0.1984E-12  0.1438866E-10 0.7387E-13  1.136    
   9      0.1437120E-10 0.2007E-12  0.1438659E-10 0.6932E-13 0.9957    
  10      0.1403906E-10 0.1934E-12  0.1434884E-10 0.6528E-13  1.195    



 INPUT PARAMETERS FOR VEGAS:  NDIM=  3  NCALL=  194672000.
                              IT=    0  ITMX=   20
                              MDS= -1   ND=  46
   1      0.1430691E-10 0.6061E-13  0.1430691E-10 0.6061E-13  0.000    
   2      0.1437233E-10 0.6082E-13  0.1433965E-10 0.4293E-13 0.5805    
   3      0.1431312E-10 0.6064E-13  0.1433082E-10 0.3504E-13 0.3543    
   4      0.1434016E-10 0.6084E-13  0.1433314E-10 0.3036E-13 0.2420    
   5      0.1436868E-10 0.6086E-13  0.1434025E-10 0.2717E-13 0.2498    
   6      0.1422259E-10 0.6047E-13  0.1432076E-10 0.2478E-13 0.8235    
   7      0.1433229E-10 0.6069E-13  0.1432241E-10 0.2294E-13 0.6912    
   8      0.1433865E-10 0.6107E-13  0.1432442E-10 0.2148E-13 0.6012    
   9      0.1430406E-10 0.6047E-13  0.1432215E-10 0.2024E-13 0.5388    
  10      0.1444499E-10 0.6123E-13  0.1433443E-10 0.1922E-13 0.8867    
  11      0.1429488E-10 0.6057E-13  0.1433083E-10 0.1832E-13 0.8370    
  12      0.1443927E-10 0.6104E-13  0.1433992E-10 0.1755E-13  1.026    
  13      0.1441304E-10 0.6062E-13  0.1434562E-10 0.1685E-13  1.053    
  14      0.1432728E-10 0.6078E-13  0.1434432E-10 0.1624E-13 0.9787    
  15      0.1413189E-10 0.6041E-13  0.1433039E-10 0.1568E-13  1.713    
  16      0.1426821E-10 0.6082E-13  0.1432654E-10 0.1519E-13  1.665    
  17      0.1439155E-10 0.6082E-13  0.1433039E-10 0.1473E-13  1.628    
  18      0.1439434E-10 0.6109E-13  0.1433394E-10 0.1432E-13  1.593    
  19      0.1432664E-10 0.6064E-13  0.1433355E-10 0.1394E-13  1.505    
  20      0.1440241E-10 0.6084E-13  0.1433702E-10 0.1359E-13  1.490    
   
   
 Integral Delta:   1.4337018403133591E-011 +-   1.3588127143506698E-014
 with chisq    =   1.4896643701241243     
  
  
  
 For xq =         4900 
  
 RM48 INITIALIZED:        40           0         0



 INPUT PARAMETERS FOR VEGAS:  NDIM=  3  NCALL=   19876750.
                              IT=    0  ITMX=   10
                              MDS= -1   ND=  43
   1      0.6651097E-11 0.1780E-12  0.6651097E-11 0.1780E-12  0.000    
   2      0.6939389E-11 0.9663E-13  0.6877961E-11 0.8396E-13  1.977    
   3      0.6738635E-11 0.9168E-13  0.6815004E-11 0.6198E-13  1.620    
   4      0.6696980E-11 0.9357E-13  0.6779605E-11 0.5171E-13  1.451    
   5      0.6675626E-11 0.9215E-13  0.6755166E-11 0.4511E-13  1.332    
   6      0.6658841E-11 0.9252E-13  0.6737026E-11 0.4056E-13  1.243    
   7      0.6797528E-11 0.9258E-13  0.6746940E-11 0.3715E-13  1.093    
   8      0.6693009E-11 0.9283E-13  0.6739580E-11 0.3449E-13 0.9795    
   9      0.6784265E-11 0.9422E-13  0.6744933E-11 0.3239E-13 0.8807    
  10      0.6694422E-11 0.9130E-13  0.6739353E-11 0.3053E-13 0.8137    



 INPUT PARAMETERS FOR VEGAS:  NDIM=  3  NCALL=  194672000.
                              IT=    0  ITMX=   20
                              MDS= -1   ND=  46
   1      0.6718316E-11 0.2863E-13  0.6718316E-11 0.2863E-13  0.000    
   2      0.6666111E-11 0.2842E-13  0.6692221E-11 0.2017E-13  1.675    
   3      0.6700281E-11 0.2863E-13  0.6694899E-11 0.1649E-13 0.8633    
   4      0.6632410E-11 0.2846E-13  0.6679413E-11 0.1427E-13  1.770    
   5      0.6726772E-11 0.2869E-13  0.6688908E-11 0.1278E-13  1.874    
   6      0.6677747E-11 0.2851E-13  0.6687046E-11 0.1166E-13  1.526    
   7      0.6685533E-11 0.2844E-13  0.6686829E-11 0.1079E-13  1.272    
   8      0.6688404E-11 0.2866E-13  0.6687024E-11 0.1010E-13  1.091    
   9      0.6730253E-11 0.2866E-13  0.6691850E-11 0.9522E-14  1.208    
  10      0.6737501E-11 0.2862E-13  0.6696457E-11 0.9035E-14  1.330    
  11      0.6721868E-11 0.2862E-13  0.6698775E-11 0.8616E-14  1.268    
  12      0.6711156E-11 0.2851E-13  0.6699815E-11 0.8248E-14  1.168    
  13      0.6695458E-11 0.2857E-13  0.6699480E-11 0.7924E-14  1.073    
  14      0.6683278E-11 0.2854E-13  0.6698326E-11 0.7635E-14  1.014    
  15      0.6711212E-11 0.2864E-13  0.6699185E-11 0.7378E-14 0.9545    
  16      0.6654141E-11 0.2844E-13  0.6696381E-11 0.7141E-14  1.046    
  17      0.6716807E-11 0.2866E-13  0.6697582E-11 0.6929E-14  1.011    
  18      0.6785008E-11 0.2878E-13  0.6702490E-11 0.6737E-14  1.475    
  19      0.6659185E-11 0.2857E-13  0.6700236E-11 0.6557E-14  1.513    
  20      0.6657250E-11 0.2847E-13  0.6698097E-11 0.6390E-14  1.547    
   
   
 Integral Delta:   6.6980973051730716E-012 +-   6.3899512928661094E-015
 with chisq    =   1.5471933908183779     
  
  
  
    xq         Integral Delta                 error
    100      0.209732026129269E-01      0.490199643940328E-05
    400      0.617970186448831E-04      0.308549088996978E-07
    700      0.468417789379199E-05      0.292124038149052E-08
   1000      0.801463993423800E-06      0.562178399535087E-09
   1300      0.199731978229552E-06      0.152357888246703E-09
   1600      0.614223284168584E-07      0.496713510835975E-10
   1900      0.216579620365907E-07      0.181064715850636E-10
   2200      0.835546331917481E-08      0.721870243438239E-11
   2500      0.344592907874079E-08      0.304205014731268E-11
   2800      0.148596662403677E-08      0.134945073154438E-11
   3100      0.661304937609183E-09      0.605884518731908E-12
   3400      0.302144655182986E-09      0.281779373324259E-12
   3700      0.139840276798352E-09      0.131830044621078E-12
   4000      0.654116094407779E-10      0.620356465494564E-13
   4300      0.306364618130256E-10      0.292528964964106E-13
   4600      0.143370184031336E-10      0.135881271435067E-13
   4900      0.669809730517307E-11      0.638995129286611E-14
Thanks for using LHAPDF 6.5.4. Please make sure to cite the paper:
  Eur.Phys.J. C75 (2015) 3, 132  (http://arxiv.org/abs/1412.7420)
