 ____________________________________
   Calculating Virtual Contribution 
 ____________________________________
 ````````````````````````````````````
    Virtual + Dipole over 2-Body PS  
  
  
  
 For xq =          100 
  
 RM48 INITIALIZED:        40           0         0



 INPUT PARAMETERS FOR VEGAS:  NDIM=  3  NCALL=     949104.
                              IT=    0  ITMX=   10
                              MDS= -1   ND=  39
   1      0.9249191     0.3168E-01  0.9249191     0.3168E-01  0.000    
   2      0.9974049     0.9045E-02  0.9926555     0.8432E-02  4.524    
   3      0.9712597     0.3779E-02  0.9747805     0.3432E-02  4.919    
   4      0.9688259     0.1926E-02  0.9702432     0.1676E-02  4.036    
   5      0.9720107     0.1200E-02  0.9714167     0.9728E-03  3.204    
   6      0.9690149     0.9922E-03  0.9702371     0.6942E-03  3.160    
   7      0.9699507     0.8850E-03  0.9701277     0.5459E-03  2.642    
   8      0.9705757     0.8450E-03  0.9702601     0.4583E-03  2.291    
   9      0.9711168     0.8191E-03  0.9704653     0.3998E-03  2.108    
  10      0.9703993     0.8198E-03  0.9704526     0.3593E-03  1.874    



 INPUT PARAMETERS FOR VEGAS:  NDIM=  3  NCALL=    9483264.
                              IT=    0  ITMX=   20
                              MDS= -1   ND=  42
   1      0.9699638     0.1777E-03  0.9699638     0.1777E-03  0.000    
   2      0.9701227     0.1772E-03  0.9700435     0.1255E-03 0.4013    
   3      0.9706928     0.1779E-03  0.9702593     0.1025E-03  4.650    
   4      0.9697925     0.1783E-03  0.9701434     0.8890E-04  4.816    
   5      0.9702523     0.1778E-03  0.9701652     0.7951E-04  3.687    
   6      0.9701264     0.1770E-03  0.9701587     0.7253E-04  2.958    
   7      0.9701747     0.1778E-03  0.9701610     0.6716E-04  2.466    
   8      0.9702429     0.1775E-03  0.9701712     0.6281E-04  2.140    
   9      0.9701413     0.1778E-03  0.9701679     0.5922E-04  1.876    
  10      0.9703365     0.1786E-03  0.9701846     0.5622E-04  1.756    
  11      0.9704148     0.1772E-03  0.9702057     0.5359E-04  1.734    
  12      0.9700717     0.1777E-03  0.9701945     0.5130E-04  1.624    
  13      0.9701209     0.1787E-03  0.9701889     0.4931E-04  1.502    
  14      0.9699525     0.1776E-03  0.9701720     0.4751E-04  1.513    
  15      0.9703790     0.1781E-03  0.9701857     0.4591E-04  1.495    
  16      0.9702534     0.1781E-03  0.9701900     0.4445E-04  1.404    
  17      0.9703586     0.1780E-03  0.9701999     0.4313E-04  1.369    
  18      0.9696154     0.1774E-03  0.9701673     0.4191E-04  1.891    
  19      0.9699636     0.1778E-03  0.9701565     0.4079E-04  1.855    
  20      0.9702768     0.1781E-03  0.9701625     0.3976E-04  1.780    
   
   
 Integral=  0.97016254099478516      +-   3.9759954633159554E-005
 with chisq    =   1.7802535106913386     
  
  
  
 For xq =          200 
  
 RM48 INITIALIZED:        40           0         0



 INPUT PARAMETERS FOR VEGAS:  NDIM=  3  NCALL=     949104.
                              IT=    0  ITMX=   10
                              MDS= -1   ND=  39
   1      0.1043798     0.1944E-02  0.1043798     0.1944E-02  0.000    
   2      0.1011279     0.4527E-03  0.1013055     0.4473E-03  2.730    
   3      0.1018353     0.1961E-03  0.1017486     0.1804E-03  1.963    
   4      0.1020003     0.1190E-03  0.1019235     0.9954E-04  1.764    
   5      0.1019223     0.9255E-04  0.1019229     0.6787E-04  1.325    
   6      0.1020104     0.8341E-04  0.1019576     0.5267E-04  1.193    
   7      0.1018297     0.8058E-04  0.1019195     0.4412E-04  1.288    
   8      0.1018273     0.7758E-04  0.1018971     0.3837E-04  1.257    
   9      0.1017889     0.7583E-04  0.1018752     0.3424E-04  1.303    
  10      0.1018385     0.7598E-04  0.1018690     0.3122E-04  1.180    



 INPUT PARAMETERS FOR VEGAS:  NDIM=  3  NCALL=    9483264.
                              IT=    0  ITMX=   20
                              MDS= -1   ND=  42
   1      0.1018906     0.1630E-04  0.1018906     0.1630E-04  0.000    
   2      0.1018880     0.1630E-04  0.1018893     0.1153E-04 0.1223E-01
   3      0.1019114     0.1622E-04  0.1018967     0.9397E-05 0.6221    
   4      0.1018747     0.1626E-04  0.1018912     0.8136E-05 0.8736    
   5      0.1018858     0.1632E-04  0.1018901     0.7281E-05 0.6774    
   6      0.1019321     0.1626E-04  0.1018971     0.6645E-05  1.653    
   7      0.1019199     0.1628E-04  0.1019004     0.6152E-05  1.656    
   8      0.1019046     0.1633E-04  0.1019009     0.5757E-05  1.427    
   9      0.1018858     0.1642E-04  0.1018993     0.5433E-05  1.344    
  10      0.1018915     0.1626E-04  0.1018985     0.5153E-05  1.217    
  11      0.1019062     0.1629E-04  0.1018992     0.4913E-05  1.115    
  12      0.1019355     0.1628E-04  0.1019022     0.4704E-05  1.428    
  13      0.1018708     0.1640E-04  0.1018998     0.4521E-05  1.591    
  14      0.1019128     0.1633E-04  0.1019008     0.4357E-05  1.514    
  15      0.1019005     0.1637E-04  0.1019007     0.4211E-05  1.406    
  16      0.1018745     0.1622E-04  0.1018991     0.4076E-05  1.476    
  17      0.1018901     0.1626E-04  0.1018986     0.3953E-05  1.402    
  18      0.1018984     0.1625E-04  0.1018985     0.3841E-05  1.319    
  19      0.1019124     0.1628E-04  0.1018993     0.3739E-05  1.284    
  20      0.1019307     0.1629E-04  0.1019008     0.3644E-05  1.402    
   
   
 Integral=  0.10190084497323908      +-   3.6440150804758583E-006
 with chisq    =   1.4023148722305230     
  
  
  
 For xq =          300 
  
 RM48 INITIALIZED:        40           0         0



 INPUT PARAMETERS FOR VEGAS:  NDIM=  3  NCALL=     949104.
                              IT=    0  ITMX=   10
                              MDS= -1   ND=  39
   1      0.2531431E-01 0.3074E-03  0.2531431E-01 0.3074E-03  0.000    
   2      0.2548761E-01 0.7518E-04  0.2547795E-01 0.7281E-04 0.2980    
   3      0.2546144E-01 0.3421E-04  0.2546442E-01 0.3093E-04 0.1698    
   4      0.2550860E-01 0.2390E-04  0.2549215E-01 0.1889E-04 0.5393    
   5      0.2545314E-01 0.2015E-04  0.2547391E-01 0.1378E-04 0.9034    
   6      0.2546892E-01 0.1900E-04  0.2547219E-01 0.1115E-04 0.7315    
   7      0.2544291E-01 0.1833E-04  0.2546428E-01 0.9527E-05 0.9200    
   8      0.2544066E-01 0.1791E-04  0.2545907E-01 0.8411E-05 0.9822    
   9      0.2545628E-01 0.1810E-04  0.2545857E-01 0.7627E-05 0.8618    
  10      0.2544500E-01 0.1791E-04  0.2545649E-01 0.7018E-05 0.8200    



 INPUT PARAMETERS FOR VEGAS:  NDIM=  3  NCALL=    9483264.
                              IT=    0  ITMX=   20
                              MDS= -1   ND=  42
   1      0.2546789E-01 0.3817E-05  0.2546789E-01 0.3817E-05  0.000    
   2      0.2546259E-01 0.3833E-05  0.2546525E-01 0.2705E-05 0.9619    
   3      0.2546532E-01 0.3846E-05  0.2546527E-01 0.2212E-05 0.4810    
   4      0.2545912E-01 0.3851E-05  0.2546375E-01 0.1918E-05 0.9607    
   5      0.2546444E-01 0.3841E-05  0.2546388E-01 0.1716E-05 0.7269    
   6      0.2546779E-01 0.3819E-05  0.2546454E-01 0.1565E-05 0.7556    
   7      0.2546280E-01 0.3832E-05  0.2546429E-01 0.1449E-05 0.6592    
   8      0.2546245E-01 0.3841E-05  0.2546406E-01 0.1356E-05 0.5938    
   9      0.2546271E-01 0.3845E-05  0.2546391E-01 0.1279E-05 0.5333    
  10      0.2546102E-01 0.3822E-05  0.2546362E-01 0.1213E-05 0.5312    
  11      0.2545867E-01 0.3829E-05  0.2546317E-01 0.1156E-05 0.6300    
  12      0.2547076E-01 0.3853E-05  0.2546380E-01 0.1107E-05 0.8966    
  13      0.2546221E-01 0.3862E-05  0.2546368E-01 0.1064E-05 0.8350    
  14      0.2546380E-01 0.3833E-05  0.2546369E-01 0.1026E-05 0.7708    
  15      0.2546295E-01 0.3840E-05  0.2546364E-01 0.9909E-06 0.7182    
  16      0.2546143E-01 0.3849E-05  0.2546350E-01 0.9596E-06 0.6909    
  17      0.2546727E-01 0.3816E-05  0.2546372E-01 0.9306E-06 0.7051    
  18      0.2546645E-01 0.3841E-05  0.2546388E-01 0.9044E-06 0.6916    
  19      0.2546650E-01 0.3838E-05  0.2546401E-01 0.8803E-06 0.6777    
  20      0.2546913E-01 0.3840E-05  0.2546427E-01 0.8581E-06 0.7307    
   
   
 Integral=   2.5464268824464033E-002 +-   8.5807295871040785E-007
 with chisq    =  0.73070077040060721     
  
  
  
 For xq =          400 
  
 RM48 INITIALIZED:        40           0         0



 INPUT PARAMETERS FOR VEGAS:  NDIM=  3  NCALL=     949104.
                              IT=    0  ITMX=   10
                              MDS= -1   ND=  39
   1      0.9189680E-02 0.8270E-04  0.9189680E-02 0.8270E-04  0.000    
   2      0.9167562E-02 0.1917E-04  0.9168695E-02 0.1869E-04 0.6802E-01
   3      0.9151917E-02 0.1013E-04  0.9155744E-02 0.8919E-05 0.3456    
   4      0.9146438E-02 0.7560E-05  0.9150340E-02 0.5772E-05 0.4417    
   5      0.9157380E-02 0.6746E-05  0.9153313E-02 0.4386E-05 0.4885    
   6      0.9164557E-02 0.6304E-05  0.9156983E-02 0.3600E-05 0.8196    
   7      0.9148828E-02 0.6132E-05  0.9154897E-02 0.3105E-05 0.9021    
   8      0.9154361E-02 0.6046E-05  0.9154785E-02 0.2762E-05 0.7742    
   9      0.9154145E-02 0.6097E-05  0.9154676E-02 0.2516E-05 0.6787    
  10      0.9146826E-02 0.6111E-05  0.9153541E-02 0.2327E-05 0.7599    



 INPUT PARAMETERS FOR VEGAS:  NDIM=  3  NCALL=    9483264.
                              IT=    0  ITMX=   20
                              MDS= -1   ND=  42
   1      0.9154076E-02 0.1297E-05  0.9154076E-02 0.1297E-05  0.000    
   2      0.9153335E-02 0.1311E-05  0.9153710E-02 0.9222E-06 0.1614    
   3      0.9153950E-02 0.1310E-05  0.9153789E-02 0.7541E-06 0.9189E-01
   4      0.9153452E-02 0.1311E-05  0.9153705E-02 0.6537E-06 0.7789E-01
   5      0.9152130E-02 0.1297E-05  0.9153387E-02 0.5838E-06 0.3524    
   6      0.9155620E-02 0.1305E-05  0.9153759E-02 0.5329E-06 0.7704    
   7      0.9153836E-02 0.1299E-05  0.9153770E-02 0.4930E-06 0.6425    
   8      0.9152740E-02 0.1296E-05  0.9153640E-02 0.4608E-06 0.6295    
   9      0.9149824E-02 0.1301E-05  0.9153215E-02 0.4344E-06  1.506    
  10      0.9153103E-02 0.1300E-05  0.9153204E-02 0.4120E-06  1.339    
  11      0.9150785E-02 0.1295E-05  0.9152982E-02 0.3926E-06  1.522    
  12      0.9154611E-02 0.1309E-05  0.9153116E-02 0.3760E-06  1.513    
  13      0.9152030E-02 0.1299E-05  0.9153032E-02 0.3612E-06  1.441    
  14      0.9154685E-02 0.1296E-05  0.9153151E-02 0.3480E-06  1.446    
  15      0.9151571E-02 0.1311E-05  0.9153047E-02 0.3363E-06  1.439    
  16      0.9152416E-02 0.1307E-05  0.9153008E-02 0.3257E-06  1.358    
  17      0.9152327E-02 0.1297E-05  0.9152968E-02 0.3159E-06  1.289    
  18      0.9154632E-02 0.1304E-05  0.9153060E-02 0.3070E-06  1.304    
  19      0.9155235E-02 0.1298E-05  0.9153175E-02 0.2988E-06  1.379    
  20      0.9155794E-02 0.1300E-05  0.9153307E-02 0.2912E-06  1.509    
   
   
 Integral=   9.1533067825968501E-003 +-   2.9119469424587422E-007
 with chisq    =   1.5094830801292889     
  
  
  
 For xq =          500 
  
 RM48 INITIALIZED:        40           0         0



 INPUT PARAMETERS FOR VEGAS:  NDIM=  3  NCALL=     949104.
                              IT=    0  ITMX=   10
                              MDS= -1   ND=  39
   1      0.4015129E-02 0.2839E-04  0.4015129E-02 0.2839E-04  0.000    
   2      0.4027124E-02 0.6485E-05  0.4026533E-02 0.6313E-05 0.1692    
   3      0.4029232E-02 0.3868E-05  0.4028498E-02 0.3295E-05 0.1510    
   4      0.4025049E-02 0.3009E-05  0.4026616E-02 0.2222E-05 0.2998    
   5      0.4025326E-02 0.2753E-05  0.4026107E-02 0.1729E-05 0.2581    
   6      0.4025801E-02 0.2645E-05  0.4026016E-02 0.1447E-05 0.2083    
   7      0.4026179E-02 0.2591E-05  0.4026055E-02 0.1263E-05 0.1741    
   8      0.4020480E-02 0.2529E-05  0.4024943E-02 0.1130E-05 0.7040    
   9      0.4024260E-02 0.2523E-05  0.4024829E-02 0.1032E-05 0.6237    
  10      0.4023390E-02 0.2505E-05  0.4024620E-02 0.9539E-06 0.5857    



 INPUT PARAMETERS FOR VEGAS:  NDIM=  3  NCALL=    9483264.
                              IT=    0  ITMX=   20
                              MDS= -1   ND=  42
   1      0.4024978E-02 0.5419E-06  0.4024978E-02 0.5419E-06  0.000    
   2      0.4024200E-02 0.5470E-06  0.4024593E-02 0.3850E-06  1.020    
   3      0.4024333E-02 0.5460E-06  0.4024507E-02 0.3146E-06 0.5855    
   4      0.4024625E-02 0.5451E-06  0.4024536E-02 0.2725E-06 0.4022    
   5      0.4023631E-02 0.5411E-06  0.4024353E-02 0.2434E-06 0.8593    
   6      0.4025242E-02 0.5454E-06  0.4024501E-02 0.2222E-06  1.131    
   7      0.4024440E-02 0.5433E-06  0.4024492E-02 0.2057E-06 0.9441    
   8      0.4024608E-02 0.5425E-06  0.4024507E-02 0.1923E-06 0.8149    
   9      0.4023722E-02 0.5438E-06  0.4024419E-02 0.1813E-06 0.9446    
  10      0.4024546E-02 0.5414E-06  0.4024432E-02 0.1719E-06 0.8451    
  11      0.4023583E-02 0.5464E-06  0.4024356E-02 0.1640E-06 0.9801    
  12      0.4024771E-02 0.5432E-06  0.4024390E-02 0.1570E-06 0.9397    
  13      0.4022975E-02 0.5442E-06  0.4024282E-02 0.1509E-06  1.381    
  14      0.4024097E-02 0.5438E-06  0.4024269E-02 0.1454E-06  1.283    
  15      0.4023669E-02 0.5468E-06  0.4024229E-02 0.1405E-06  1.272    
  16      0.4024267E-02 0.5434E-06  0.4024231E-02 0.1360E-06  1.187    
  17      0.4024067E-02 0.5403E-06  0.4024222E-02 0.1319E-06  1.119    
  18      0.4025044E-02 0.5421E-06  0.4024268E-02 0.1282E-06  1.181    
  19      0.4024998E-02 0.5433E-06  0.4024306E-02 0.1247E-06  1.210    
  20      0.4024734E-02 0.5451E-06  0.4024327E-02 0.1216E-06  1.177    
   
   
 Integral=   4.0243273790311999E-003 +-   1.2159522939456516E-007
 with chisq    =   1.1774839180523915     
  
  
  
 For xq =          600 
  
 RM48 INITIALIZED:        40           0         0



 INPUT PARAMETERS FOR VEGAS:  NDIM=  3  NCALL=     949104.
                              IT=    0  ITMX=   10
                              MDS= -1   ND=  39
   1      0.2022405E-02 0.1213E-04  0.2022405E-02 0.1213E-04  0.000    
   2      0.2006941E-02 0.2778E-05  0.2007723E-02 0.2717E-05  1.555    
   3      0.2009547E-02 0.1755E-05  0.2009008E-02 0.1476E-05 0.9379    
   4      0.2012293E-02 0.1435E-05  0.2010696E-02 0.1029E-05  1.474    
   5      0.2011967E-02 0.1321E-05  0.2011176E-02 0.8117E-06  1.250    
   6      0.2011348E-02 0.1253E-05  0.2011227E-02 0.6814E-06  1.003    
   7      0.2008098E-02 0.1253E-05  0.2010515E-02 0.5987E-06  1.636    
   8      0.2009272E-02 0.1228E-05  0.2010277E-02 0.5382E-06  1.521    
   9      0.2010929E-02 0.1220E-05  0.2010383E-02 0.4924E-06  1.361    
  10      0.2009766E-02 0.1212E-05  0.2010296E-02 0.4562E-06  1.234    



 INPUT PARAMETERS FOR VEGAS:  NDIM=  3  NCALL=    9483264.
                              IT=    0  ITMX=   20
                              MDS= -1   ND=  42
   1      0.2010843E-02 0.2626E-06  0.2010843E-02 0.2626E-06  0.000    
   2      0.2010611E-02 0.2654E-06  0.2010728E-02 0.1867E-06 0.3856    
   3      0.2010542E-02 0.2643E-06  0.2010666E-02 0.1525E-06 0.3571    
   4      0.2010672E-02 0.2641E-06  0.2010668E-02 0.1320E-06 0.2382    
   5      0.2010279E-02 0.2630E-06  0.2010589E-02 0.1180E-06 0.6139    
   6      0.2010706E-02 0.2646E-06  0.2010609E-02 0.1078E-06 0.5232    
   7      0.2010717E-02 0.2631E-06  0.2010624E-02 0.9974E-07 0.4602    
   8      0.2010541E-02 0.2627E-06  0.2010614E-02 0.9324E-07 0.4070    
   9      0.2010252E-02 0.2633E-06  0.2010574E-02 0.8789E-07 0.5653    
  10      0.2010864E-02 0.2627E-06  0.2010603E-02 0.8335E-07 0.6249    
  11      0.2010129E-02 0.2654E-06  0.2010560E-02 0.7952E-07 0.8527    
  12      0.2010907E-02 0.2640E-06  0.2010589E-02 0.7614E-07 0.9190    
  13      0.2009933E-02 0.2631E-06  0.2010539E-02 0.7314E-07  1.320    
  14      0.2010354E-02 0.2640E-06  0.2010525E-02 0.7049E-07  1.253    
  15      0.2010186E-02 0.2635E-06  0.2010503E-02 0.6809E-07  1.274    
  16      0.2010501E-02 0.2638E-06  0.2010503E-02 0.6593E-07  1.189    
  17      0.2010306E-02 0.2617E-06  0.2010491E-02 0.6393E-07  1.148    
  18      0.2010786E-02 0.2630E-06  0.2010507E-02 0.6212E-07  1.151    
  19      0.2010776E-02 0.2637E-06  0.2010521E-02 0.6047E-07  1.141    
  20      0.2010560E-02 0.2635E-06  0.2010523E-02 0.5894E-07  1.082    
   
   
 Integral=   2.0105234239898707E-003 +-   5.8936821115696971E-008
 with chisq    =   1.0823226122083160     
  
  
  
 For xq =          700 
  
 RM48 INITIALIZED:        40           0         0



 INPUT PARAMETERS FOR VEGAS:  NDIM=  3  NCALL=     949104.
                              IT=    0  ITMX=   10
                              MDS= -1   ND=  39
   1      0.1098720E-02 0.5389E-05  0.1098720E-02 0.5389E-05  0.000    
   2      0.1099760E-02 0.1337E-05  0.1099700E-02 0.1297E-05 0.3507E-01
   3      0.1095680E-02 0.8889E-06  0.1096970E-02 0.7342E-06  3.284    
   4      0.1097438E-02 0.7495E-06  0.1097199E-02 0.5245E-06  2.256    
   5      0.1097171E-02 0.6949E-06  0.1097189E-02 0.4187E-06  1.693    
   6      0.1098047E-02 0.6625E-06  0.1097434E-02 0.3539E-06  1.594    
   7      0.1096207E-02 0.6526E-06  0.1097156E-02 0.3112E-06  1.783    
   8      0.1097283E-02 0.6540E-06  0.1097179E-02 0.2810E-06  1.533    
   9      0.1096900E-02 0.6611E-06  0.1097137E-02 0.2586E-06  1.360    
  10      0.1096901E-02 0.6557E-06  0.1097105E-02 0.2406E-06  1.222    



 INPUT PARAMETERS FOR VEGAS:  NDIM=  3  NCALL=    9483264.
                              IT=    0  ITMX=   20
                              MDS= -1   ND=  42
   1      0.1097130E-02 0.1420E-06  0.1097130E-02 0.1420E-06  0.000    
   2      0.1097034E-02 0.1419E-06  0.1097082E-02 0.1004E-06 0.2318    
   3      0.1096993E-02 0.1418E-06  0.1097052E-02 0.8194E-07 0.2465    
   4      0.1097061E-02 0.1421E-06  0.1097054E-02 0.7098E-07 0.1652    
   5      0.1097081E-02 0.1418E-06  0.1097060E-02 0.6347E-07 0.1309    
   6      0.1097157E-02 0.1425E-06  0.1097076E-02 0.5798E-07 0.1829    
   7      0.1097051E-02 0.1423E-06  0.1097072E-02 0.5370E-07 0.1567    
   8      0.1096916E-02 0.1421E-06  0.1097053E-02 0.5023E-07 0.2853    
   9      0.1096888E-02 0.1432E-06  0.1097035E-02 0.4740E-07 0.3964    
  10      0.1096991E-02 0.1423E-06  0.1097031E-02 0.4497E-07 0.3619    
  11      0.1096763E-02 0.1421E-06  0.1097006E-02 0.4287E-07 0.6485    
  12      0.1097226E-02 0.1424E-06  0.1097024E-02 0.4105E-07 0.7885    
  13      0.1096789E-02 0.1421E-06  0.1097006E-02 0.3944E-07 0.9347    
  14      0.1097066E-02 0.1422E-06  0.1097011E-02 0.3800E-07 0.8753    
  15      0.1097007E-02 0.1421E-06  0.1097010E-02 0.3671E-07 0.8129    
  16      0.1096924E-02 0.1428E-06  0.1097005E-02 0.3556E-07 0.7815    
  17      0.1096876E-02 0.1412E-06  0.1096997E-02 0.3448E-07 0.7819    
  18      0.1097138E-02 0.1418E-06  0.1097005E-02 0.3350E-07 0.7909    
  19      0.1097264E-02 0.1423E-06  0.1097019E-02 0.3261E-07 0.9217    
  20      0.1096930E-02 0.1419E-06  0.1097014E-02 0.3178E-07 0.8929    
   
   
 Integral=   1.0970142582062948E-003 +-   3.1784230603792781E-008
 with chisq    =  0.89292844758083678     
  
  
  
 For xq =          800 
  
 RM48 INITIALIZED:        40           0         0



 INPUT PARAMETERS FOR VEGAS:  NDIM=  3  NCALL=     949104.
                              IT=    0  ITMX=   10
                              MDS= -1   ND=  39
   1      0.6348886E-03 0.2743E-05  0.6348886E-03 0.2743E-05  0.000    
   2      0.6373121E-03 0.7060E-06  0.6371625E-03 0.6825E-06 0.7299    
   3      0.6382158E-03 0.4860E-06  0.6378630E-03 0.3955E-06  1.154    
   4      0.6382089E-03 0.4170E-06  0.6380271E-03 0.2868E-06 0.8895    
   5      0.6382515E-03 0.3884E-06  0.6381065E-03 0.2307E-06 0.7207    
   6      0.6382101E-03 0.3742E-06  0.6381351E-03 0.1963E-06 0.5875    
   7      0.6385399E-03 0.3680E-06  0.6382250E-03 0.1732E-06 0.6467    
   8      0.6383339E-03 0.3701E-06  0.6382446E-03 0.1569E-06 0.5643    
   9      0.6382140E-03 0.3738E-06  0.6382400E-03 0.1446E-06 0.4944    
  10      0.6383167E-03 0.3721E-06  0.6382501E-03 0.1348E-06 0.4435    



 INPUT PARAMETERS FOR VEGAS:  NDIM=  3  NCALL=    9483264.
                              IT=    0  ITMX=   20
                              MDS= -1   ND=  42
   1      0.6384626E-03 0.7995E-07  0.6384626E-03 0.7995E-07  0.000    
   2      0.6383570E-03 0.8078E-07  0.6384103E-03 0.5682E-07 0.8637    
   3      0.6382370E-03 0.8063E-07  0.6383528E-03 0.4645E-07  1.976    
   4      0.6384128E-03 0.8025E-07  0.6383679E-03 0.4020E-07  1.457    
   5      0.6382884E-03 0.7998E-07  0.6383519E-03 0.3592E-07  1.289    
   6      0.6384582E-03 0.8060E-07  0.6383695E-03 0.3281E-07  1.322    
   7      0.6383967E-03 0.8067E-07  0.6383733E-03 0.3039E-07  1.118    
   8      0.6383412E-03 0.8052E-07  0.6383693E-03 0.2843E-07 0.9780    
   9      0.6383409E-03 0.8054E-07  0.6383662E-03 0.2681E-07 0.8696    
  10      0.6384950E-03 0.8000E-07  0.6383792E-03 0.2542E-07  1.032    
  11      0.6382689E-03 0.8066E-07  0.6383692E-03 0.2425E-07  1.099    
  12      0.6385099E-03 0.8043E-07  0.6383810E-03 0.2321E-07  1.254    
  13      0.6381991E-03 0.8034E-07  0.6383669E-03 0.2230E-07  1.543    
  14      0.6383105E-03 0.8047E-07  0.6383629E-03 0.2149E-07  1.460    
  15      0.6383563E-03 0.8059E-07  0.6383625E-03 0.2077E-07  1.356    
  16      0.6383821E-03 0.8072E-07  0.6383637E-03 0.2011E-07  1.269    
  17      0.6382445E-03 0.8007E-07  0.6383566E-03 0.1951E-07  1.320    
  18      0.6384790E-03 0.8032E-07  0.6383634E-03 0.1895E-07  1.372    
  19      0.6385113E-03 0.8040E-07  0.6383712E-03 0.1845E-07  1.473    
  20      0.6383680E-03 0.8045E-07  0.6383711E-03 0.1798E-07  1.396    
   
   
 Integral=   6.3837107342530511E-004 +-   1.7982010434907004E-008
 with chisq    =   1.3959397795853532     
  
  
  
 For xq =          900 
  
 RM48 INITIALIZED:        40           0         0



 INPUT PARAMETERS FOR VEGAS:  NDIM=  3  NCALL=     949104.
                              IT=    0  ITMX=   10
                              MDS= -1   ND=  39
   1      0.3912820E-03 0.1485E-05  0.3912820E-03 0.1485E-05  0.000    
   2      0.3901813E-03 0.3989E-06  0.3902558E-03 0.3857E-06 0.5137    
   3      0.3900495E-03 0.2824E-06  0.3901217E-03 0.2280E-06 0.3503    
   4      0.3900311E-03 0.2468E-06  0.3900800E-03 0.1675E-06 0.2579    
   5      0.3902352E-03 0.2291E-06  0.3901341E-03 0.1352E-06 0.2682    
   6      0.3902848E-03 0.2240E-06  0.3901743E-03 0.1158E-06 0.2808    
   7      0.3900950E-03 0.2200E-06  0.3901571E-03 0.1025E-06 0.2510    
   8      0.3900332E-03 0.2201E-06  0.3901351E-03 0.9290E-07 0.2524    
   9      0.3898560E-03 0.2213E-06  0.3900933E-03 0.8566E-07 0.3896    
  10      0.3900772E-03 0.2245E-06  0.3900913E-03 0.8003E-07 0.3468    



 INPUT PARAMETERS FOR VEGAS:  NDIM=  3  NCALL=    9483264.
                              IT=    0  ITMX=   20
                              MDS= -1   ND=  42
   1      0.3901800E-03 0.4847E-07  0.3901800E-03 0.4847E-07  0.000    
   2      0.3901479E-03 0.4840E-07  0.3901639E-03 0.3425E-07 0.2197    
   3      0.3900818E-03 0.4837E-07  0.3901365E-03 0.2795E-07  1.068    
   4      0.3900779E-03 0.4838E-07  0.3901218E-03 0.2420E-07  1.079    
   5      0.3901321E-03 0.4841E-07  0.3901239E-03 0.2165E-07 0.8180    
   6      0.3900956E-03 0.4869E-07  0.3901192E-03 0.1978E-07 0.7107    
   7      0.3900610E-03 0.4853E-07  0.3901109E-03 0.1832E-07 0.7977    
   8      0.3900470E-03 0.4824E-07  0.3901029E-03 0.1712E-07 0.9026    
   9      0.3900813E-03 0.4878E-07  0.3901005E-03 0.1616E-07 0.8116    
  10      0.3901328E-03 0.4869E-07  0.3901037E-03 0.1534E-07 0.7655    
  11      0.3900277E-03 0.4870E-07  0.3900969E-03 0.1463E-07 0.9108    
  12      0.3901549E-03 0.4864E-07  0.3901017E-03 0.1401E-07 0.9469    
  13      0.3899833E-03 0.4845E-07  0.3900925E-03 0.1346E-07  1.327    
  14      0.3900935E-03 0.4843E-07  0.3900926E-03 0.1297E-07  1.225    
  15      0.3900342E-03 0.4847E-07  0.3900887E-03 0.1252E-07  1.235    
  16      0.3900299E-03 0.4870E-07  0.3900851E-03 0.1213E-07  1.243    
  17      0.3900488E-03 0.4815E-07  0.3900829E-03 0.1176E-07  1.199    
  18      0.3901309E-03 0.4833E-07  0.3900856E-03 0.1143E-07  1.183    
  19      0.3901810E-03 0.4865E-07  0.3900906E-03 0.1113E-07  1.320    
  20      0.3900736E-03 0.4840E-07  0.3900897E-03 0.1084E-07  1.257    
   
   
 Integral=   3.9008972613639633E-004 +-   1.0843455369776794E-008
 with chisq    =   1.2568075926467059     
  
  
  
 For xq =         1000 
  
 RM48 INITIALIZED:        40           0         0



 INPUT PARAMETERS FOR VEGAS:  NDIM=  3  NCALL=     949104.
                              IT=    0  ITMX=   10
                              MDS= -1   ND=  39
   1      0.2472352E-03 0.8665E-06  0.2472352E-03 0.8665E-06  0.000    
   2      0.2481039E-03 0.2390E-06  0.2480429E-03 0.2300E-06 0.9312    
   3      0.2474824E-03 0.1686E-06  0.2476785E-03 0.1360E-06  2.397    
   4      0.2475768E-03 0.1533E-06  0.2476337E-03 0.1017E-06  1.680    
   5      0.2478512E-03 0.1444E-06  0.2477059E-03 0.8315E-07  1.639    
   6      0.2478857E-03 0.1393E-06  0.2477532E-03 0.7140E-07  1.557    
   7      0.2475482E-03 0.1398E-06  0.2477108E-03 0.6359E-07  1.581    
   8      0.2479037E-03 0.1354E-06  0.2477457E-03 0.5756E-07  1.593    
   9      0.2475534E-03 0.1378E-06  0.2477172E-03 0.5311E-07  1.601    
  10      0.2476859E-03 0.1414E-06  0.2477133E-03 0.4972E-07  1.428    



 INPUT PARAMETERS FOR VEGAS:  NDIM=  3  NCALL=    9483264.
                              IT=    0  ITMX=   20
                              MDS= -1   ND=  42
   1      0.2476779E-03 0.3055E-07  0.2476779E-03 0.3055E-07  0.000    
   2      0.2477019E-03 0.3060E-07  0.2476899E-03 0.2162E-07 0.3070    
   3      0.2477011E-03 0.3057E-07  0.2476936E-03 0.1765E-07 0.1982    
   4      0.2477182E-03 0.3040E-07  0.2476998E-03 0.1526E-07 0.2950    
   5      0.2476735E-03 0.3056E-07  0.2476946E-03 0.1366E-07 0.3702    
   6      0.2476935E-03 0.3053E-07  0.2476944E-03 0.1247E-07 0.2964    
   7      0.2476858E-03 0.3060E-07  0.2476932E-03 0.1154E-07 0.2584    
   8      0.2476992E-03 0.3036E-07  0.2476939E-03 0.1079E-07 0.2264    
   9      0.2477114E-03 0.3057E-07  0.2476959E-03 0.1018E-07 0.2346    
  10      0.2476926E-03 0.3066E-07  0.2476955E-03 0.9657E-08 0.2097    
  11      0.2476307E-03 0.3048E-07  0.2476896E-03 0.9206E-08 0.6002    
  12      0.2477563E-03 0.3054E-07  0.2476952E-03 0.8814E-08 0.9430    
  13      0.2476609E-03 0.3064E-07  0.2476926E-03 0.8471E-08 0.9605    
  14      0.2477311E-03 0.3069E-07  0.2476953E-03 0.8165E-08 0.9992    
  15      0.2476702E-03 0.3056E-07  0.2476936E-03 0.7889E-08 0.9727    
  16      0.2476863E-03 0.3057E-07  0.2476932E-03 0.7639E-08 0.9114    
  17      0.2476743E-03 0.3039E-07  0.2476920E-03 0.7408E-08 0.8771    
  18      0.2477175E-03 0.3057E-07  0.2476935E-03 0.7200E-08 0.8641    
  19      0.2476983E-03 0.3039E-07  0.2476937E-03 0.7006E-08 0.8174    
  20      0.2476717E-03 0.3042E-07  0.2476926E-03 0.6827E-08 0.8006    
   
   
 Integral=   2.4769260283537476E-004 +-   6.8271019219819351E-009
 with chisq    =  0.80061672335528156     
  
  
  
 For xq =         1100 
  
 RM48 INITIALIZED:        40           0         0



 INPUT PARAMETERS FOR VEGAS:  NDIM=  3  NCALL=     949104.
                              IT=    0  ITMX=   10
                              MDS= -1   ND=  39
   1      0.1622432E-03 0.5125E-06  0.1622432E-03 0.5125E-06  0.000    
   2      0.1623812E-03 0.1482E-06  0.1623706E-03 0.1423E-06 0.6687E-01
   3      0.1623273E-03 0.1080E-06  0.1623431E-03 0.8603E-07 0.6285E-01
   4      0.1621863E-03 0.9720E-07  0.1622743E-03 0.6443E-07 0.5280    
   5      0.1622913E-03 0.9331E-07  0.1622798E-03 0.5302E-07 0.4016    
   6      0.1623302E-03 0.9097E-07  0.1622926E-03 0.4581E-07 0.3672    
   7      0.1621303E-03 0.8929E-07  0.1622588E-03 0.4076E-07 0.7416    
   8      0.1622688E-03 0.8808E-07  0.1622606E-03 0.3699E-07 0.6372    
   9      0.1621599E-03 0.8857E-07  0.1622456E-03 0.3413E-07 0.6950    
  10      0.1621876E-03 0.9150E-07  0.1622386E-03 0.3198E-07 0.6570    



 INPUT PARAMETERS FOR VEGAS:  NDIM=  3  NCALL=    9483264.
                              IT=    0  ITMX=   20
                              MDS= -1   ND=  42
   1      0.1622089E-03 0.1959E-07  0.1622089E-03 0.1959E-07  0.000    
   2      0.1622010E-03 0.1961E-07  0.1622050E-03 0.1386E-07 0.8322E-01
   3      0.1622053E-03 0.1969E-07  0.1622051E-03 0.1133E-07 0.4169E-01
   4      0.1622166E-03 0.1953E-07  0.1622079E-03 0.9802E-08 0.1142    
   5      0.1621972E-03 0.1976E-07  0.1622058E-03 0.8780E-08 0.1446    
   6      0.1622013E-03 0.1960E-07  0.1622051E-03 0.8013E-08 0.1244    
   7      0.1621974E-03 0.1972E-07  0.1622040E-03 0.7423E-08 0.1254    
   8      0.1621956E-03 0.1954E-07  0.1622029E-03 0.6939E-08 0.1304    
   9      0.1622101E-03 0.1971E-07  0.1622037E-03 0.6546E-08 0.1287    
  10      0.1622129E-03 0.1974E-07  0.1622046E-03 0.6213E-08 0.1361    
  11      0.1621525E-03 0.1960E-07  0.1621999E-03 0.5922E-08 0.7660    
  12      0.1622336E-03 0.1968E-07  0.1622027E-03 0.5671E-08 0.9409    
  13      0.1621631E-03 0.1974E-07  0.1621997E-03 0.5451E-08  1.171    
  14      0.1621980E-03 0.1969E-07  0.1621995E-03 0.5253E-08  1.082    
  15      0.1621881E-03 0.1966E-07  0.1621988E-03 0.5075E-08  1.027    
  16      0.1621920E-03 0.1965E-07  0.1621984E-03 0.4914E-08 0.9656    
  17      0.1621981E-03 0.1957E-07  0.1621983E-03 0.4766E-08 0.9053    
  18      0.1622102E-03 0.1965E-07  0.1621990E-03 0.4632E-08 0.8724    
  19      0.1622182E-03 0.1956E-07  0.1622000E-03 0.4507E-08 0.8747    
  20      0.1621962E-03 0.1957E-07  0.1621998E-03 0.4392E-08 0.8306    
   
   
 Integral=   1.6219983609627175E-004 +-   4.3920878653907082E-009
 with chisq    =  0.83058869632906696     
  
  
  
 For xq =         1200 
  
 RM48 INITIALIZED:        40           0         0



 INPUT PARAMETERS FOR VEGAS:  NDIM=  3  NCALL=     949104.
                              IT=    0  ITMX=   10
                              MDS= -1   ND=  39
   1      0.1093482E-03 0.3152E-06  0.1093482E-03 0.3152E-06  0.000    
   2      0.1089614E-03 0.9710E-07  0.1089951E-03 0.9293E-07  1.379    
   3      0.1090747E-03 0.7085E-07  0.1090454E-03 0.5636E-07 0.9214    
   4      0.1088812E-03 0.6354E-07  0.1089733E-03 0.4218E-07  1.860    
   5      0.1089657E-03 0.6155E-07  0.1089709E-03 0.3480E-07  1.398    
   6      0.1089351E-03 0.5993E-07  0.1089619E-03 0.3009E-07  1.172    
   7      0.1089246E-03 0.5907E-07  0.1089542E-03 0.2682E-07  1.030    
   8      0.1089744E-03 0.5868E-07  0.1089577E-03 0.2439E-07 0.8965    
   9      0.1088892E-03 0.5901E-07  0.1089477E-03 0.2254E-07 0.9280    
  10      0.1089235E-03 0.6084E-07  0.1089448E-03 0.2114E-07 0.8405    



 INPUT PARAMETERS FOR VEGAS:  NDIM=  3  NCALL=    9483264.
                              IT=    0  ITMX=   20
                              MDS= -1   ND=  42
   1      0.1089234E-03 0.1300E-07  0.1089234E-03 0.1300E-07  0.000    
   2      0.1089281E-03 0.1301E-07  0.1089258E-03 0.9194E-08 0.6353E-01
   3      0.1089394E-03 0.1301E-07  0.1089303E-03 0.7509E-08 0.3990    
   4      0.1089451E-03 0.1298E-07  0.1089340E-03 0.6500E-08 0.5899    
   5      0.1089278E-03 0.1306E-07  0.1089328E-03 0.5819E-08 0.4872    
   6      0.1089307E-03 0.1305E-07  0.1089324E-03 0.5315E-08 0.3939    
   7      0.1089356E-03 0.1308E-07  0.1089329E-03 0.4924E-08 0.3368    
   8      0.1089263E-03 0.1293E-07  0.1089321E-03 0.4602E-08 0.3207    
   9      0.1089397E-03 0.1309E-07  0.1089329E-03 0.4341E-08 0.3186    
  10      0.1089409E-03 0.1309E-07  0.1089337E-03 0.4121E-08 0.3209    
  11      0.1089117E-03 0.1302E-07  0.1089317E-03 0.3929E-08 0.5490    
  12      0.1089671E-03 0.1303E-07  0.1089347E-03 0.3761E-08  1.114    
  13      0.1089120E-03 0.1306E-07  0.1089329E-03 0.3615E-08  1.253    
  14      0.1089450E-03 0.1305E-07  0.1089338E-03 0.3483E-08  1.218    
  15      0.1089121E-03 0.1308E-07  0.1089323E-03 0.3366E-08  1.314    
  16      0.1089299E-03 0.1305E-07  0.1089322E-03 0.3259E-08  1.229    
  17      0.1089261E-03 0.1291E-07  0.1089318E-03 0.3160E-08  1.165    
  18      0.1089486E-03 0.1302E-07  0.1089328E-03 0.3071E-08  1.189    
  19      0.1089474E-03 0.1301E-07  0.1089335E-03 0.2989E-08  1.190    
  20      0.1089240E-03 0.1299E-07  0.1089330E-03 0.2913E-08  1.154    
   
   
 Integral=   1.0893304815315321E-004 +-   2.9125636970449250E-009
 with chisq    =   1.1543527100721158     
  
  
  
 For xq =         1300 
  
 RM48 INITIALIZED:        40           0         0



 INPUT PARAMETERS FOR VEGAS:  NDIM=  3  NCALL=     949104.
                              IT=    0  ITMX=   10
                              MDS= -1   ND=  39
   1      0.7485727E-04 0.2019E-06  0.7485727E-04 0.2019E-06  0.000    
   2      0.7461164E-04 0.6339E-07  0.7463381E-04 0.6056E-07  1.351    
   3      0.7475844E-04 0.4735E-07  0.7471117E-04 0.3730E-07  1.989    
   4      0.7470703E-04 0.4315E-07  0.7470940E-04 0.2822E-07  1.328    
   5      0.7464449E-04 0.4103E-07  0.7468859E-04 0.2325E-07  1.421    
   6      0.7467458E-04 0.4016E-07  0.7468507E-04 0.2013E-07  1.155    
   7      0.7469423E-04 0.3976E-07  0.7468694E-04 0.1796E-07 0.9698    
   8      0.7471402E-04 0.4041E-07  0.7469141E-04 0.1641E-07 0.8848    
   9      0.7466067E-04 0.3981E-07  0.7468695E-04 0.1517E-07 0.8380    
  10      0.7469595E-04 0.4140E-07  0.7468801E-04 0.1424E-07 0.7495    



 INPUT PARAMETERS FOR VEGAS:  NDIM=  3  NCALL=    9483264.
                              IT=    0  ITMX=   20
                              MDS= -1   ND=  42
   1      0.7471380E-04 0.8749E-08  0.7471380E-04 0.8749E-08  0.000    
   2      0.7469009E-04 0.8732E-08  0.7470192E-04 0.6180E-08  3.681    
   3      0.7471047E-04 0.8752E-08  0.7470477E-04 0.5049E-08  2.158    
   4      0.7472568E-04 0.8719E-08  0.7471002E-04 0.4369E-08  2.876    
   5      0.7470850E-04 0.8778E-08  0.7470972E-04 0.3911E-08  2.163    
   6      0.7471089E-04 0.8776E-08  0.7470991E-04 0.3573E-08  1.733    
   7      0.7470970E-04 0.8797E-08  0.7470988E-04 0.3310E-08  1.444    
   8      0.7471752E-04 0.8683E-08  0.7471085E-04 0.3093E-08  1.335    
   9      0.7470593E-04 0.8785E-08  0.7471031E-04 0.2917E-08  1.203    
  10      0.7470324E-04 0.8793E-08  0.7470961E-04 0.2769E-08  1.134    
  11      0.7469549E-04 0.8759E-08  0.7470833E-04 0.2640E-08  1.256    
  12      0.7472375E-04 0.8747E-08  0.7470961E-04 0.2528E-08  1.401    
  13      0.7471126E-04 0.8782E-08  0.7470974E-04 0.2429E-08  1.287    
  14      0.7470236E-04 0.8777E-08  0.7470922E-04 0.2341E-08  1.239    
  15      0.7470634E-04 0.8724E-08  0.7470902E-04 0.2261E-08  1.158    
  16      0.7470915E-04 0.8758E-08  0.7470903E-04 0.2189E-08  1.080    
  17      0.7470763E-04 0.8760E-08  0.7470895E-04 0.2124E-08  1.014    
  18      0.7471678E-04 0.8787E-08  0.7470938E-04 0.2064E-08 0.9988    
  19      0.7472058E-04 0.8751E-08  0.7470997E-04 0.2009E-08  1.030    
  20      0.7470785E-04 0.8723E-08  0.7470986E-04 0.1958E-08 0.9783    
   
   
 Integral=   7.4709864660659484E-005 +-   1.9580208927945799E-009
 with chisq    =  0.97833819842659486     
  
  
  
 For xq =         1400 
  
 RM48 INITIALIZED:        40           0         0



 INPUT PARAMETERS FOR VEGAS:  NDIM=  3  NCALL=     949104.
                              IT=    0  ITMX=   10
                              MDS= -1   ND=  39
   1      0.5210983E-04 0.1288E-06  0.5210983E-04 0.1288E-06  0.000    
   2      0.5212772E-04 0.4272E-07  0.5212595E-04 0.4054E-07 0.1737E-01
   3      0.5213822E-04 0.3249E-07  0.5213342E-04 0.2535E-07 0.3657E-01
   4      0.5216771E-04 0.2987E-07  0.5214779E-04 0.1932E-07 0.2798    
   5      0.5212142E-04 0.2837E-07  0.5213943E-04 0.1597E-07 0.3574    
   6      0.5213449E-04 0.2780E-07  0.5213821E-04 0.1385E-07 0.2907    
   7      0.5208646E-04 0.2776E-07  0.5212791E-04 0.1239E-07 0.7055    
   8      0.5215033E-04 0.2804E-07  0.5213158E-04 0.1134E-07 0.6811    
   9      0.5211872E-04 0.2778E-07  0.5212974E-04 0.1050E-07 0.6189    
  10      0.5214113E-04 0.2880E-07  0.5213108E-04 0.9861E-08 0.5655    



 INPUT PARAMETERS FOR VEGAS:  NDIM=  3  NCALL=    9483264.
                              IT=    0  ITMX=   20
                              MDS= -1   ND=  42
   1      0.5216168E-04 0.6080E-08  0.5216168E-04 0.6080E-08  0.000    
   2      0.5215570E-04 0.6072E-08  0.5215868E-04 0.4296E-08 0.4839    
   3      0.5215759E-04 0.6062E-08  0.5215832E-04 0.3505E-08 0.2529    
   4      0.5216563E-04 0.6039E-08  0.5216016E-04 0.3032E-08 0.5343    
   5      0.5215198E-04 0.6109E-08  0.5215854E-04 0.2716E-08 0.7603    
   6      0.5216141E-04 0.6093E-08  0.5215902E-04 0.2480E-08 0.6453    
   7      0.5215391E-04 0.6103E-08  0.5215830E-04 0.2298E-08 0.6379    
   8      0.5216135E-04 0.6037E-08  0.5215868E-04 0.2148E-08 0.5786    
   9      0.5215893E-04 0.6090E-08  0.5215871E-04 0.2025E-08 0.5065    
  10      0.5215110E-04 0.6101E-08  0.5215795E-04 0.1922E-08 0.6060    
  11      0.5214413E-04 0.6068E-08  0.5215669E-04 0.1832E-08  1.017    
  12      0.5217104E-04 0.6060E-08  0.5215790E-04 0.1754E-08  1.391    
  13      0.5215711E-04 0.6099E-08  0.5215783E-04 0.1686E-08  1.277    
  14      0.5215581E-04 0.6097E-08  0.5215769E-04 0.1625E-08  1.186    
  15      0.5215464E-04 0.6073E-08  0.5215749E-04 0.1570E-08  1.118    
  16      0.5215261E-04 0.6071E-08  0.5215718E-04 0.1520E-08  1.084    
  17      0.5215140E-04 0.6053E-08  0.5215684E-04 0.1474E-08  1.070    
  18      0.5215666E-04 0.6100E-08  0.5215683E-04 0.1433E-08  1.007    
  19      0.5216297E-04 0.6082E-08  0.5215715E-04 0.1394E-08  1.005    
  20      0.5215719E-04 0.6053E-08  0.5215715E-04 0.1359E-08 0.9520    
   
   
 Integral=   5.2157153489798829E-005 +-   1.3588632545561784E-009
 with chisq    =  0.95202007425570523     
  
  
  
 For xq =         1500 
  
 RM48 INITIALIZED:        40           0         0



 INPUT PARAMETERS FOR VEGAS:  NDIM=  3  NCALL=     949104.
                              IT=    0  ITMX=   10
                              MDS= -1   ND=  39
   1      0.3694934E-04 0.8616E-07  0.3694934E-04 0.8616E-07  0.000    
   2      0.3696665E-04 0.2948E-07  0.3696484E-04 0.2789E-07 0.3611E-01
   3      0.3696084E-04 0.2279E-07  0.3696244E-04 0.1765E-07 0.2423E-01
   4      0.3699920E-04 0.2101E-07  0.3697767E-04 0.1351E-07 0.6149    
   5      0.3693505E-04 0.1997E-07  0.3696430E-04 0.1119E-07  1.242    
   6      0.3695965E-04 0.1966E-07  0.3696316E-04 0.9725E-08  1.002    
   7      0.3691774E-04 0.1961E-07  0.3695421E-04 0.8713E-08  1.552    
   8      0.3696937E-04 0.1965E-07  0.3695671E-04 0.7965E-08  1.401    
   9      0.3693392E-04 0.1962E-07  0.3695349E-04 0.7380E-08  1.371    
  10      0.3695029E-04 0.1996E-07  0.3695310E-04 0.6922E-08  1.221    



 INPUT PARAMETERS FOR VEGAS:  NDIM=  3  NCALL=    9483264.
                              IT=    0  ITMX=   20
                              MDS= -1   ND=  42
   1      0.3696511E-04 0.4252E-08  0.3696511E-04 0.4252E-08  0.000    
   2      0.3696091E-04 0.4258E-08  0.3696301E-04 0.3009E-08 0.4873    
   3      0.3696836E-04 0.4249E-08  0.3696480E-04 0.2455E-08 0.7717    
   4      0.3696798E-04 0.4256E-08  0.3696559E-04 0.2127E-08 0.6546    
   5      0.3696404E-04 0.4272E-08  0.3696529E-04 0.1904E-08 0.5174    
   6      0.3696878E-04 0.4262E-08  0.3696587E-04 0.1738E-08 0.5258    
   7      0.3697030E-04 0.4284E-08  0.3696649E-04 0.1611E-08 0.5917    
   8      0.3697125E-04 0.4244E-08  0.3696709E-04 0.1506E-08 0.6643    
   9      0.3696844E-04 0.4273E-08  0.3696724E-04 0.1420E-08 0.5924    
  10      0.3696113E-04 0.4266E-08  0.3696663E-04 0.1348E-08 0.7318    
  11      0.3696390E-04 0.4239E-08  0.3696638E-04 0.1284E-08 0.6964    
  12      0.3697190E-04 0.4258E-08  0.3696684E-04 0.1230E-08 0.7730    
  13      0.3696810E-04 0.4270E-08  0.3696694E-04 0.1182E-08 0.7153    
  14      0.3696016E-04 0.4259E-08  0.3696645E-04 0.1139E-08 0.8414    
  15      0.3696727E-04 0.4252E-08  0.3696651E-04 0.1100E-08 0.7837    
  16      0.3696625E-04 0.4276E-08  0.3696649E-04 0.1065E-08 0.7317    
  17      0.3696877E-04 0.4258E-08  0.3696663E-04 0.1033E-08 0.7028    
  18      0.3697047E-04 0.4260E-08  0.3696684E-04 0.1004E-08 0.7068    
  19      0.3697250E-04 0.4250E-08  0.3696714E-04 0.9773E-09 0.7608    
  20      0.3696389E-04 0.4257E-08  0.3696698E-04 0.9525E-09 0.7498    
   
   
 Integral=   3.6966976883537677E-005 +-   9.5250392858631245E-010
 with chisq    =  0.74984858625952322     
  
  
  
 For xq =         1600 
  
 RM48 INITIALIZED:        40           0         0



 INPUT PARAMETERS FOR VEGAS:  NDIM=  3  NCALL=     949104.
                              IT=    0  ITMX=   10
                              MDS= -1   ND=  39
   1      0.2649500E-04 0.5893E-07  0.2649500E-04 0.5893E-07  0.000    
   2      0.2656360E-04 0.2028E-07  0.2655637E-04 0.1916E-07  1.209    
   3      0.2656793E-04 0.1603E-07  0.2656318E-04 0.1229E-07 0.7112    
   4      0.2652075E-04 0.1488E-07  0.2654599E-04 0.9476E-08  2.084    
   5      0.2653821E-04 0.1445E-07  0.2654365E-04 0.7924E-08  1.614    
   6      0.2653954E-04 0.1411E-07  0.2654267E-04 0.6909E-08  1.304    
   7      0.2652188E-04 0.1426E-07  0.2653872E-04 0.6218E-08  1.373    
   8      0.2655012E-04 0.1410E-07  0.2654058E-04 0.5689E-08  1.255    
   9      0.2652253E-04 0.1396E-07  0.2653801E-04 0.5269E-08  1.278    
  10      0.2654919E-04 0.1449E-07  0.2653931E-04 0.4951E-08  1.194    



 INPUT PARAMETERS FOR VEGAS:  NDIM=  3  NCALL=    9483264.
                              IT=    0  ITMX=   20
                              MDS= -1   ND=  42
   1      0.2654382E-04 0.3042E-08  0.2654382E-04 0.3042E-08  0.000    
   2      0.2654062E-04 0.3052E-08  0.2654223E-04 0.2155E-08 0.5528    
   3      0.2654384E-04 0.3053E-08  0.2654276E-04 0.1760E-08 0.3699    
   4      0.2654690E-04 0.3041E-08  0.2654380E-04 0.1523E-08 0.7090    
   5      0.2654370E-04 0.3057E-08  0.2654378E-04 0.1364E-08 0.5320    
   6      0.2654462E-04 0.3056E-08  0.2654392E-04 0.1245E-08 0.4381    
   7      0.2654158E-04 0.3060E-08  0.2654359E-04 0.1153E-08 0.4490    
   8      0.2654326E-04 0.3034E-08  0.2654355E-04 0.1078E-08 0.3863    
   9      0.2654378E-04 0.3062E-08  0.2654357E-04 0.1017E-08 0.3386    
  10      0.2654575E-04 0.3068E-08  0.2654379E-04 0.9653E-09 0.3514    
  11      0.2653671E-04 0.3049E-08  0.2654314E-04 0.9203E-09 0.8059    
  12      0.2655130E-04 0.3049E-08  0.2654383E-04 0.8810E-09  1.329    
  13      0.2653975E-04 0.3058E-08  0.2654351E-04 0.8466E-09  1.354    
  14      0.2654546E-04 0.3050E-08  0.2654365E-04 0.8157E-09  1.279    
  15      0.2654282E-04 0.3052E-08  0.2654360E-04 0.7881E-09  1.193    
  16      0.2654213E-04 0.3052E-08  0.2654350E-04 0.7631E-09  1.128    
  17      0.2654281E-04 0.3047E-08  0.2654346E-04 0.7402E-09  1.060    
  18      0.2654842E-04 0.3064E-08  0.2654374E-04 0.7195E-09  1.144    
  19      0.2654856E-04 0.3044E-08  0.2654399E-04 0.7002E-09  1.212    
  20      0.2654459E-04 0.3034E-08  0.2654402E-04 0.6823E-09  1.151    
   
   
 Integral=   2.6544022806920217E-005 +-   6.8226622002336524E-010
 with chisq    =   1.1505090741608144     
  
  
  
 For xq =         1700 
  
 RM48 INITIALIZED:        40           0         0



 INPUT PARAMETERS FOR VEGAS:  NDIM=  3  NCALL=     949104.
                              IT=    0  ITMX=   10
                              MDS= -1   ND=  39
   1      0.1929918E-04 0.4040E-07  0.1929918E-04 0.4040E-07  0.000    
   2      0.1928835E-04 0.1447E-07  0.1928958E-04 0.1363E-07 0.6367E-01
   3      0.1929734E-04 0.1142E-07  0.1929414E-04 0.8751E-08 0.1270    
   4      0.1926134E-04 0.1074E-07  0.1928107E-04 0.6785E-08  1.952    
   5      0.1926553E-04 0.1038E-07  0.1927643E-04 0.5679E-08  1.857    
   6      0.1926878E-04 0.1017E-07  0.1927461E-04 0.4958E-08  1.572    
   7      0.1926144E-04 0.1039E-07  0.1927217E-04 0.4476E-08  1.528    
   8      0.1927700E-04 0.1030E-07  0.1927294E-04 0.4105E-08  1.336    
   9      0.1926252E-04 0.1032E-07  0.1927152E-04 0.3814E-08  1.279    
  10      0.1927799E-04 0.1059E-07  0.1927226E-04 0.3589E-08  1.174    



 INPUT PARAMETERS FOR VEGAS:  NDIM=  3  NCALL=    9483264.
                              IT=    0  ITMX=   20
                              MDS= -1   ND=  42
   1      0.1927591E-04 0.2212E-08  0.1927591E-04 0.2212E-08  0.000    
   2      0.1927258E-04 0.2215E-08  0.1927425E-04 0.1565E-08  1.129    
   3      0.1927783E-04 0.2217E-08  0.1927544E-04 0.1279E-08  1.435    
   4      0.1927731E-04 0.2200E-08  0.1927591E-04 0.1105E-08  1.138    
   5      0.1927708E-04 0.2214E-08  0.1927614E-04 0.9890E-09 0.9089    
   6      0.1927651E-04 0.2219E-08  0.1927620E-04 0.9034E-09 0.7317    
   7      0.1927451E-04 0.2224E-08  0.1927596E-04 0.8369E-09 0.6932    
   8      0.1927366E-04 0.2218E-08  0.1927568E-04 0.7830E-09 0.7291    
   9      0.1927566E-04 0.2225E-08  0.1927568E-04 0.7386E-09 0.6380    
  10      0.1927721E-04 0.2232E-08  0.1927583E-04 0.7012E-09 0.6141    
  11      0.1927064E-04 0.2219E-08  0.1927536E-04 0.6686E-09  1.050    
  12      0.1927856E-04 0.2221E-08  0.1927562E-04 0.6403E-09  1.128    
  13      0.1927229E-04 0.2223E-08  0.1927537E-04 0.6152E-09  1.207    
  14      0.1927673E-04 0.2225E-08  0.1927546E-04 0.5930E-09  1.141    
  15      0.1927376E-04 0.2220E-08  0.1927535E-04 0.5729E-09  1.099    
  16      0.1927332E-04 0.2231E-08  0.1927522E-04 0.5549E-09  1.077    
  17      0.1927450E-04 0.2209E-08  0.1927518E-04 0.5382E-09  1.016    
  18      0.1927849E-04 0.2227E-08  0.1927536E-04 0.5231E-09  1.079    
  19      0.1927888E-04 0.2220E-08  0.1927555E-04 0.5092E-09  1.151    
  20      0.1927715E-04 0.2214E-08  0.1927563E-04 0.4962E-09  1.117    
   
   
 Integral=   1.9275628751500752E-005 +-   4.9622006502250526E-010
 with chisq    =   1.1166586265189580     
  
  
  
 For xq =         1800 
  
 RM48 INITIALIZED:        40           0         0



 INPUT PARAMETERS FOR VEGAS:  NDIM=  3  NCALL=     949104.
                              IT=    0  ITMX=   10
                              MDS= -1   ND=  39
   1      0.1410869E-04 0.2808E-07  0.1410869E-04 0.2808E-07  0.000    
   2      0.1414790E-04 0.1025E-07  0.1414331E-04 0.9616E-08  1.717    
   3      0.1414827E-04 0.8351E-08  0.1414614E-04 0.6303E-08 0.9335    
   4      0.1413433E-04 0.7757E-08  0.1414144E-04 0.4892E-08  1.088    
   5      0.1412661E-04 0.7526E-08  0.1413704E-04 0.4102E-08  1.498    
   6      0.1413329E-04 0.7325E-08  0.1413615E-04 0.3579E-08  1.239    
   7      0.1412710E-04 0.7535E-08  0.1413448E-04 0.3233E-08  1.228    
   8      0.1413413E-04 0.7437E-08  0.1413443E-04 0.2965E-08  1.053    
   9      0.1412760E-04 0.7485E-08  0.1413350E-04 0.2756E-08  1.011    
  10      0.1413673E-04 0.7613E-08  0.1413388E-04 0.2592E-08 0.9163    



 INPUT PARAMETERS FOR VEGAS:  NDIM=  3  NCALL=    9483264.
                              IT=    0  ITMX=   20
                              MDS= -1   ND=  42
   1      0.1413581E-04 0.1590E-08  0.1413581E-04 0.1590E-08  0.000    
   2      0.1413362E-04 0.1583E-08  0.1413471E-04 0.1122E-08 0.9600    
   3      0.1413605E-04 0.1586E-08  0.1413516E-04 0.9158E-09 0.7187    
   4      0.1413795E-04 0.1584E-08  0.1413586E-04 0.7929E-09  1.258    
   5      0.1413452E-04 0.1596E-08  0.1413559E-04 0.7100E-09  1.085    
   6      0.1413692E-04 0.1596E-08  0.1413581E-04 0.6487E-09 0.9831    
   7      0.1413602E-04 0.1594E-08  0.1413584E-04 0.6008E-09 0.8218    
   8      0.1413722E-04 0.1576E-08  0.1413602E-04 0.5614E-09 0.7997    
   9      0.1413639E-04 0.1596E-08  0.1413606E-04 0.5296E-09 0.7057    
  10      0.1413571E-04 0.1590E-08  0.1413602E-04 0.5025E-09 0.6321    
  11      0.1413518E-04 0.1589E-08  0.1413595E-04 0.4791E-09 0.5943    
  12      0.1413853E-04 0.1591E-08  0.1413616E-04 0.4587E-09 0.7606    
  13      0.1413696E-04 0.1587E-08  0.1413622E-04 0.4407E-09 0.7170    
  14      0.1413547E-04 0.1592E-08  0.1413617E-04 0.4247E-09 0.6779    
  15      0.1413421E-04 0.1576E-08  0.1413604E-04 0.4101E-09 0.7323    
  16      0.1413544E-04 0.1592E-08  0.1413600E-04 0.3971E-09 0.6922    
  17      0.1413545E-04 0.1586E-08  0.1413597E-04 0.3852E-09 0.6559    
  18      0.1413696E-04 0.1589E-08  0.1413602E-04 0.3744E-09 0.6388    
  19      0.1413886E-04 0.1588E-08  0.1413617E-04 0.3644E-09 0.7720    
  20      0.1413579E-04 0.1582E-08  0.1413615E-04 0.3551E-09 0.7343    
   
   
 Integral=   1.4136152246764681E-005 +-   3.5509822999043853E-010
 with chisq    =  0.73432523966862728     
  
  
  
 For xq =         1900 
  
 RM48 INITIALIZED:        40           0         0



 INPUT PARAMETERS FOR VEGAS:  NDIM=  3  NCALL=     949104.
                              IT=    0  ITMX=   10
                              MDS= -1   ND=  39
   1      0.1046880E-04 0.1978E-07  0.1046880E-04 0.1978E-07  0.000    
   2      0.1044588E-04 0.7412E-08  0.1044872E-04 0.6946E-08  1.179    
   3      0.1046446E-04 0.5989E-08  0.1045775E-04 0.4535E-08  2.062    
   4      0.1045102E-04 0.5632E-08  0.1045511E-04 0.3533E-08  1.664    
   5      0.1045328E-04 0.5554E-08  0.1045458E-04 0.2981E-08  1.267    
   6      0.1045818E-04 0.5324E-08  0.1045544E-04 0.2601E-08  1.083    
   7      0.1045000E-04 0.5459E-08  0.1045443E-04 0.2348E-08  1.038    
   8      0.1045599E-04 0.5405E-08  0.1045468E-04 0.2154E-08 0.8995    
   9      0.1045127E-04 0.5532E-08  0.1045423E-04 0.2007E-08 0.8284    
  10      0.1045634E-04 0.5459E-08  0.1045448E-04 0.1884E-08 0.7509    



 INPUT PARAMETERS FOR VEGAS:  NDIM=  3  NCALL=    9483264.
                              IT=    0  ITMX=   20
                              MDS= -1   ND=  42
   1      0.1045661E-04 0.1172E-08  0.1045661E-04 0.1172E-08  0.000    
   2      0.1045407E-04 0.1181E-08  0.1045535E-04 0.8317E-09  2.335    
   3      0.1045701E-04 0.1173E-08  0.1045590E-04 0.6785E-09  1.830    
   4      0.1045671E-04 0.1175E-08  0.1045611E-04 0.5876E-09  1.336    
   5      0.1045555E-04 0.1177E-08  0.1045599E-04 0.5257E-09  1.047    
   6      0.1045877E-04 0.1182E-08  0.1045645E-04 0.4804E-09  1.756    
   7      0.1045805E-04 0.1180E-08  0.1045668E-04 0.4449E-09  1.724    
   8      0.1045941E-04 0.1167E-08  0.1045702E-04 0.4157E-09  2.159    
   9      0.1045708E-04 0.1185E-08  0.1045703E-04 0.3923E-09  1.889    
  10      0.1045599E-04 0.1178E-08  0.1045693E-04 0.3722E-09  1.757    
  11      0.1045576E-04 0.1172E-08  0.1045682E-04 0.3547E-09  1.672    
  12      0.1045817E-04 0.1176E-08  0.1045693E-04 0.3396E-09  1.630    
  13      0.1045811E-04 0.1180E-08  0.1045702E-04 0.3264E-09  1.570    
  14      0.1045677E-04 0.1173E-08  0.1045701E-04 0.3144E-09  1.453    
  15      0.1045786E-04 0.1177E-08  0.1045706E-04 0.3038E-09  1.384    
  16      0.1045701E-04 0.1182E-08  0.1045706E-04 0.2942E-09  1.292    
  17      0.1045872E-04 0.1176E-08  0.1045716E-04 0.2854E-09  1.328    
  18      0.1045860E-04 0.1172E-08  0.1045724E-04 0.2773E-09  1.334    
  19      0.1045805E-04 0.1175E-08  0.1045728E-04 0.2699E-09  1.286    
  20      0.1045571E-04 0.1176E-08  0.1045720E-04 0.2630E-09  1.307    
   
   
 Integral=   1.0457202491782297E-005 +-   2.6304538935518942E-010
 with chisq    =   1.3067761786812901     
  
  
  
 For xq =         2000 
  
 RM48 INITIALIZED:        40           0         0



 INPUT PARAMETERS FOR VEGAS:  NDIM=  3  NCALL=     949104.
                              IT=    0  ITMX=   10
                              MDS= -1   ND=  39
   1      0.7797812E-05 0.1460E-07  0.7797812E-05 0.1460E-07  0.000    
   2      0.7792983E-05 0.5350E-08  0.7793555E-05 0.5024E-08 0.9646E-01
   3      0.7792185E-05 0.4465E-08  0.7792790E-05 0.3338E-08 0.6901E-01
   4      0.7794445E-05 0.4175E-08  0.7793435E-05 0.2607E-08 0.7798E-01
   5      0.7789793E-05 0.4103E-08  0.7792389E-05 0.2201E-08 0.1987    
   6      0.7797362E-05 0.3990E-08  0.7793549E-05 0.1927E-08 0.3973    
   7      0.7788497E-05 0.4021E-08  0.7792607E-05 0.1738E-08 0.5450    
   8      0.7796431E-05 0.3974E-08  0.7793221E-05 0.1592E-08 0.5782    
   9      0.7789758E-05 0.4138E-08  0.7792775E-05 0.1486E-08 0.5822    
  10      0.7793354E-05 0.3996E-08  0.7792845E-05 0.1393E-08 0.5195    



 INPUT PARAMETERS FOR VEGAS:  NDIM=  3  NCALL=    9483264.
                              IT=    0  ITMX=   20
                              MDS= -1   ND=  42
   1      0.7792876E-05 0.8990E-09  0.7792876E-05 0.8990E-09  0.000    
   2      0.7792937E-05 0.9037E-09  0.7792907E-05 0.6373E-09 0.2279E-02
   3      0.7795198E-05 0.9070E-09  0.7793664E-05 0.5215E-09  2.138    
   4      0.7795214E-05 0.8999E-09  0.7794054E-05 0.4512E-09  2.165    
   5      0.7793627E-05 0.9065E-09  0.7793969E-05 0.4039E-09  1.668    
   6      0.7796085E-05 0.9074E-09  0.7794319E-05 0.3690E-09  2.242    
   7      0.7795234E-05 0.9021E-09  0.7794451E-05 0.3415E-09  2.015    
   8      0.7795278E-05 0.9004E-09  0.7794555E-05 0.3193E-09  1.833    
   9      0.7794891E-05 0.9050E-09  0.7794592E-05 0.3011E-09  1.619    
  10      0.7795276E-05 0.8993E-09  0.7794661E-05 0.2856E-09  1.497    
  11      0.7795275E-05 0.9085E-09  0.7794716E-05 0.2724E-09  1.389    
  12      0.7794703E-05 0.9030E-09  0.7794715E-05 0.2608E-09  1.263    
  13      0.7794714E-05 0.9037E-09  0.7794715E-05 0.2506E-09  1.157    
  14      0.7793675E-05 0.9051E-09  0.7794641E-05 0.2415E-09  1.163    
  15      0.7795002E-05 0.8994E-09  0.7794665E-05 0.2332E-09  1.090    
  16      0.7794871E-05 0.9078E-09  0.7794678E-05 0.2259E-09  1.021    
  17      0.7794877E-05 0.9000E-09  0.7794690E-05 0.2191E-09 0.9599    
  18      0.7796084E-05 0.9043E-09  0.7794767E-05 0.2129E-09  1.035    
  19      0.7795134E-05 0.9006E-09  0.7794786E-05 0.2072E-09 0.9867    
  20      0.7792974E-05 0.9031E-09  0.7794696E-05 0.2020E-09  1.136    
   
   
 Integral=   7.7946958279449325E-006 +-   2.0197634275435851E-010
 with chisq    =   1.1360762984606434     
  
  
    xq            Integral
    100      0.970162540994785E+00
    200      0.101900844973239E+00
    300      0.254642688244640E-01
    400      0.915330678259685E-02
    500      0.402432737903120E-02
    600      0.201052342398987E-02
    700      0.109701425820629E-02
    800      0.638371073425305E-03
    900      0.390089726136396E-03
   1000      0.247692602835375E-03
   1100      0.162199836096272E-03
   1200      0.108933048153153E-03
   1300      0.747098646606595E-04
   1400      0.521571534897988E-04
   1500      0.369669768835377E-04
   1600      0.265440228069202E-04
   1700      0.192756287515008E-04
   1800      0.141361522467647E-04
   1900      0.104572024917823E-04
   2000      0.779469582794493E-05

