    100      0.988979223055304E-02      0.150660615099761E-03
    200      0.686945169817876E-03      0.142470721414442E-04
    300      0.145694354885873E-03      0.326650645921463E-05
    400      0.432112423179945E-04      0.109954538219164E-05
    500      0.175779201861297E-04      0.457056179723388E-06
    600      0.849322723432847E-05      0.217987987039617E-06
    700      0.467886406569224E-05      0.114223833819232E-06
    800      0.273852153379872E-05      0.642331476480443E-07
    900      0.153483439309236E-05      0.380210696731595E-07
   1000      0.103165062682943E-05      0.234657019700064E-07

   100.00000000000000        9.8897922305530399E-003   1.5066061509976057E-004
 Writing your data in ../summary/run_09/PK_Plus_eps_0.5_1.dat
LHAPDF 6.5.4 loading /home/niraj/1TB-Disc/Workspace-IITG/Packages/Install/LHAPDF-6.5.4/install/share/LHAPDF/MMHT2014nlo68cl/MMHT2014nlo68cl_0000.dat
MMHT2014nlo68cl PDF set, member #0, version 3; LHAPDF ID = 25100
   
   
 ~~~~~~~~~~~~~~~~~~~~~~~~~~~~~~~~~~~~~~~~~~~~
     Calculating [+] distribution with delta 1d-5
 ~~~~~~~~~~~~~~~~~~~~~~~~~~~~~~~~~~~~~~~~~~~~
   
 ~~~~~~~~~~~~~~~~~~~~~~~~~~~~~~~~~~~~~~~~
Using Vegas points:                   2.E+08
         Iteration:                   10
 ~~~~~~~~~~~~~~~~~~~~~~~~~~~~~~~~~~~~~~~~
  
 For xq =          100 
  
 RM48 INITIALIZED:        40           0         0



 INPUT PARAMETERS FOR VEGAS:  NDIM=  4  NCALL=  192119202.
                              IT=    0  ITMX=   10
                              MDS= -1   ND=  33
   1      0.3390425E-01 0.4041E-01  0.3390425E-01 0.4041E-01  0.000    
   2      0.2567521E-02 0.8561E-02  0.3035436E-01 0.2698E-01 0.1355    
   3      0.1099749E-01 0.4899E-02  0.1363185E-01 0.8542E-02 0.3938    
   4      0.9476473E-02 0.3219E-02  0.1114822E-01 0.4854E-02 0.3858    
   5      0.1190433E-01 0.2569E-02  0.1159952E-01 0.2896E-02 0.3318    
   6      0.7612112E-02 0.2330E-02  0.1068684E-01 0.2366E-02 0.4070    
   7      0.1593950E-01 0.2270E-02  0.1338657E-01 0.1646E-02 0.7644    
   8      0.1321425E-01 0.2217E-02  0.1334001E-01 0.1377E-02 0.6837    
   9      0.8728133E-02 0.2201E-02  0.1284744E-01 0.1250E-02 0.8105    
  10      0.9058195E-02 0.2197E-02  0.1245514E-01 0.1145E-02 0.8829    



 INPUT PARAMETERS FOR VEGAS:  NDIM=  4  NCALL= 1919025152.
                              IT=    0  ITMX=   20
                              MDS= -1   ND=  44
   1      0.9727371E-02 0.6739E-03  0.9727371E-02 0.6739E-03  0.000    
   2      0.1095265E-01 0.6725E-03  0.1041366E-01 0.4760E-03  1.633    
   3      0.8253752E-02 0.6740E-03  0.9894231E-02 0.3888E-03  3.749    
   4      0.9073851E-02 0.6724E-03  0.9708813E-02 0.3366E-03  2.927    
   5      0.1042123E-01 0.6739E-03  0.9871891E-02 0.3011E-03  2.362    
   6      0.1071866E-01 0.6750E-03  0.1003654E-01 0.2750E-03  2.122    
   7      0.8430620E-02 0.6733E-03  0.9863346E-02 0.2546E-03  2.479    
   8      0.1022401E-01 0.6740E-03  0.9912633E-02 0.2382E-03  2.135    
   9      0.9108698E-02 0.6749E-03  0.9834159E-02 0.2246E-03  2.036    
  10      0.1038602E-01 0.6731E-03  0.9896599E-02 0.2130E-03  1.859    
  11      0.9370613E-02 0.6732E-03  0.9852252E-02 0.2031E-03  1.737    
  12      0.9162076E-02 0.6750E-03  0.9801017E-02 0.1945E-03  1.673    
  13      0.8672021E-02 0.6721E-03  0.9730058E-02 0.1868E-03  1.737    
  14      0.1061097E-01 0.6744E-03  0.9805361E-02 0.1801E-03  1.723    
  15      0.1016101E-01 0.6750E-03  0.9831172E-02 0.1740E-03  1.609    
  16      0.9254284E-02 0.6725E-03  0.9798186E-02 0.1684E-03  1.553    
  17      0.1001737E-01 0.6742E-03  0.9811883E-02 0.1634E-03  1.457    
  18      0.1090433E-01 0.6736E-03  0.9887320E-02 0.1588E-03  1.530    
  19      0.9920706E-02 0.6739E-03  0.9889123E-02 0.1546E-03  1.443    
  20      0.9902229E-02 0.6742E-03  0.9889792E-02 0.1507E-03  1.366    
   
   
 Integral Plus:   9.8897922305530399E-003 +-   1.5066061509976057E-004
 with chisq    =   1.3657286643207596     
  
  
  
    xq         Integral Plus                 error
    100      0.988979223055304E-02      0.150660615099761E-03
Thanks for using LHAPDF 6.5.4. Please make sure to cite the paper:
  Eur.Phys.J. C75 (2015) 3, 132  (http://arxiv.org/abs/1412.7420)
   200.00000000000000        6.8694516981787569E-004   1.4247072141444239E-005
 Writing your data in ../summary/run_09/PK_Plus_eps_0.5_2.dat
LHAPDF 6.5.4 loading /home/niraj/1TB-Disc/Workspace-IITG/Packages/Install/LHAPDF-6.5.4/install/share/LHAPDF/MMHT2014nlo68cl/MMHT2014nlo68cl_0000.dat
MMHT2014nlo68cl PDF set, member #0, version 3; LHAPDF ID = 25100
   
   
 ~~~~~~~~~~~~~~~~~~~~~~~~~~~~~~~~~~~~~~~~~~~~
     Calculating [+] distribution with delta 1d-5
 ~~~~~~~~~~~~~~~~~~~~~~~~~~~~~~~~~~~~~~~~~~~~
   
 ~~~~~~~~~~~~~~~~~~~~~~~~~~~~~~~~~~~~~~~~
Using Vegas points:                   2.E+08
         Iteration:                   10
 ~~~~~~~~~~~~~~~~~~~~~~~~~~~~~~~~~~~~~~~~
  
 For xq =          200 
  
 RM48 INITIALIZED:        40           0         0



 INPUT PARAMETERS FOR VEGAS:  NDIM=  4  NCALL=  192119202.
                              IT=    0  ITMX=   10
                              MDS= -1   ND=  33
   1      0.4264035E-02 0.2153E-02  0.4264035E-02 0.2153E-02  0.000    
   2      0.3835124E-03 0.5307E-03  0.3808048E-02 0.1436E-02 0.7573    
   3      0.5505044E-03 0.3071E-03  0.2441367E-02 0.9006E-03  2.152    
   4      0.5524064E-03 0.2410E-03  0.1672602E-02 0.6055E-03  2.665    
   5      0.8781310E-03 0.2194E-03  0.1232759E-02 0.3691E-03  2.687    
   6      0.5288873E-03 0.2117E-03  0.1107844E-02 0.3078E-03  2.696    
   7      0.6459398E-03 0.2074E-03  0.1007989E-02 0.2549E-03  2.660    
   8      0.8148179E-03 0.2061E-03  0.9580703E-03 0.2086E-03  2.547    
   9      0.8198386E-03 0.2047E-03  0.9290975E-03 0.1777E-03  2.442    
  10      0.8196572E-03 0.2041E-03  0.9100542E-03 0.1555E-03  2.348    



 INPUT PARAMETERS FOR VEGAS:  NDIM=  4  NCALL= 1919025152.
                              IT=    0  ITMX=   20
                              MDS= -1   ND=  44
   1      0.6144453E-03 0.6373E-04  0.6144453E-03 0.6373E-04  0.000    
   2      0.6609620E-03 0.6382E-04  0.6393669E-03 0.4510E-04 0.2646    
   3      0.8291501E-03 0.6358E-04  0.7265282E-03 0.3677E-04  3.415    
   4      0.6621347E-03 0.6362E-04  0.7119547E-03 0.3184E-04  2.589    
   5      0.7021024E-03 0.6369E-04  0.7099598E-03 0.2848E-04  1.940    
   6      0.7429049E-03 0.6375E-04  0.7160400E-03 0.2600E-04  1.566    
   7      0.6446753E-03 0.6364E-04  0.7073069E-03 0.2407E-04  1.494    
   8      0.6598203E-03 0.6386E-04  0.7019446E-03 0.2252E-04  1.361    
   9      0.6978536E-03 0.6361E-04  0.7014825E-03 0.2123E-04  1.189    
  10      0.6406408E-03 0.6384E-04  0.6962297E-03 0.2015E-04  1.153    
  11      0.6034073E-03 0.6369E-04  0.6895959E-03 0.1921E-04  1.215    
  12      0.7525012E-03 0.6385E-04  0.6958587E-03 0.1839E-04  1.180    
  13      0.7670267E-03 0.6372E-04  0.7025545E-03 0.1767E-04  1.176    
  14      0.6585070E-03 0.6385E-04  0.6997085E-03 0.1703E-04  1.125    
  15      0.5136176E-03 0.6376E-04  0.6926523E-03 0.1645E-04  1.410    
  16      0.6680921E-03 0.6364E-04  0.6911663E-03 0.1593E-04  1.328    
  17      0.7254807E-03 0.6364E-04  0.6934516E-03 0.1545E-04  1.254    
  18      0.6880065E-03 0.6365E-04  0.6931439E-03 0.1502E-04  1.179    
  19      0.6322972E-03 0.6376E-04  0.6903822E-03 0.1462E-04  1.164    
  20      0.6043214E-03 0.6366E-04  0.6869452E-03 0.1425E-04  1.188    
   
   
 Integral Plus:   6.8694516981787569E-004 +-   1.4247072141444239E-005
 with chisq    =   1.1882319804705583     
  
  
  
    xq         Integral Plus                 error
    200      0.686945169817876E-03      0.142470721414442E-04
Thanks for using LHAPDF 6.5.4. Please make sure to cite the paper:
  Eur.Phys.J. C75 (2015) 3, 132  (http://arxiv.org/abs/1412.7420)
   300.00000000000000        1.4569435488587346E-004   3.2665064592146329E-006
 Writing your data in ../summary/run_09/PK_Plus_eps_0.5_3.dat
LHAPDF 6.5.4 loading /home/niraj/1TB-Disc/Workspace-IITG/Packages/Install/LHAPDF-6.5.4/install/share/LHAPDF/MMHT2014nlo68cl/MMHT2014nlo68cl_0000.dat
MMHT2014nlo68cl PDF set, member #0, version 3; LHAPDF ID = 25100
   
   
 ~~~~~~~~~~~~~~~~~~~~~~~~~~~~~~~~~~~~~~~~~~~~
     Calculating [+] distribution with delta 1d-5
 ~~~~~~~~~~~~~~~~~~~~~~~~~~~~~~~~~~~~~~~~~~~~
   
 ~~~~~~~~~~~~~~~~~~~~~~~~~~~~~~~~~~~~~~~~
Using Vegas points:                   2.E+08
         Iteration:                   10
 ~~~~~~~~~~~~~~~~~~~~~~~~~~~~~~~~~~~~~~~~
  
 For xq =          300 
  
 RM48 INITIALIZED:        40           0         0



 INPUT PARAMETERS FOR VEGAS:  NDIM=  4  NCALL=  192119202.
                              IT=    0  ITMX=   10
                              MDS= -1   ND=  33
   1      0.3915199E-03 0.3686E-03  0.3915199E-03 0.3686E-03  0.000    
   2      0.2627946E-03 0.9327E-04  0.2788116E-03 0.1107E-03 0.1472    
   3      0.1265580E-03 0.6100E-04  0.2297899E-03 0.7709E-04 0.5288    
   4      0.3644348E-04 0.5169E-04  0.2228597E-03 0.6573E-04 0.5671    
   5      0.1576495E-03 0.4890E-04  0.1949241E-03 0.4670E-04 0.6011    
   6      0.1734288E-03 0.4739E-04  0.1872782E-03 0.3611E-04 0.5344    
   7      0.1097298E-03 0.4685E-04  0.1774167E-03 0.3187E-04 0.6087    
   8      0.1627033E-03 0.4689E-04  0.1742063E-03 0.2747E-04 0.5559    
   9      0.9363752E-04 0.4637E-04  0.1686626E-03 0.2532E-04 0.6143    
  10      0.1508581E-03 0.4703E-04  0.1660284E-03 0.2290E-04 0.5773    



 INPUT PARAMETERS FOR VEGAS:  NDIM=  4  NCALL= 1919025152.
                              IT=    0  ITMX=   20
                              MDS= -1   ND=  44
   1      0.1706519E-03 0.1460E-04  0.1706519E-03 0.1460E-04  0.000    
   2      0.1295606E-03 0.1461E-04  0.1556369E-03 0.1033E-04  3.671    
   3      0.1572206E-03 0.1460E-04  0.1561914E-03 0.8431E-05  1.794    
   4      0.1508999E-03 0.1456E-04  0.1548958E-03 0.7297E-05  1.238    
   5      0.1437960E-03 0.1458E-04  0.1528801E-03 0.6525E-05  1.058    
   6      0.1452376E-03 0.1462E-04  0.1516921E-03 0.5959E-05 0.9003    
   7      0.1582707E-03 0.1461E-04  0.1527188E-03 0.5518E-05 0.7696    
   8      0.1548551E-03 0.1461E-04  0.1529964E-03 0.5162E-05 0.6585    
   9      0.1316091E-03 0.1463E-04  0.1511640E-03 0.4867E-05 0.7816    
  10      0.1469134E-03 0.1465E-04  0.1507550E-03 0.4619E-05 0.7054    
  11      0.1451754E-03 0.1461E-04  0.1502735E-03 0.4404E-05 0.6508    
  12      0.1591630E-03 0.1461E-04  0.1511087E-03 0.4217E-05 0.6191    
  13      0.1613368E-03 0.1461E-04  0.1520088E-03 0.4051E-05 0.6033    
  14      0.1131437E-03 0.1461E-04  0.1503962E-03 0.3904E-05 0.8780    
  15      0.1237437E-03 0.1461E-04  0.1491357E-03 0.3772E-05 0.9929    
  16      0.1367494E-03 0.1461E-04  0.1484588E-03 0.3652E-05 0.9741    
  17      0.1462205E-03 0.1461E-04  0.1483272E-03 0.3543E-05 0.9147    
  18      0.1310569E-03 0.1462E-04  0.1475495E-03 0.3443E-05 0.9340    
  19      0.1195960E-03 0.1460E-04  0.1465371E-03 0.3351E-05  1.032    
  20      0.1240069E-03 0.1462E-04  0.1456944E-03 0.3267E-05  1.081    
   
   
 Integral Plus:   1.4569435488587346E-004 +-   3.2665064592146329E-006
 with chisq    =   1.0811076876365660     
  
  
  
    xq         Integral Plus                 error
    300      0.145694354885873E-03      0.326650645921463E-05
Thanks for using LHAPDF 6.5.4. Please make sure to cite the paper:
  Eur.Phys.J. C75 (2015) 3, 132  (http://arxiv.org/abs/1412.7420)
   400.00000000000000        4.3211242317994456E-005   1.0995453821916411E-006
 Writing your data in ../summary/run_09/PK_Plus_eps_0.5_4.dat
LHAPDF 6.5.4 loading /home/niraj/1TB-Disc/Workspace-IITG/Packages/Install/LHAPDF-6.5.4/install/share/LHAPDF/MMHT2014nlo68cl/MMHT2014nlo68cl_0000.dat
MMHT2014nlo68cl PDF set, member #0, version 3; LHAPDF ID = 25100
   
   
 ~~~~~~~~~~~~~~~~~~~~~~~~~~~~~~~~~~~~~~~~~~~~
     Calculating [+] distribution with delta 1d-5
 ~~~~~~~~~~~~~~~~~~~~~~~~~~~~~~~~~~~~~~~~~~~~
   
 ~~~~~~~~~~~~~~~~~~~~~~~~~~~~~~~~~~~~~~~~
Using Vegas points:                   2.E+08
         Iteration:                   10
 ~~~~~~~~~~~~~~~~~~~~~~~~~~~~~~~~~~~~~~~~
  
 For xq =          400 
  
 RM48 INITIALIZED:        40           0         0



 INPUT PARAMETERS FOR VEGAS:  NDIM=  4  NCALL=  192119202.
                              IT=    0  ITMX=   10
                              MDS= -1   ND=  33
   1      0.2010253E-04 0.9885E-04  0.2010253E-04 0.9885E-04  0.000    
   2      0.9953475E-04 0.2727E-04  0.9928896E-04 0.1964E-04 0.5045E-01
   3      0.5656159E-04 0.1897E-04  0.8222145E-04 0.1423E-04  1.111    
   4      0.3982816E-04 0.1695E-04  0.7379835E-04 0.1166E-04  1.586    
   5      0.2977149E-04 0.1614E-04  0.6899382E-04 0.1013E-04  1.864    
   6      0.4079440E-04 0.1593E-04  0.6409235E-04 0.8829E-05  1.913    
   7      0.5834641E-04 0.1571E-04  0.6255432E-04 0.7640E-05  1.578    
   8      0.4734204E-04 0.1563E-04  0.6025451E-04 0.6926E-05  1.485    
   9      0.2420379E-04 0.1582E-04  0.5891530E-04 0.6487E-05  1.564    
  10      0.5296171E-04 0.1569E-04  0.5800357E-04 0.5987E-05  1.397    



 INPUT PARAMETERS FOR VEGAS:  NDIM=  4  NCALL= 1919025152.
                              IT=    0  ITMX=   20
                              MDS= -1   ND=  44
   1      0.4334697E-04 0.4923E-05  0.4334697E-04 0.4923E-05  0.000    
   2      0.3753542E-04 0.4909E-05  0.4084861E-04 0.3477E-05 0.6849    
   3      0.3824341E-04 0.4923E-05  0.4004790E-04 0.2840E-05 0.4451    
   4      0.4828551E-04 0.4908E-05  0.4276765E-04 0.2457E-05  1.094    
   5      0.3446078E-04 0.4923E-05  0.4157820E-04 0.2199E-05  1.316    
   6      0.4075697E-04 0.4935E-05  0.4144171E-04 0.2008E-05  1.057    
   7      0.3493119E-04 0.4914E-05  0.4072785E-04 0.1859E-05  1.114    
   8      0.4270485E-04 0.4907E-05  0.4100691E-04 0.1738E-05 0.9606    
   9      0.4716176E-04 0.4921E-05  0.4190653E-04 0.1639E-05  1.027    
  10      0.4205236E-04 0.4918E-05  0.4192173E-04 0.1555E-05 0.9088    
  11      0.4166530E-04 0.4923E-05  0.4189797E-04 0.1483E-05 0.8165    
  12      0.3832999E-04 0.4927E-05  0.4163900E-04 0.1420E-05 0.7894    
  13      0.4359648E-04 0.4906E-05  0.4180833E-04 0.1364E-05 0.7300    
  14      0.4788087E-04 0.4912E-05  0.4238082E-04 0.1314E-05 0.7976    
  15      0.4891426E-04 0.4926E-05  0.4296319E-04 0.1270E-05 0.8761    
  16      0.4094630E-04 0.4912E-05  0.4284401E-04 0.1229E-05 0.8308    
  17      0.4588816E-04 0.4919E-05  0.4305375E-04 0.1193E-05 0.7966    
  18      0.4700388E-04 0.4913E-05  0.4332076E-04 0.1159E-05 0.7834    
  19      0.4399857E-04 0.4911E-05  0.4335868E-04 0.1128E-05 0.7384    
  20      0.4000662E-04 0.4924E-05  0.4321124E-04 0.1100E-05 0.7245    
   
   
 Integral Plus:   4.3211242317994456E-005 +-   1.0995453821916411E-006
 with chisq    =  0.72445568007093308     
  
  
  
    xq         Integral Plus                 error
    400      0.432112423179945E-04      0.109954538219164E-05
Thanks for using LHAPDF 6.5.4. Please make sure to cite the paper:
  Eur.Phys.J. C75 (2015) 3, 132  (http://arxiv.org/abs/1412.7420)
   500.00000000000000        1.7577920186129698E-005   4.5705617972338758E-007
 Writing your data in ../summary/run_09/PK_Plus_eps_0.5_5.dat
LHAPDF 6.5.4 loading /home/niraj/1TB-Disc/Workspace-IITG/Packages/Install/LHAPDF-6.5.4/install/share/LHAPDF/MMHT2014nlo68cl/MMHT2014nlo68cl_0000.dat
MMHT2014nlo68cl PDF set, member #0, version 3; LHAPDF ID = 25100
   
   
 ~~~~~~~~~~~~~~~~~~~~~~~~~~~~~~~~~~~~~~~~~~~~
     Calculating [+] distribution with delta 1d-5
 ~~~~~~~~~~~~~~~~~~~~~~~~~~~~~~~~~~~~~~~~~~~~
   
 ~~~~~~~~~~~~~~~~~~~~~~~~~~~~~~~~~~~~~~~~
Using Vegas points:                   2.E+08
         Iteration:                   10
 ~~~~~~~~~~~~~~~~~~~~~~~~~~~~~~~~~~~~~~~~
  
 For xq =          500 
  
 RM48 INITIALIZED:        40           0         0



 INPUT PARAMETERS FOR VEGAS:  NDIM=  4  NCALL=  192119202.
                              IT=    0  ITMX=   10
                              MDS= -1   ND=  33
   1      0.7691773E-04 0.3667E-04  0.7691773E-04 0.3667E-04  0.000    
   2      0.1269378E-04 0.1025E-04  0.6030841E-04 0.2263E-04  1.544    
   3      0.1785939E-04 0.7582E-05  0.3979519E-04 0.1363E-04  2.312    
   4      0.1286812E-04 0.6916E-05  0.3355679E-04 0.1048E-04  2.395    
   5      0.1164361E-04 0.6695E-05  0.2986807E-04 0.8634E-05  2.425    
   6      0.2573111E-04 0.6545E-05  0.2795500E-04 0.6058E-05  2.142    
   7      0.6947457E-05 0.6548E-05  0.2727054E-04 0.5534E-05  2.145    
   8      0.1139088E-04 0.6540E-05  0.2598876E-04 0.5007E-05  2.172    
   9      0.1420379E-04 0.6509E-05  0.2466348E-04 0.4506E-05  2.167    
  10      0.2612350E-04 0.6536E-05  0.2506342E-04 0.3800E-05  1.970    



 INPUT PARAMETERS FOR VEGAS:  NDIM=  4  NCALL= 1919025152.
                              IT=    0  ITMX=   20
                              MDS= -1   ND=  44
   1      0.1802939E-04 0.2039E-05  0.1802939E-04 0.2039E-05  0.000    
   2      0.2156126E-04 0.2048E-05  0.2010040E-04 0.1446E-05  1.448    
   3      0.1519698E-04 0.2042E-05  0.1898934E-04 0.1180E-05  2.353    
   4      0.1902354E-04 0.2043E-05  0.1899830E-04 0.1022E-05  1.544    
   5      0.1672544E-04 0.2044E-05  0.1861600E-04 0.9140E-06  1.420    
   6      0.1890629E-04 0.2044E-05  0.1866735E-04 0.8344E-06  1.126    
   7      0.1795914E-04 0.2047E-05  0.1857005E-04 0.7727E-06 0.9604    
   8      0.1421587E-04 0.2046E-05  0.1822471E-04 0.7228E-06  1.245    
   9      0.1721235E-04 0.2043E-05  0.1811902E-04 0.6814E-06  1.123    
  10      0.1809805E-04 0.2043E-05  0.1811685E-04 0.6464E-06 0.9946    
  11      0.1656321E-04 0.2044E-05  0.1799298E-04 0.6163E-06 0.9529    
  12      0.1740818E-04 0.2044E-05  0.1794565E-04 0.5901E-06 0.8752    
  13      0.1771289E-04 0.2046E-05  0.1792770E-04 0.5670E-06 0.8029    
  14      0.1710160E-04 0.2043E-05  0.1787213E-04 0.5463E-06 0.7556    
  15      0.1439311E-04 0.2046E-05  0.1771431E-04 0.5278E-06 0.8519    
  16      0.1595050E-04 0.2040E-05  0.1762075E-04 0.5110E-06 0.8432    
  17      0.1822090E-04 0.2039E-05  0.1765965E-04 0.4957E-06 0.7913    
  18      0.1688251E-04 0.2048E-05  0.1761902E-04 0.4818E-06 0.7548    
  19      0.1779421E-04 0.2047E-05  0.1762864E-04 0.4689E-06 0.7114    
  20      0.1650939E-04 0.2043E-05  0.1757792E-04 0.4571E-06 0.6909    
   
   
 Integral Plus:   1.7577920186129698E-005 +-   4.5705617972338758E-007
 with chisq    =  0.69093901677308700     
  
  
  
    xq         Integral Plus                 error
    500      0.175779201861297E-04      0.457056179723388E-06
Thanks for using LHAPDF 6.5.4. Please make sure to cite the paper:
  Eur.Phys.J. C75 (2015) 3, 132  (http://arxiv.org/abs/1412.7420)
   600.00000000000000        8.4932272343284690E-006   2.1798798703961670E-007
 Writing your data in ../summary/run_09/PK_Plus_eps_0.5_6.dat
LHAPDF 6.5.4 loading /home/niraj/1TB-Disc/Workspace-IITG/Packages/Install/LHAPDF-6.5.4/install/share/LHAPDF/MMHT2014nlo68cl/MMHT2014nlo68cl_0000.dat
MMHT2014nlo68cl PDF set, member #0, version 3; LHAPDF ID = 25100
   
   
 ~~~~~~~~~~~~~~~~~~~~~~~~~~~~~~~~~~~~~~~~~~~~
     Calculating [+] distribution with delta 1d-5
 ~~~~~~~~~~~~~~~~~~~~~~~~~~~~~~~~~~~~~~~~~~~~
   
 ~~~~~~~~~~~~~~~~~~~~~~~~~~~~~~~~~~~~~~~~
Using Vegas points:                   2.E+08
         Iteration:                   10
 ~~~~~~~~~~~~~~~~~~~~~~~~~~~~~~~~~~~~~~~~
  
 For xq =          600 
  
 RM48 INITIALIZED:        40           0         0



 INPUT PARAMETERS FOR VEGAS:  NDIM=  4  NCALL=  192119202.
                              IT=    0  ITMX=   10
                              MDS= -1   ND=  33
   1      0.1518638E-04 0.1511E-04  0.1518638E-04 0.1511E-04  0.000    
   2      0.3585391E-05 0.4543E-05  0.1076303E-04 0.8633E-05 0.4260    
   3      0.9821856E-05 0.3497E-05  0.9983292E-05 0.3449E-05 0.2341    
   4      0.2503386E-05 0.3231E-05  0.9539701E-05 0.2924E-05 0.3261    
   5      0.1038029E-04 0.3136E-05  0.9976645E-05 0.2075E-05 0.2434    
   6      0.1377327E-04 0.3112E-05  0.1180504E-04 0.1624E-05 0.4376    
   7      0.1021360E-04 0.3104E-05  0.1147037E-04 0.1440E-05 0.3999    
   8      0.8925252E-05 0.3088E-05  0.1111512E-04 0.1315E-05 0.4183    
   9      0.9973222E-05 0.3090E-05  0.1094581E-04 0.1211E-05 0.3817    
  10      0.3245822E-05 0.3091E-05  0.1082683E-04 0.1146E-05 0.4490    



 INPUT PARAMETERS FOR VEGAS:  NDIM=  4  NCALL= 1919025152.
                              IT=    0  ITMX=   20
                              MDS= -1   ND=  44
   1      0.7769884E-05 0.9768E-06  0.7769884E-05 0.9768E-06  0.000    
   2      0.8483687E-05 0.9761E-06  0.8158321E-05 0.6904E-06 0.2651    
   3      0.8954025E-05 0.9753E-06  0.8458927E-05 0.5635E-06 0.3582    
   4      0.9136610E-05 0.9762E-06  0.8649978E-05 0.4880E-06 0.3587    
   5      0.9643293E-05 0.9765E-06  0.8887298E-05 0.4366E-06 0.4913    
   6      0.6477732E-05 0.9743E-06  0.8651882E-05 0.3984E-06  1.070    
   7      0.8632646E-05 0.9741E-06  0.8649037E-05 0.3688E-06 0.8874    
   8      0.8640429E-05 0.9748E-06  0.8647927E-05 0.3449E-06 0.7574    
   9      0.8508381E-05 0.9748E-06  0.8632423E-05 0.3252E-06 0.6651    
  10      0.8709900E-05 0.9755E-06  0.8640492E-05 0.3085E-06 0.5892    
  11      0.7123552E-05 0.9755E-06  0.8541696E-05 0.2941E-06 0.7072    
  12      0.8457956E-05 0.9724E-06  0.8534613E-05 0.2815E-06 0.6430    
  13      0.9728066E-05 0.9749E-06  0.8654158E-05 0.2705E-06 0.7209    
  14      0.7973739E-05 0.9729E-06  0.8611087E-05 0.2606E-06 0.7025    
  15      0.5988015E-05 0.9757E-06  0.8521170E-05 0.2518E-06 0.9316    
  16      0.7977869E-05 0.9733E-06  0.8489864E-05 0.2437E-06 0.8922    
  17      0.7296337E-05 0.9741E-06  0.8435073E-05 0.2365E-06 0.9178    
  18      0.9018282E-05 0.9761E-06  0.8473152E-05 0.2298E-06 0.8779    
  19      0.8998753E-05 0.9749E-06  0.8505308E-05 0.2237E-06 0.8392    
  20      0.8260083E-05 0.9723E-06  0.8493227E-05 0.2180E-06 0.7990    
   
   
 Integral Plus:   8.4932272343284690E-006 +-   2.1798798703961670E-007
 with chisq    =  0.79901870568438904     
  
  
  
    xq         Integral Plus                 error
    600      0.849322723432847E-05      0.217987987039617E-06
Thanks for using LHAPDF 6.5.4. Please make sure to cite the paper:
  Eur.Phys.J. C75 (2015) 3, 132  (http://arxiv.org/abs/1412.7420)
   700.00000000000000        4.6788640656922408E-006   1.1422383381923208E-007
 Writing your data in ../summary/run_09/PK_Plus_eps_0.5_7.dat
LHAPDF 6.5.4 loading /home/niraj/1TB-Disc/Workspace-IITG/Packages/Install/LHAPDF-6.5.4/install/share/LHAPDF/MMHT2014nlo68cl/MMHT2014nlo68cl_0000.dat
MMHT2014nlo68cl PDF set, member #0, version 3; LHAPDF ID = 25100
   
   
 ~~~~~~~~~~~~~~~~~~~~~~~~~~~~~~~~~~~~~~~~~~~~
     Calculating [+] distribution with delta 1d-5
 ~~~~~~~~~~~~~~~~~~~~~~~~~~~~~~~~~~~~~~~~~~~~
   
 ~~~~~~~~~~~~~~~~~~~~~~~~~~~~~~~~~~~~~~~~
Using Vegas points:                   2.E+08
         Iteration:                   10
 ~~~~~~~~~~~~~~~~~~~~~~~~~~~~~~~~~~~~~~~~
  
 For xq =          700 
  
 RM48 INITIALIZED:        40           0         0



 INPUT PARAMETERS FOR VEGAS:  NDIM=  4  NCALL=  192119202.
                              IT=    0  ITMX=   10
                              MDS= -1   ND=  33
   1     -0.4723098E-05 0.7285E-05 -0.4723098E-05 0.7285E-05  0.000    
   2      0.3085514E-05 0.2259E-05  0.1649666E-05 0.2639E-05  1.314    
   3      0.1120799E-06 0.1800E-05  0.1647062E-05 0.2153E-05 0.9857    
   4      0.5521026E-05 0.1687E-05  0.4838887E-05 0.1095E-05  1.053    
   5      0.6487997E-05 0.1635E-05  0.5742090E-05 0.8523E-06 0.8213    
   6      0.4901708E-05 0.1615E-05  0.5538057E-05 0.7509E-06 0.6870    
   7      0.3828420E-05 0.1616E-05  0.5317868E-05 0.6849E-06 0.7160    
   8      0.3315335E-05 0.1618E-05  0.5141874E-05 0.6349E-06 0.7653    
   9      0.6553647E-05 0.1616E-05  0.5503454E-05 0.5838E-06 0.7284    
  10      0.5771467E-05 0.1613E-05  0.5547999E-05 0.5468E-06 0.6190    



 INPUT PARAMETERS FOR VEGAS:  NDIM=  4  NCALL= 1919025152.
                              IT=    0  ITMX=   20
                              MDS= -1   ND=  44
   1      0.3787889E-05 0.5117E-06  0.3787889E-05 0.5117E-06  0.000    
   2      0.4731331E-05 0.5114E-06  0.4363111E-05 0.3617E-06  1.619    
   3      0.4720764E-05 0.5097E-06  0.4498754E-05 0.2949E-06 0.9289    
   4      0.5179520E-05 0.5093E-06  0.4712346E-05 0.2552E-06  1.078    
   5      0.4933301E-05 0.5114E-06  0.4760992E-05 0.2283E-06 0.8279    
   6      0.4729848E-05 0.5107E-06  0.4755737E-05 0.2085E-06 0.6613    
   7      0.5141673E-05 0.5103E-06  0.4819972E-05 0.1930E-06 0.6285    
   8      0.3816680E-05 0.5115E-06  0.4736039E-05 0.1805E-06 0.9022    
   9      0.3839236E-05 0.5109E-06  0.4665907E-05 0.1702E-06  1.069    
  10      0.4808965E-05 0.5113E-06  0.4681520E-05 0.1615E-06 0.9485    
  11      0.5193200E-05 0.5116E-06  0.4739224E-05 0.1540E-06 0.9432    
  12      0.3460982E-05 0.5111E-06  0.4678130E-05 0.1475E-06  1.202    
  13      0.4543884E-05 0.5112E-06  0.4667916E-05 0.1417E-06  1.108    
  14      0.5080555E-05 0.5105E-06  0.4703850E-05 0.1365E-06  1.061    
  15      0.4280325E-05 0.5113E-06  0.4679273E-05 0.1319E-06  1.035    
  16      0.4605134E-05 0.5103E-06  0.4674589E-05 0.1277E-06 0.9664    
  17      0.4742695E-05 0.5110E-06  0.4678856E-05 0.1239E-06 0.9034    
  18      0.4094691E-05 0.5098E-06  0.4652676E-05 0.1204E-06 0.9194    
  19      0.4853870E-05 0.5102E-06  0.4664576E-05 0.1172E-06 0.8715    
  20      0.4916012E-05 0.5120E-06  0.4678864E-05 0.1142E-06 0.8332    
   
   
 Integral Plus:   4.6788640656922408E-006 +-   1.1422383381923208E-007
 with chisq    =  0.83317768376126744     
  
  
  
    xq         Integral Plus                 error
    700      0.467886406569224E-05      0.114223833819232E-06
Thanks for using LHAPDF 6.5.4. Please make sure to cite the paper:
  Eur.Phys.J. C75 (2015) 3, 132  (http://arxiv.org/abs/1412.7420)
   800.00000000000000        2.7385215337987205E-006   6.4233147648044309E-008
 Writing your data in ../summary/run_09/PK_Plus_eps_0.5_8.dat
LHAPDF 6.5.4 loading /home/niraj/1TB-Disc/Workspace-IITG/Packages/Install/LHAPDF-6.5.4/install/share/LHAPDF/MMHT2014nlo68cl/MMHT2014nlo68cl_0000.dat
MMHT2014nlo68cl PDF set, member #0, version 3; LHAPDF ID = 25100
   
   
 ~~~~~~~~~~~~~~~~~~~~~~~~~~~~~~~~~~~~~~~~~~~~
     Calculating [+] distribution with delta 1d-5
 ~~~~~~~~~~~~~~~~~~~~~~~~~~~~~~~~~~~~~~~~~~~~
   
 ~~~~~~~~~~~~~~~~~~~~~~~~~~~~~~~~~~~~~~~~
Using Vegas points:                   2.E+08
         Iteration:                   10
 ~~~~~~~~~~~~~~~~~~~~~~~~~~~~~~~~~~~~~~~~
  
 For xq =          800 
  
 RM48 INITIALIZED:        40           0         0



 INPUT PARAMETERS FOR VEGAS:  NDIM=  4  NCALL=  192119202.
                              IT=    0  ITMX=   10
                              MDS= -1   ND=  33
   1      0.4685979E-06 0.3851E-05  0.4685979E-06 0.3851E-05  0.000    
   2      0.3028691E-05 0.1213E-05  0.3022626E-05 0.8668E-06 0.2062E-01
   3      0.2061789E-05 0.9981E-06  0.2632803E-05 0.6576E-06 0.2680    
   4      0.2550529E-05 0.9353E-06  0.2598725E-05 0.5297E-06 0.1633    
   5      0.2365686E-05 0.9194E-06  0.2535943E-05 0.4577E-06 0.1326    
   6      0.2713920E-05 0.9069E-06  0.2583474E-05 0.4057E-06 0.1065    
   7      0.2546026E-05 0.9105E-06  0.2576392E-05 0.3699E-06 0.8684E-01
   8      0.3413408E-05 0.9077E-06  0.2789706E-05 0.3398E-06 0.2304    
   9      0.4056318E-05 0.9110E-06  0.3123125E-05 0.3160E-06 0.5611    
  10      0.2556016E-05 0.9090E-06  0.3069245E-05 0.2987E-06 0.5398    



 INPUT PARAMETERS FOR VEGAS:  NDIM=  4  NCALL= 1919025152.
                              IT=    0  ITMX=   20
                              MDS= -1   ND=  44
   1      0.2556197E-05 0.2883E-06  0.2556197E-05 0.2883E-06  0.000    
   2      0.2392197E-05 0.2868E-06  0.2479188E-05 0.2034E-06 0.1620    
   3      0.2577821E-05 0.2876E-06  0.2513868E-05 0.1660E-06 0.1190    
   4      0.2171149E-05 0.2873E-06  0.2445349E-05 0.1438E-06 0.3877    
   5      0.2501008E-05 0.2877E-06  0.2456989E-05 0.1286E-06 0.2951    
   6      0.1992790E-05 0.2865E-06  0.2402145E-05 0.1173E-06 0.5762    
   7      0.2983974E-05 0.2874E-06  0.2523366E-05 0.1086E-06  1.232    
   8      0.2383313E-05 0.2873E-06  0.2506928E-05 0.1016E-06  1.093    
   9      0.2670278E-05 0.2872E-06  0.2527921E-05 0.9579E-07 0.9789    
  10      0.1965116E-05 0.2870E-06  0.2491256E-05 0.9087E-07  1.164    
  11      0.2929234E-05 0.2876E-06  0.2546457E-05 0.8665E-07  1.288    
  12      0.2562127E-05 0.2864E-06  0.2547845E-05 0.8294E-07  1.165    
  13      0.2760755E-05 0.2872E-06  0.2567603E-05 0.7968E-07  1.100    
  14      0.3096560E-05 0.2874E-06  0.2622840E-05 0.7678E-07  1.321    
  15      0.2557324E-05 0.2868E-06  0.2618469E-05 0.7417E-07  1.230    
  16      0.2872939E-05 0.2871E-06  0.2638193E-05 0.7181E-07  1.189    
  17      0.2811182E-05 0.2875E-06  0.2650121E-05 0.6967E-07  1.128    
  18      0.2278390E-05 0.2879E-06  0.2634066E-05 0.6772E-07  1.148    
  19      0.3220733E-05 0.2873E-06  0.2680863E-05 0.6591E-07  1.377    
  20      0.3388985E-05 0.2868E-06  0.2738522E-05 0.6423E-07  1.740    
   
   
 Integral Plus:   2.7385215337987205E-006 +-   6.4233147648044309E-008
 with chisq    =   1.7397211671490667     
  
  
  
    xq         Integral Plus                 error
    800      0.273852153379872E-05      0.642331476480443E-07
Thanks for using LHAPDF 6.5.4. Please make sure to cite the paper:
  Eur.Phys.J. C75 (2015) 3, 132  (http://arxiv.org/abs/1412.7420)
   900.00000000000000        1.5348343930923575E-006   3.8021069673159515E-008
 Writing your data in ../summary/run_09/PK_Plus_eps_0.5_9.dat
LHAPDF 6.5.4 loading /home/niraj/1TB-Disc/Workspace-IITG/Packages/Install/LHAPDF-6.5.4/install/share/LHAPDF/MMHT2014nlo68cl/MMHT2014nlo68cl_0000.dat
MMHT2014nlo68cl PDF set, member #0, version 3; LHAPDF ID = 25100
   
   
 ~~~~~~~~~~~~~~~~~~~~~~~~~~~~~~~~~~~~~~~~~~~~
     Calculating [+] distribution with delta 1d-5
 ~~~~~~~~~~~~~~~~~~~~~~~~~~~~~~~~~~~~~~~~~~~~
   
 ~~~~~~~~~~~~~~~~~~~~~~~~~~~~~~~~~~~~~~~~
Using Vegas points:                   2.E+08
         Iteration:                   10
 ~~~~~~~~~~~~~~~~~~~~~~~~~~~~~~~~~~~~~~~~
  
 For xq =          900 
  
 RM48 INITIALIZED:        40           0         0



 INPUT PARAMETERS FOR VEGAS:  NDIM=  4  NCALL=  192119202.
                              IT=    0  ITMX=   10
                              MDS= -1   ND=  33
   1      0.5690422E-05 0.2148E-05  0.5690422E-05 0.2148E-05  0.000    
   2      0.9827992E-06 0.7061E-06  0.4672435E-05 0.1364E-05  2.018    
   3      0.1047508E-05 0.5818E-06  0.3709181E-05 0.9701E-06  2.828    
   4      0.1419297E-05 0.5515E-06  0.2903467E-05 0.6959E-06  3.198    
   5      0.1912605E-05 0.5386E-06  0.2505953E-05 0.5052E-06  2.956    
   6      0.1480539E-05 0.5414E-06  0.2308873E-05 0.4257E-06  2.870    
   7      0.2135730E-05 0.5382E-06  0.2258986E-05 0.3500E-06  2.528    
   8      0.1096681E-06 0.5389E-06  0.2257359E-05 0.3273E-06  2.480    
   9      0.1939050E-05 0.5359E-06  0.2195893E-05 0.2881E-06  2.284    
  10      0.1730410E-05 0.5342E-06  0.2133505E-05 0.2617E-06  2.170    



 INPUT PARAMETERS FOR VEGAS:  NDIM=  4  NCALL= 1919025152.
                              IT=    0  ITMX=   20
                              MDS= -1   ND=  44
   1      0.1381861E-05 0.1703E-06  0.1381861E-05 0.1703E-06  0.000    
   2      0.1606182E-05 0.1698E-06  0.1511102E-05 0.1202E-06 0.8506    
   3      0.1203538E-05 0.1700E-06  0.1436092E-05 0.9814E-07  1.388    
   4      0.1307122E-05 0.1703E-06  0.1407347E-05 0.8502E-07  1.091    
   5      0.1414770E-05 0.1698E-06  0.1408890E-05 0.7602E-07 0.8109    
   6      0.1510134E-05 0.1697E-06  0.1428302E-05 0.6938E-07 0.6957    
   7      0.1238358E-05 0.1703E-06  0.1406738E-05 0.6424E-07 0.7459    
   8      0.1392344E-05 0.1699E-06  0.1404924E-05 0.6009E-07 0.6396    
   9      0.1357231E-05 0.1697E-06  0.1399817E-05 0.5665E-07 0.5708    
  10      0.1550747E-05 0.1697E-06  0.1418336E-05 0.5373E-07 0.5892    
  11      0.1403060E-05 0.1702E-06  0.1416949E-05 0.5124E-07 0.5309    
  12      0.1634004E-05 0.1698E-06  0.1440838E-05 0.4905E-07 0.6430    
  13      0.1773727E-05 0.1700E-06  0.1478992E-05 0.4713E-07 0.9872    
  14      0.1659241E-05 0.1706E-06  0.1495312E-05 0.4543E-07 0.9915    
  15      0.1393778E-05 0.1698E-06  0.1489159E-05 0.4389E-07 0.9486    
  16      0.1461296E-05 0.1702E-06  0.1487427E-05 0.4250E-07 0.8872    
  17      0.1808461E-05 0.1702E-06  0.1515351E-05 0.4123E-07  1.108    
  18      0.1374037E-05 0.1699E-06  0.1508576E-05 0.4007E-07  1.084    
  19      0.1628463E-05 0.1703E-06  0.1516107E-05 0.3901E-07  1.044    
  20      0.1783174E-05 0.1702E-06  0.1534834E-05 0.3802E-07  1.137    
   
   
 Integral Plus:   1.5348343930923575E-006 +-   3.8021069673159515E-008
 with chisq    =   1.1370148115622434     
  
  
  
    xq         Integral Plus                 error
    900      0.153483439309236E-05      0.380210696731595E-07
Thanks for using LHAPDF 6.5.4. Please make sure to cite the paper:
  Eur.Phys.J. C75 (2015) 3, 132  (http://arxiv.org/abs/1412.7420)
   1000.0000000000000        1.0316506268294304E-006   2.3465701970006356E-008
 Writing your data in ../summary/run_09/PK_Plus_eps_0.5_10.dat
LHAPDF 6.5.4 loading /home/niraj/1TB-Disc/Workspace-IITG/Packages/Install/LHAPDF-6.5.4/install/share/LHAPDF/MMHT2014nlo68cl/MMHT2014nlo68cl_0000.dat
MMHT2014nlo68cl PDF set, member #0, version 3; LHAPDF ID = 25100
   
   
 ~~~~~~~~~~~~~~~~~~~~~~~~~~~~~~~~~~~~~~~~~~~~
     Calculating [+] distribution with delta 1d-5
 ~~~~~~~~~~~~~~~~~~~~~~~~~~~~~~~~~~~~~~~~~~~~
   
 ~~~~~~~~~~~~~~~~~~~~~~~~~~~~~~~~~~~~~~~~
Using Vegas points:                   2.E+08
         Iteration:                   10
 ~~~~~~~~~~~~~~~~~~~~~~~~~~~~~~~~~~~~~~~~
  
 For xq =         1000 
  
 RM48 INITIALIZED:        40           0         0



 INPUT PARAMETERS FOR VEGAS:  NDIM=  4  NCALL=  192119202.
                              IT=    0  ITMX=   10
                              MDS= -1   ND=  33
   1     -0.2069873E-06 0.1238E-05 -0.2069873E-06 0.1238E-05  0.000    
   2      0.7402786E-06 0.4323E-06  0.7313294E-06 0.3159E-06 0.8415E-01
   3      0.4164959E-06 0.3560E-06  0.6317928E-06 0.2426E-06 0.2309    
   4      0.1098032E-05 0.3408E-06  0.9608238E-06 0.1830E-06 0.5291    
   5      0.1067530E-05 0.3335E-06  0.1004627E-05 0.1579E-06 0.3419    
   6      0.1259059E-05 0.3325E-06  0.1097481E-05 0.1411E-06 0.3681    
   7      0.9625585E-06 0.3325E-06  0.1073769E-05 0.1298E-06 0.3250    
   8      0.8609806E-06 0.3313E-06  0.1047363E-05 0.1209E-06 0.3294    
   9      0.1172366E-05 0.3304E-06  0.1070841E-05 0.1133E-06 0.2899    
  10      0.1791473E-05 0.3330E-06  0.1288194E-05 0.1068E-06  1.268    



 INPUT PARAMETERS FOR VEGAS:  NDIM=  4  NCALL= 1919025152.
                              IT=    0  ITMX=   20
                              MDS= -1   ND=  44
   1      0.9767310E-06 0.1048E-06  0.9767310E-06 0.1048E-06  0.000    
   2      0.1061954E-05 0.1049E-06  0.1022847E-05 0.7414E-07 0.3281    
   3      0.1016205E-05 0.1048E-06  0.1020644E-05 0.6053E-07 0.1658    
   4      0.1030823E-05 0.1051E-06  0.1023223E-05 0.5245E-07 0.1123    
   5      0.9653013E-06 0.1050E-06  0.1012681E-05 0.4693E-07 0.1428    
   6      0.1021500E-05 0.1050E-06  0.1014174E-05 0.4284E-07 0.1150    
   7      0.9507089E-06 0.1048E-06  0.1006030E-05 0.3966E-07 0.1452    
   8      0.9293721E-06 0.1049E-06  0.9976693E-06 0.3710E-07 0.1860    
   9      0.9869257E-06 0.1050E-06  0.9964944E-06 0.3498E-07 0.1642    
  10      0.1194412E-05 0.1051E-06  0.1023793E-05 0.3319E-07 0.6096    
  11      0.1001334E-05 0.1049E-06  0.1021801E-05 0.3164E-07 0.5541    
  12      0.1114819E-05 0.1049E-06  0.1031002E-05 0.3030E-07 0.5715    
  13      0.1114232E-05 0.1047E-06  0.1038523E-05 0.2910E-07 0.5726    
  14      0.1042627E-05 0.1051E-06  0.1038821E-05 0.2804E-07 0.5278    
  15      0.1066539E-05 0.1050E-06  0.1040786E-05 0.2709E-07 0.4927    
  16      0.9021719E-06 0.1050E-06  0.1034098E-05 0.2624E-07 0.5523    
  17      0.9731047E-06 0.1050E-06  0.1030853E-05 0.2545E-07 0.5389    
  18      0.9853522E-06 0.1049E-06  0.1028497E-05 0.2473E-07 0.5191    
  19      0.1072806E-05 0.1049E-06  0.1031060E-05 0.2407E-07 0.4978    
  20      0.1042504E-05 0.1050E-06  0.1031651E-05 0.2347E-07 0.4714    
   
   
 Integral Plus:   1.0316506268294304E-006 +-   2.3465701970006356E-008
 with chisq    =  0.47136210797106676     
  
  
  
    xq         Integral Plus                 error
   1000      0.103165062682943E-05      0.234657019700064E-07
Thanks for using LHAPDF 6.5.4. Please make sure to cite the paper:
  Eur.Phys.J. C75 (2015) 3, 132  (http://arxiv.org/abs/1412.7420)
