   100.00000000000000        1.3275936366298384E-002   1.7196226923548322E-006
   200.00000000000000        7.7837216380678882E-004   1.6106609754860299E-007
   300.00000000000000        1.3826465248016932E-004   3.6099712994385518E-008
   400.00000000000000        3.9094211901194605E-005   1.1770545551776663E-008
   500.00000000000000        1.4279684634403647E-005   4.7542428797429254E-009
   600.00000000000000        6.1501913215404309E-006   2.1918472225648948E-009
   700.00000000000000        2.9635188938287535E-006   1.1230142603328204E-009
   800.00000000000000        1.5531498587014994E-006   6.2348122310348122E-010
   900.00000000000000        8.6623321406247975E-007   3.5753948954354038E-010
   1000.0000000000000        5.0732921016468509E-007   2.1906757496601978E-010
   1100.0000000000000        3.0961793655380970E-007   1.3841335354462779E-010
   1200.0000000000000        1.9496282023460060E-007   8.9392278099362355E-011
   1300.0000000000000        1.2628165881672203E-007   5.9231614241800661E-011
   1400.0000000000000        8.3622145071045539E-008   4.0229459856663847E-011
   1500.0000000000000        5.6558634107086405E-008   2.7940436346807349E-011
   1600.0000000000000        3.8864569582171802E-008   1.9392603746485309E-011
   1700.0000000000000        2.7122513814641257E-008   1.3528737975026386E-011
   1800.0000000000000        1.9160685496968832E-008   9.7373038658276934E-012
   1900.0000000000000        1.3695554082323570E-008   7.1128625844019133E-012
   2000.0000000000000        9.8828017149031439E-009   5.1756932595485307E-012
   2100.0000000000000        7.2075877471422598E-009   3.8007142840105805E-012
   2200.0000000000000        5.2892649637188719E-009   2.8418162367026637E-012
   2300.0000000000000        3.9103658408354318E-009   2.1133359226710161E-012
   2400.0000000000000        2.9099098015788329E-009   1.5857783383778363E-012
   2500.0000000000000        2.1784849993551280E-009   1.1981057326269193E-012
   2600.0000000000000        1.6392577520451793E-009   9.0691472531795272E-013
   2700.0000000000000        1.2389913367018273E-009   6.9023674924016255E-013
   2800.0000000000000        9.4026888303385517E-010   5.2537383115136720E-013
   2900.0000000000000        7.1620195896101650E-010   4.0498775100379820E-013
   3000.0000000000000        5.4751434956669151E-010   3.0993011471438001E-013
LHAPDF 6.5.4 loading /home/niraj/1TB-Disc/Workspace-IITG/Packages/Install/LHAPDF-6.5.4/install/share/LHAPDF/MMHT2014nlo68cl/MMHT2014nlo68cl_0000.dat
MMHT2014nlo68cl PDF set, member #0, version 3; LHAPDF ID = 25100
 Directory not found ../summary/run_07                                                                                   
 Making new directory..
/home/niraj/OneDrive/WorkSpaceIITG/Generalfiles/integrators/DY1/DrellYan/summary/run_07
 Directory constructed successfully🤩
  
 Writing your data in ../summary/run_07/virtual.dat
   
   
 ~~~~~~~~~~~~~~~~~~~~~~~~~~~~~~~~~~~~~~~~~~~~
     Calculating virtual contribrtion
 ~~~~~~~~~~~~~~~~~~~~~~~~~~~~~~~~~~~~~~~~~~~~
   
 ~~~~~~~~~~~~~~~~~~~~~~~~~~~~~~~~~~~~~~~~
Using Vegas points:                   5.E+07
         Iteration:                   10
 ~~~~~~~~~~~~~~~~~~~~~~~~~~~~~~~~~~~~~~~~
  
 For xq =          100 
  
 RM48 INITIALIZED:        40           0         0



 INPUT PARAMETERS FOR VEGAS:  NDIM=  3  NCALL=   47775744.
                              IT=    0  ITMX=   10
                              MDS= -1   ND=  48
   1      0.1388447E-01 0.6409E-03  0.1388447E-01 0.6409E-03  0.000    
   2      0.1332275E-01 0.1545E-03  0.1335610E-01 0.1530E-03 0.7523    
   3      0.1327962E-01 0.7944E-04  0.1329648E-01 0.7129E-04 0.4811    
   4      0.1332153E-01 0.5144E-04  0.1331280E-01 0.4194E-04 0.3498    
   5      0.1323956E-01 0.4050E-04  0.1327549E-01 0.2928E-04 0.6549    
   6      0.1332996E-01 0.3614E-04  0.1329692E-01 0.2278E-04 0.7978    
   7      0.1327412E-01 0.3419E-04  0.1329000E-01 0.1899E-04 0.7174    
   8      0.1331346E-01 0.3320E-04  0.1329574E-01 0.1649E-04 0.6692    
   9      0.1330673E-01 0.3312E-04  0.1329790E-01 0.1477E-04 0.5971    
  10      0.1328991E-01 0.3293E-04  0.1329658E-01 0.1348E-04 0.5368    



 INPUT PARAMETERS FOR VEGAS:  NDIM=  3  NCALL=  485941248.
                              IT=    0  ITMX=   20
                              MDS= -1   ND=  48
   1      0.1326368E-01 0.7690E-05  0.1326368E-01 0.7690E-05  0.000    
   2      0.1326745E-01 0.7690E-05  0.1326557E-01 0.5438E-05 0.1200    
   3      0.1328520E-01 0.7695E-05  0.1327212E-01 0.4441E-05  2.233    
   4      0.1327079E-01 0.7693E-05  0.1327179E-01 0.3846E-05  1.496    
   5      0.1327504E-01 0.7688E-05  0.1327244E-01 0.3440E-05  1.158    
   6      0.1328014E-01 0.7696E-05  0.1327372E-01 0.3140E-05  1.093    
   7      0.1328280E-01 0.7693E-05  0.1327502E-01 0.2907E-05  1.110    
   8      0.1328203E-01 0.7681E-05  0.1327590E-01 0.2719E-05  1.055    
   9      0.1328382E-01 0.7692E-05  0.1327678E-01 0.2564E-05  1.041    
  10      0.1326971E-01 0.7689E-05  0.1327607E-01 0.2432E-05  1.010    
  11      0.1326876E-01 0.7682E-05  0.1327541E-01 0.2319E-05 0.9913    
  12      0.1328132E-01 0.7681E-05  0.1327590E-01 0.2220E-05 0.9505    
  13      0.1328030E-01 0.7686E-05  0.1327624E-01 0.2133E-05 0.8965    
  14      0.1326907E-01 0.7697E-05  0.1327573E-01 0.2055E-05 0.8896    
  15      0.1327705E-01 0.7687E-05  0.1327582E-01 0.1985E-05 0.8280    
  16      0.1327386E-01 0.7689E-05  0.1327570E-01 0.1922E-05 0.7769    
  17      0.1328064E-01 0.7697E-05  0.1327599E-01 0.1865E-05 0.7526    
  18      0.1327667E-01 0.7697E-05  0.1327602E-01 0.1813E-05 0.7087    
  19      0.1327799E-01 0.7692E-05  0.1327613E-01 0.1764E-05 0.6728    
  20      0.1327231E-01 0.7693E-05  0.1327594E-01 0.1720E-05 0.6497    
   
   
 Integral virtual contribrtion:   1.3275936366298384E-002 +-   1.7196226923548322E-006
 with chisq    =  0.64970890647408297     
  
  
  
 For xq =          200 
  
 RM48 INITIALIZED:        40           0         0



 INPUT PARAMETERS FOR VEGAS:  NDIM=  3  NCALL=   47775744.
                              IT=    0  ITMX=   10
                              MDS= -1   ND=  48
   1      0.7753498E-03 0.2842E-04  0.7753498E-03 0.2842E-04  0.000    
   2      0.7790592E-03 0.7610E-05  0.7788132E-03 0.7336E-05 0.1584E-01
   3      0.7778796E-03 0.4344E-05  0.7781217E-03 0.3736E-05 0.1391E-01
   4      0.7754428E-03 0.3378E-05  0.7766512E-03 0.2508E-05 0.1035    
   5      0.7772787E-03 0.3031E-05  0.7769064E-03 0.1932E-05 0.8395E-01
   6      0.7748540E-03 0.2873E-05  0.7762698E-03 0.1604E-05 0.1373    
   7      0.7806611E-03 0.2808E-05  0.7773584E-03 0.1392E-05 0.4235    
   8      0.7824006E-03 0.2781E-05  0.7783791E-03 0.1244E-05 0.7412    
   9      0.7750709E-03 0.2754E-05  0.7778218E-03 0.1134E-05 0.7981    
  10      0.7793374E-03 0.2754E-05  0.7780424E-03 0.1049E-05 0.7380    



 INPUT PARAMETERS FOR VEGAS:  NDIM=  3  NCALL=  485941248.
                              IT=    0  ITMX=   20
                              MDS= -1   ND=  48
   1      0.7780595E-03 0.7207E-06  0.7780595E-03 0.7207E-06  0.000    
   2      0.7798940E-03 0.7205E-06  0.7789792E-03 0.5096E-06  3.240    
   3      0.7779489E-03 0.7206E-06  0.7786363E-03 0.4161E-06  2.302    
   4      0.7777426E-03 0.7202E-06  0.7784131E-03 0.3603E-06  1.920    
   5      0.7787928E-03 0.7197E-06  0.7784892E-03 0.3222E-06  1.495    
   6      0.7786878E-03 0.7210E-06  0.7785223E-03 0.2941E-06  1.209    
   7      0.7791627E-03 0.7205E-06  0.7786139E-03 0.2723E-06  1.120    
   8      0.7774731E-03 0.7198E-06  0.7784714E-03 0.2547E-06  1.274    
   9      0.7788487E-03 0.7201E-06  0.7785134E-03 0.2401E-06  1.145    
  10      0.7785239E-03 0.7215E-06  0.7785145E-03 0.2278E-06  1.018    
  11      0.7767035E-03 0.7197E-06  0.7783502E-03 0.2172E-06  1.490    
  12      0.7795096E-03 0.7219E-06  0.7784467E-03 0.2080E-06  1.569    
  13      0.7783069E-03 0.7195E-06  0.7784359E-03 0.1998E-06  1.442    
  14      0.7781433E-03 0.7197E-06  0.7784150E-03 0.1925E-06  1.343    
  15      0.7764460E-03 0.7192E-06  0.7782839E-03 0.1860E-06  1.745    
  16      0.7775328E-03 0.7196E-06  0.7782370E-03 0.1801E-06  1.696    
  17      0.7787688E-03 0.7204E-06  0.7782683E-03 0.1747E-06  1.622    
  18      0.7801967E-03 0.7215E-06  0.7783756E-03 0.1698E-06  1.925    
  19      0.7782593E-03 0.7198E-06  0.7783695E-03 0.1653E-06  1.820    
  20      0.7784232E-03 0.7202E-06  0.7783722E-03 0.1611E-06  1.724    
   
   
 Integral virtual contribrtion:   7.7837216380678882E-004 +-   1.6106609754860299E-007
 with chisq    =   1.7241807262701452     
  
  
  
 For xq =          300 
  
 RM48 INITIALIZED:        40           0         0



 INPUT PARAMETERS FOR VEGAS:  NDIM=  3  NCALL=   47775744.
                              IT=    0  ITMX=   10
                              MDS= -1   ND=  48
   1      0.1354967E-03 0.4239E-05  0.1354967E-03 0.4239E-05  0.000    
   2      0.1373580E-03 0.1250E-05  0.1372128E-03 0.1192E-05 0.1754    
   3      0.1379389E-03 0.7939E-06  0.1377192E-03 0.6582E-06 0.2155    
   4      0.1379453E-03 0.6704E-06  0.1378310E-03 0.4688E-06 0.1625    
   5      0.1394826E-03 0.6245E-06  0.1384390E-03 0.3739E-06  1.256    
   6      0.1378872E-03 0.6045E-06  0.1382859E-03 0.3179E-06  1.125    
   7      0.1384572E-03 0.5918E-06  0.1383246E-03 0.2800E-06 0.9466    
   8      0.1372806E-03 0.5866E-06  0.1381321E-03 0.2527E-06  1.179    
   9      0.1377150E-03 0.5853E-06  0.1380665E-03 0.2320E-06  1.085    
  10      0.1379859E-03 0.5868E-06  0.1380556E-03 0.2157E-06 0.9659    



 INPUT PARAMETERS FOR VEGAS:  NDIM=  3  NCALL=  485941248.
                              IT=    0  ITMX=   20
                              MDS= -1   ND=  48
   1      0.1384149E-03 0.1616E-06  0.1384149E-03 0.1616E-06  0.000    
   2      0.1382011E-03 0.1615E-06  0.1383081E-03 0.1142E-06 0.8758    
   3      0.1382107E-03 0.1614E-06  0.1382756E-03 0.9324E-07 0.5593    
   4      0.1382183E-03 0.1614E-06  0.1382613E-03 0.8074E-07 0.4044    
   5      0.1385732E-03 0.1615E-06  0.1383238E-03 0.7222E-07  1.051    
   6      0.1381711E-03 0.1613E-06  0.1382984E-03 0.6591E-07 0.9903    
   7      0.1382330E-03 0.1616E-06  0.1382891E-03 0.6103E-07 0.8488    
   8      0.1380052E-03 0.1613E-06  0.1382536E-03 0.5708E-07  1.114    
   9      0.1382261E-03 0.1615E-06  0.1382506E-03 0.5382E-07 0.9779    
  10      0.1382259E-03 0.1612E-06  0.1382481E-03 0.5105E-07 0.8716    
  11      0.1382792E-03 0.1612E-06  0.1382509E-03 0.4867E-07 0.7878    
  12      0.1382047E-03 0.1615E-06  0.1382471E-03 0.4660E-07 0.7230    
  13      0.1384342E-03 0.1614E-06  0.1382615E-03 0.4477E-07 0.7662    
  14      0.1383761E-03 0.1617E-06  0.1382697E-03 0.4315E-07 0.7431    
  15      0.1384210E-03 0.1615E-06  0.1382798E-03 0.4168E-07 0.7485    
  16      0.1384300E-03 0.1615E-06  0.1382892E-03 0.4036E-07 0.7527    
  17      0.1381860E-03 0.1615E-06  0.1382831E-03 0.3916E-07 0.7297    
  18      0.1381811E-03 0.1616E-06  0.1382775E-03 0.3806E-07 0.7089    
  19      0.1382673E-03 0.1612E-06  0.1382769E-03 0.3704E-07 0.6697    
  20      0.1380304E-03 0.1614E-06  0.1382647E-03 0.3610E-07 0.7509    
   
   
 Integral virtual contribrtion:   1.3826465248016932E-004 +-   3.6099712994385518E-008
 with chisq    =  0.75090239648464951     
  
  
  
 For xq =          400 
  
 RM48 INITIALIZED:        40           0         0



 INPUT PARAMETERS FOR VEGAS:  NDIM=  3  NCALL=   47775744.
                              IT=    0  ITMX=   10
                              MDS= -1   ND=  48
   1      0.3913332E-04 0.1130E-05  0.3913332E-04 0.1130E-05  0.000    
   2      0.3893265E-04 0.3350E-06  0.3894901E-04 0.3218E-06 0.2912E-01
   3      0.3889933E-04 0.2351E-06  0.3891670E-04 0.1901E-06 0.2236E-01
   4      0.3942982E-04 0.2066E-06  0.3915479E-04 0.1395E-06  1.136    
   5      0.3888687E-04 0.1944E-06  0.3906435E-04 0.1135E-06  1.165    
   6      0.3931817E-04 0.1902E-06  0.3913161E-04 0.9737E-07  1.195    
   7      0.3892249E-04 0.1871E-06  0.3908737E-04 0.8641E-07  1.160    
   8      0.3938994E-04 0.1869E-06  0.3914135E-04 0.7840E-07  1.304    
   9      0.3921566E-04 0.1861E-06  0.3915260E-04 0.7224E-07  1.157    
  10      0.3923491E-04 0.1862E-06  0.3916343E-04 0.6734E-07  1.047    



 INPUT PARAMETERS FOR VEGAS:  NDIM=  3  NCALL=  485941248.
                              IT=    0  ITMX=   20
                              MDS= -1   ND=  48
   1      0.3914721E-04 0.5273E-07  0.3914721E-04 0.5273E-07  0.000    
   2      0.3909365E-04 0.5272E-07  0.3912046E-04 0.3728E-07 0.5158    
   3      0.3908040E-04 0.5259E-07  0.3910708E-04 0.3042E-07 0.4511    
   4      0.3914361E-04 0.5274E-07  0.3911621E-04 0.2635E-07 0.4206    
   5      0.3901163E-04 0.5255E-07  0.3909529E-04 0.2355E-07  1.104    
   6      0.3907642E-04 0.5264E-07  0.3909214E-04 0.2150E-07 0.9051    
   7      0.3909527E-04 0.5259E-07  0.3909259E-04 0.1990E-07 0.7547    
   8      0.3920701E-04 0.5269E-07  0.3910695E-04 0.1862E-07  1.239    
   9      0.3905661E-04 0.5263E-07  0.3910136E-04 0.1755E-07  1.186    
  10      0.3908623E-04 0.5265E-07  0.3909985E-04 0.1665E-07  1.062    
  11      0.3917530E-04 0.5266E-07  0.3910673E-04 0.1588E-07  1.143    
  12      0.3914927E-04 0.5262E-07  0.3911029E-04 0.1520E-07  1.093    
  13      0.3907535E-04 0.5265E-07  0.3910761E-04 0.1460E-07  1.036    
  14      0.3909192E-04 0.5268E-07  0.3910649E-04 0.1407E-07 0.9628    
  15      0.3898951E-04 0.5259E-07  0.3909871E-04 0.1359E-07  1.223    
  16      0.3912219E-04 0.5269E-07  0.3910018E-04 0.1316E-07  1.153    
  17      0.3912261E-04 0.5260E-07  0.3910150E-04 0.1277E-07  1.092    
  18      0.3896695E-04 0.5250E-07  0.3909404E-04 0.1241E-07  1.391    
  19      0.3914983E-04 0.5261E-07  0.3909699E-04 0.1208E-07  1.373    
  20      0.3904131E-04 0.5265E-07  0.3909421E-04 0.1177E-07  1.356    
   
   
 Integral virtual contribrtion:   3.9094211901194605E-005 +-   1.1770545551776663E-008
 with chisq    =   1.3562429786171695     
  
  
  
 For xq =          500 
  
 RM48 INITIALIZED:        40           0         0



 INPUT PARAMETERS FOR VEGAS:  NDIM=  3  NCALL=   47775744.
                              IT=    0  ITMX=   10
                              MDS= -1   ND=  48
   1      0.1489506E-04 0.3933E-06  0.1489506E-04 0.3933E-06  0.000    
   2      0.1395454E-04 0.1189E-06  0.1404329E-04 0.1171E-06  5.517    
   3      0.1418349E-04 0.8933E-07  0.1413075E-04 0.7138E-07  3.243    
   4      0.1416825E-04 0.7965E-07  0.1414722E-04 0.5329E-07  2.216    
   5      0.1429882E-04 0.7686E-07  0.1419640E-04 0.4380E-07  2.319    
   6      0.1427024E-04 0.7463E-07  0.1421525E-04 0.3778E-07  2.002    
   7      0.1437681E-04 0.7423E-07  0.1424878E-04 0.3366E-07  2.297    
   8      0.1431108E-04 0.7419E-07  0.1425942E-04 0.3065E-07  2.052    
   9      0.1434522E-04 0.7389E-07  0.1427207E-04 0.2831E-07  1.939    
  10      0.1434336E-04 0.7358E-07  0.1428130E-04 0.2642E-07  1.814    



 INPUT PARAMETERS FOR VEGAS:  NDIM=  3  NCALL=  485941248.
                              IT=    0  ITMX=   20
                              MDS= -1   ND=  48
   1      0.1426843E-04 0.2127E-07  0.1426843E-04 0.2127E-07  0.000    
   2      0.1430299E-04 0.2124E-07  0.1428577E-04 0.1503E-07  1.322    
   3      0.1428629E-04 0.2126E-07  0.1428595E-04 0.1227E-07 0.6612    
   4      0.1430902E-04 0.2127E-07  0.1429172E-04 0.1063E-07 0.7353    
   5      0.1428633E-04 0.2130E-07  0.1429065E-04 0.9511E-08 0.5644    
   6      0.1429896E-04 0.2130E-07  0.1429203E-04 0.8685E-08 0.4768    
   7      0.1425739E-04 0.2124E-07  0.1428709E-04 0.8039E-08 0.7761    
   8      0.1427195E-04 0.2125E-07  0.1428520E-04 0.7519E-08 0.7287    
   9      0.1430540E-04 0.2131E-07  0.1428744E-04 0.7090E-08 0.7376    
  10      0.1426417E-04 0.2124E-07  0.1428511E-04 0.6726E-08 0.7756    
  11      0.1428723E-04 0.2129E-07  0.1428531E-04 0.6413E-08 0.6990    
  12      0.1428319E-04 0.2128E-07  0.1428513E-04 0.6140E-08 0.6362    
  13      0.1427293E-04 0.2124E-07  0.1428419E-04 0.5899E-08 0.6086    
  14      0.1430170E-04 0.2131E-07  0.1428544E-04 0.5685E-08 0.6100    
  15      0.1424592E-04 0.2121E-07  0.1428281E-04 0.5491E-08 0.7968    
  16      0.1428319E-04 0.2124E-07  0.1428283E-04 0.5316E-08 0.7437    
  17      0.1427668E-04 0.2125E-07  0.1428247E-04 0.5157E-08 0.7022    
  18      0.1426400E-04 0.2121E-07  0.1428144E-04 0.5011E-08 0.7030    
  19      0.1426698E-04 0.2125E-07  0.1428068E-04 0.4878E-08 0.6883    
  20      0.1426070E-04 0.2127E-07  0.1427968E-04 0.4754E-08 0.6961    
   
   
 Integral virtual contribrtion:   1.4279684634403647E-005 +-   4.7542428797429254E-009
 with chisq    =  0.69614154110338022     
  
  
  
 For xq =          600 
  
 RM48 INITIALIZED:        40           0         0



 INPUT PARAMETERS FOR VEGAS:  NDIM=  3  NCALL=   47775744.
                              IT=    0  ITMX=   10
                              MDS= -1   ND=  48
   1      0.6377387E-05 0.1602E-06  0.6377387E-05 0.1602E-06  0.000    
   2      0.6129456E-05 0.5170E-07  0.6154587E-05 0.5001E-07  2.239    
   3      0.6214094E-05 0.4002E-07  0.6190679E-05 0.3130E-07  1.555    
   4      0.6072105E-05 0.3597E-07  0.6141174E-05 0.2373E-07  3.075    
   5      0.6165840E-05 0.3484E-07  0.6148933E-05 0.1963E-07  2.396    
   6      0.6193890E-05 0.3453E-07  0.6159911E-05 0.1706E-07  2.173    
   7      0.6136926E-05 0.3389E-07  0.6155331E-05 0.1525E-07  1.876    
   8      0.6194271E-05 0.3405E-07  0.6161853E-05 0.1392E-07  1.764    
   9      0.6143901E-05 0.3401E-07  0.6159309E-05 0.1288E-07  1.575    
  10      0.6137011E-05 0.3418E-07  0.6156570E-05 0.1206E-07  1.443    



 INPUT PARAMETERS FOR VEGAS:  NDIM=  3  NCALL=  485941248.
                              IT=    0  ITMX=   20
                              MDS= -1   ND=  48
   1      0.6155639E-05 0.9804E-08  0.6155639E-05 0.9804E-08  0.000    
   2      0.6145484E-05 0.9802E-08  0.6150570E-05 0.6932E-08 0.5365    
   3      0.6148832E-05 0.9803E-08  0.6149990E-05 0.5660E-08 0.2788    
   4      0.6155034E-05 0.9791E-08  0.6151255E-05 0.4900E-08 0.2521    
   5      0.6149470E-05 0.9787E-08  0.6150898E-05 0.4382E-08 0.1958    
   6      0.6160557E-05 0.9821E-08  0.6152505E-05 0.4001E-08 0.3183    
   7      0.6137945E-05 0.9799E-08  0.6150433E-05 0.3704E-08 0.5797    
   8      0.6146521E-05 0.9804E-08  0.6149945E-05 0.3465E-08 0.5169    
   9      0.6146447E-05 0.9815E-08  0.6149557E-05 0.3268E-08 0.4664    
  10      0.6146578E-05 0.9780E-08  0.6149258E-05 0.3099E-08 0.4239    
  11      0.6151419E-05 0.9806E-08  0.6149455E-05 0.2955E-08 0.3859    
  12      0.6149618E-05 0.9824E-08  0.6149468E-05 0.2830E-08 0.3509    
  13      0.6151285E-05 0.9786E-08  0.6149609E-05 0.2719E-08 0.3243    
  14      0.6160980E-05 0.9826E-08  0.6150420E-05 0.2620E-08 0.3952    
  15      0.6137091E-05 0.9793E-08  0.6149533E-05 0.2531E-08 0.4901    
  16      0.6162612E-05 0.9808E-08  0.6150353E-05 0.2451E-08 0.5689    
  17      0.6141038E-05 0.9789E-08  0.6149805E-05 0.2377E-08 0.5866    
  18      0.6145249E-05 0.9798E-08  0.6149552E-05 0.2310E-08 0.5641    
  19      0.6158612E-05 0.9809E-08  0.6150030E-05 0.2249E-08 0.5777    
  20      0.6153257E-05 0.9800E-08  0.6150191E-05 0.2192E-08 0.5527    
   
   
 Integral virtual contribrtion:   6.1501913215404309E-006 +-   2.1918472225648948E-009
 with chisq    =  0.55268353726812969     
  
  
  
 For xq =          700 
  
 RM48 INITIALIZED:        40           0         0



 INPUT PARAMETERS FOR VEGAS:  NDIM=  3  NCALL=   47775744.
                              IT=    0  ITMX=   10
                              MDS= -1   ND=  48
   1      0.2862739E-05 0.7050E-07  0.2862739E-05 0.7050E-07  0.000    
   2      0.2960401E-05 0.2528E-07  0.2949919E-05 0.2349E-07  1.655    
   3      0.2921401E-05 0.1967E-07  0.2933108E-05 0.1507E-07  1.259    
   4      0.2976115E-05 0.1833E-07  0.2950883E-05 0.1160E-07  1.941    
   5      0.2967767E-05 0.1764E-07  0.2956073E-05 0.9681E-08  1.610    
   6      0.2963752E-05 0.1741E-07  0.2957912E-05 0.8455E-08  1.315    
   7      0.2986923E-05 0.1735E-07  0.2963618E-05 0.7595E-08  1.475    
   8      0.2979734E-05 0.1730E-07  0.2966269E-05 0.6951E-08  1.366    
   9      0.2961134E-05 0.1721E-07  0.2965545E-05 0.6445E-08  1.204    
  10      0.2933038E-05 0.1717E-07  0.2961578E-05 0.6035E-08  1.418    



 INPUT PARAMETERS FOR VEGAS:  NDIM=  3  NCALL=  485941248.
                              IT=    0  ITMX=   20
                              MDS= -1   ND=  48
   1      0.2958102E-05 0.5011E-08  0.2958102E-05 0.5011E-08  0.000    
   2      0.2956057E-05 0.5008E-08  0.2957079E-05 0.3542E-08 0.8332E-01
   3      0.2958374E-05 0.5013E-08  0.2957511E-05 0.2893E-08 0.6389E-01
   4      0.2959234E-05 0.5025E-08  0.2957940E-05 0.2507E-08 0.7204E-01
   5      0.2964066E-05 0.5024E-08  0.2959166E-05 0.2243E-08 0.3523    
   6      0.2972117E-05 0.5033E-08  0.2961328E-05 0.2049E-08  1.393    
   7      0.2963348E-05 0.5016E-08  0.2961617E-05 0.1897E-08  1.183    
   8      0.2964369E-05 0.5030E-08  0.2961960E-05 0.1775E-08  1.052    
   9      0.2954375E-05 0.5014E-08  0.2961119E-05 0.1673E-08  1.174    
  10      0.2961227E-05 0.5021E-08  0.2961130E-05 0.1587E-08  1.043    
  11      0.2964153E-05 0.5020E-08  0.2961405E-05 0.1513E-08 0.9720    
  12      0.2964539E-05 0.5027E-08  0.2961666E-05 0.1449E-08 0.9159    
  13      0.2963438E-05 0.5019E-08  0.2961803E-05 0.1392E-08 0.8491    
  14      0.2968244E-05 0.5034E-08  0.2962263E-05 0.1342E-08 0.9010    
  15      0.2963506E-05 0.5028E-08  0.2962345E-05 0.1297E-08 0.8407    
  16      0.2969190E-05 0.5031E-08  0.2962774E-05 0.1256E-08 0.9006    
  17      0.2962482E-05 0.5018E-08  0.2962756E-05 0.1218E-08 0.8445    
  18      0.2970556E-05 0.5026E-08  0.2963191E-05 0.1184E-08 0.9290    
  19      0.2968249E-05 0.5026E-08  0.2963458E-05 0.1152E-08 0.9308    
  20      0.2964677E-05 0.5022E-08  0.2963519E-05 0.1123E-08 0.8847    
   
   
 Integral virtual contribrtion:   2.9635188938287535E-006 +-   1.1230142603328204E-009
 with chisq    =  0.88467896829738801     
  
  
  
 For xq =          800 
  
 RM48 INITIALIZED:        40           0         0



 INPUT PARAMETERS FOR VEGAS:  NDIM=  3  NCALL=   47775744.
                              IT=    0  ITMX=   10
                              MDS= -1   ND=  48
   1      0.1575764E-05 0.3660E-07  0.1575764E-05 0.3660E-07  0.000    
   2      0.1564547E-05 0.1347E-07  0.1565901E-05 0.1267E-07 0.8316E-01
   3      0.1556878E-05 0.1068E-07  0.1560663E-05 0.8184E-08 0.1898    
   4      0.1566900E-05 0.9957E-08  0.1563180E-05 0.6322E-08 0.2046    
   5      0.1561855E-05 0.9638E-08  0.1562783E-05 0.5287E-08 0.1569    
   6      0.1543510E-05 0.9458E-08  0.1558291E-05 0.4620E-08 0.7483    
   7      0.1549008E-05 0.9397E-08  0.1556507E-05 0.4148E-08 0.7546    
   8      0.1544536E-05 0.9424E-08  0.1554596E-05 0.3798E-08 0.8388    
   9      0.1562130E-05 0.9506E-08  0.1555638E-05 0.3526E-08 0.8015    
  10      0.1560292E-05 0.9443E-08  0.1556209E-05 0.3303E-08 0.7360    



 INPUT PARAMETERS FOR VEGAS:  NDIM=  3  NCALL=  485941248.
                              IT=    0  ITMX=   20
                              MDS= -1   ND=  48
   1      0.1553082E-05 0.2784E-08  0.1553082E-05 0.2784E-08  0.000    
   2      0.1551152E-05 0.2784E-08  0.1552119E-05 0.1969E-08 0.2402    
   3      0.1550074E-05 0.2784E-08  0.1551438E-05 0.1607E-08 0.2999    
   4      0.1548488E-05 0.2785E-08  0.1550703E-05 0.1392E-08 0.4802    
   5      0.1555910E-05 0.2792E-08  0.1551746E-05 0.1246E-08  1.059    
   6      0.1551007E-05 0.2794E-08  0.1551623E-05 0.1138E-08 0.8590    
   7      0.1556530E-05 0.2792E-08  0.1552326E-05 0.1054E-08  1.159    
   8      0.1555210E-05 0.2793E-08  0.1552687E-05 0.9858E-09  1.126    
   9      0.1551094E-05 0.2790E-08  0.1552510E-05 0.9295E-09  1.022    
  10      0.1554203E-05 0.2787E-08  0.1552680E-05 0.8818E-09 0.9453    
  11      0.1552272E-05 0.2790E-08  0.1552643E-05 0.8408E-09 0.8527    
  12      0.1556612E-05 0.2794E-08  0.1552974E-05 0.8051E-09 0.9438    
  13      0.1550756E-05 0.2785E-08  0.1552803E-05 0.7734E-09 0.9140    
  14      0.1551074E-05 0.2788E-08  0.1552680E-05 0.7453E-09 0.8712    
  15      0.1555177E-05 0.2791E-08  0.1552847E-05 0.7201E-09 0.8623    
  16      0.1551787E-05 0.2790E-08  0.1552781E-05 0.6972E-09 0.8139    
  17      0.1553672E-05 0.2786E-08  0.1552833E-05 0.6764E-09 0.7690    
  18      0.1552781E-05 0.2784E-08  0.1552830E-05 0.6572E-09 0.7238    
  19      0.1557277E-05 0.2791E-08  0.1553065E-05 0.6398E-09 0.8176    
  20      0.1554749E-05 0.2782E-08  0.1553150E-05 0.6235E-09 0.7929    
   
   
 Integral virtual contribrtion:   1.5531498587014994E-006 +-   6.2348122310348122E-010
 with chisq    =  0.79286073702666782     
  
  
  
 For xq =          900 
  
 RM48 INITIALIZED:        40           0         0



 INPUT PARAMETERS FOR VEGAS:  NDIM=  3  NCALL=   47775744.
                              IT=    0  ITMX=   10
                              MDS= -1   ND=  48
   1      0.8679450E-06 0.1968E-07  0.8679450E-06 0.1968E-07  0.000    
   2      0.8722899E-06 0.7572E-08  0.8717345E-06 0.7054E-08 0.4230E-01
   3      0.8673126E-06 0.6059E-08  0.8691970E-06 0.4600E-08 0.1342    
   4      0.8564065E-06 0.5635E-08  0.8641730E-06 0.3571E-08  1.110    
   5      0.8714854E-06 0.5569E-08  0.8663230E-06 0.3005E-08  1.138    
   6      0.8669864E-06 0.5504E-08  0.8664753E-06 0.2637E-08 0.9124    
   7      0.8734925E-06 0.5494E-08  0.8678053E-06 0.2377E-08 0.9819    
   8      0.8689863E-06 0.5460E-08  0.8679938E-06 0.2179E-08 0.8470    
   9      0.8681527E-06 0.5446E-08  0.8680157E-06 0.2023E-08 0.7412    
  10      0.8657426E-06 0.5462E-08  0.8677428E-06 0.1897E-08 0.6761    



 INPUT PARAMETERS FOR VEGAS:  NDIM=  3  NCALL=  485941248.
                              IT=    0  ITMX=   20
                              MDS= -1   ND=  48
   1      0.8675853E-06 0.1600E-08  0.8675853E-06 0.1600E-08  0.000    
   2      0.8659018E-06 0.1598E-08  0.8667437E-06 0.1131E-08 0.5543    
   3      0.8663400E-06 0.1600E-08  0.8666093E-06 0.9233E-09 0.2985    
   4      0.8651101E-06 0.1597E-08  0.8662348E-06 0.7994E-09 0.4189    
   5      0.8663916E-06 0.1599E-08  0.8662662E-06 0.7150E-09 0.3161    
   6      0.8672175E-06 0.1599E-08  0.8664249E-06 0.6527E-09 0.3118    
   7      0.8656387E-06 0.1599E-08  0.8663128E-06 0.6043E-09 0.2944    
   8      0.8668331E-06 0.1600E-08  0.8663778E-06 0.5653E-09 0.2656    
   9      0.8674614E-06 0.1602E-08  0.8664982E-06 0.5331E-09 0.2833    
  10      0.8641199E-06 0.1596E-08  0.8662606E-06 0.5056E-09 0.4730    
  11      0.8664476E-06 0.1599E-08  0.8662776E-06 0.4821E-09 0.4269    
  12      0.8672820E-06 0.1601E-08  0.8663613E-06 0.4616E-09 0.4209    
  13      0.8663043E-06 0.1600E-08  0.8663569E-06 0.4435E-09 0.3859    
  14      0.8674724E-06 0.1600E-08  0.8664366E-06 0.4274E-09 0.3909    
  15      0.8665418E-06 0.1598E-08  0.8664437E-06 0.4129E-09 0.3633    
  16      0.8643808E-06 0.1599E-08  0.8663153E-06 0.3998E-09 0.4428    
  17      0.8666934E-06 0.1598E-08  0.8663376E-06 0.3878E-09 0.4184    
  18      0.8656728E-06 0.1597E-08  0.8663006E-06 0.3769E-09 0.4034    
  19      0.8627132E-06 0.1596E-08  0.8661126E-06 0.3668E-09 0.6450    
  20      0.8685232E-06 0.1603E-08  0.8662332E-06 0.3575E-09 0.7245    
   
   
 Integral virtual contribrtion:   8.6623321406247975E-007 +-   3.5753948954354038E-010
 with chisq    =  0.72454522749827199     
  
  
  
 For xq =         1000 
  
 RM48 INITIALIZED:        40           0         0



 INPUT PARAMETERS FOR VEGAS:  NDIM=  3  NCALL=   47775744.
                              IT=    0  ITMX=   10
                              MDS= -1   ND=  48
   1      0.4864957E-06 0.1089E-07  0.4864957E-06 0.1089E-07  0.000    
   2      0.5089872E-06 0.4505E-08  0.5059449E-06 0.4098E-08  3.524    
   3      0.4975143E-06 0.3598E-08  0.5011878E-06 0.2704E-08  2.957    
   4      0.5058906E-06 0.3428E-08  0.5030280E-06 0.2119E-08  2.347    
   5      0.5122492E-06 0.3375E-08  0.5057276E-06 0.1791E-08  3.115    
   6      0.5120432E-06 0.3334E-08  0.5071840E-06 0.1576E-08  3.046    
   7      0.5088777E-06 0.3320E-08  0.5075003E-06 0.1423E-08  2.567    
   8      0.5028621E-06 0.3288E-08  0.5067731E-06 0.1306E-08  2.440    
   9      0.5083839E-06 0.3305E-08  0.5069937E-06 0.1214E-08  2.158    
  10      0.5041221E-06 0.3314E-08  0.5066545E-06 0.1140E-08  1.992    



 INPUT PARAMETERS FOR VEGAS:  NDIM=  3  NCALL=  485941248.
                              IT=    0  ITMX=   20
                              MDS= -1   ND=  48
   1      0.5085714E-06 0.9799E-09  0.5085714E-06 0.9799E-09  0.000    
   2      0.5065962E-06 0.9790E-09  0.5075867E-06 0.6926E-09  2.034    
   3      0.5076733E-06 0.9797E-09  0.5076156E-06 0.5655E-09  1.019    
   4      0.5058502E-06 0.9789E-09  0.5071761E-06 0.4897E-09  1.491    
   5      0.5074146E-06 0.9797E-09  0.5072238E-06 0.4380E-09  1.130    
   6      0.5081105E-06 0.9800E-09  0.5073719E-06 0.3999E-09  1.040    
   7      0.5065285E-06 0.9788E-09  0.5072516E-06 0.3702E-09 0.9728    
   8      0.5083641E-06 0.9822E-09  0.5073905E-06 0.3464E-09 0.9944    
   9      0.5083471E-06 0.9809E-09  0.5074970E-06 0.3266E-09 0.9758    
  10      0.5062475E-06 0.9804E-09  0.5073727E-06 0.3099E-09  1.030    
  11      0.5069600E-06 0.9781E-09  0.5073351E-06 0.2954E-09 0.9429    
  12      0.5066791E-06 0.9799E-09  0.5072806E-06 0.2828E-09 0.8946    
  13      0.5067261E-06 0.9795E-09  0.5072380E-06 0.2717E-09 0.8448    
  14      0.5064629E-06 0.9795E-09  0.5071828E-06 0.2619E-09 0.8246    
  15      0.5088049E-06 0.9811E-09  0.5072913E-06 0.2530E-09 0.9487    
  16      0.5066707E-06 0.9789E-09  0.5072525E-06 0.2449E-09 0.9106    
  17      0.5075794E-06 0.9788E-09  0.5072718E-06 0.2376E-09 0.8602    
  18      0.5085551E-06 0.9791E-09  0.5073435E-06 0.2309E-09 0.9053    
  19      0.5063775E-06 0.9782E-09  0.5072927E-06 0.2247E-09 0.9063    
  20      0.5080231E-06 0.9813E-09  0.5073292E-06 0.2191E-09 0.8862    
   
   
 Integral virtual contribrtion:   5.0732921016468509E-007 +-   2.1906757496601978E-010
 with chisq    =  0.88623819755721689     
  
  
  
 For xq =         1100 
  
 RM48 INITIALIZED:        40           0         0



 INPUT PARAMETERS FOR VEGAS:  NDIM=  3  NCALL=   47775744.
                              IT=    0  ITMX=   10
                              MDS= -1   ND=  48
   1      0.3030038E-06 0.6588E-08  0.3030038E-06 0.6588E-08  0.000    
   2      0.3078863E-06 0.2739E-08  0.3071859E-06 0.2515E-08 0.4629    
   3      0.3087141E-06 0.2255E-08  0.3080411E-06 0.1675E-08 0.3323    
   4      0.3106212E-06 0.2151E-08  0.3090314E-06 0.1319E-08 0.5216    
   5      0.3079681E-06 0.2109E-08  0.3087317E-06 0.1118E-08 0.4367    
   6      0.3085729E-06 0.2076E-08  0.3086958E-06 0.9844E-09 0.3499    
   7      0.3082305E-06 0.2058E-08  0.3086089E-06 0.8880E-09 0.2984    
   8      0.3095310E-06 0.2070E-08  0.3087536E-06 0.8159E-09 0.2796    
   9      0.3087536E-06 0.2078E-08  0.3087536E-06 0.7594E-09 0.2445    
  10      0.3092090E-06 0.2069E-08  0.3088080E-06 0.7129E-09 0.2220    



 INPUT PARAMETERS FOR VEGAS:  NDIM=  3  NCALL=  485941248.
                              IT=    0  ITMX=   20
                              MDS= -1   ND=  48
   1      0.3093303E-06 0.6172E-09  0.3093303E-06 0.6172E-09  0.000    
   2      0.3094918E-06 0.6185E-09  0.3094109E-06 0.4369E-09 0.3417E-01
   3      0.3087918E-06 0.6179E-09  0.3092052E-06 0.3567E-09 0.3513    
   4      0.3097169E-06 0.6193E-09  0.3093329E-06 0.3091E-09 0.4052    
   5      0.3093468E-06 0.6186E-09  0.3093357E-06 0.2765E-09 0.3040    
   6      0.3100771E-06 0.6192E-09  0.3094595E-06 0.2525E-09 0.4828    
   7      0.3098725E-06 0.6195E-09  0.3095184E-06 0.2338E-09 0.4658    
   8      0.3088873E-06 0.6183E-09  0.3094398E-06 0.2187E-09 0.5293    
   9      0.3103657E-06 0.6189E-09  0.3095431E-06 0.2062E-09 0.7127    
  10      0.3091095E-06 0.6195E-09  0.3094999E-06 0.1957E-09 0.6826    
  11      0.3081394E-06 0.6180E-09  0.3093770E-06 0.1865E-09  1.052    
  12      0.3103545E-06 0.6200E-09  0.3094586E-06 0.1786E-09  1.164    
  13      0.3096845E-06 0.6187E-09  0.3094760E-06 0.1716E-09  1.077    
  14      0.3097024E-06 0.6185E-09  0.3094922E-06 0.1654E-09  1.004    
  15      0.3101697E-06 0.6200E-09  0.3095374E-06 0.1598E-09  1.012    
  16      0.3093798E-06 0.6188E-09  0.3095275E-06 0.1547E-09 0.9486    
  17      0.3101412E-06 0.6207E-09  0.3095636E-06 0.1501E-09 0.9468    
  18      0.3106290E-06 0.6211E-09  0.3096228E-06 0.1459E-09  1.055    
  19      0.3096292E-06 0.6183E-09  0.3096231E-06 0.1420E-09 0.9967    
  20      0.3095199E-06 0.6189E-09  0.3096179E-06 0.1384E-09 0.9456    
   
   
 Integral virtual contribrtion:   3.0961793655380970E-007 +-   1.3841335354462779E-010
 with chisq    =  0.94562617643857971     
  
  
  
 For xq =         1200 
  
 RM48 INITIALIZED:        40           0         0



 INPUT PARAMETERS FOR VEGAS:  NDIM=  3  NCALL=   47775744.
                              IT=    0  ITMX=   10
                              MDS= -1   ND=  48
   1      0.1946934E-06 0.4116E-08  0.1946934E-06 0.4116E-08  0.000    
   2      0.1934478E-06 0.1739E-08  0.1936386E-06 0.1606E-08 0.7807E-01
   3      0.1961353E-06 0.1453E-08  0.1950239E-06 0.1075E-08 0.7048    
   4      0.1935271E-06 0.1371E-08  0.1944584E-06 0.8466E-09 0.7163    
   5      0.1945191E-06 0.1348E-08  0.1944756E-06 0.7170E-09 0.5375    
   6      0.1942340E-06 0.1334E-08  0.1944215E-06 0.6316E-09 0.4353    
   7      0.1958131E-06 0.1348E-08  0.1946750E-06 0.5718E-09 0.5091    
   8      0.1945398E-06 0.1334E-08  0.1946540E-06 0.5255E-09 0.4376    
   9      0.1961051E-06 0.1348E-08  0.1948481E-06 0.4895E-09 0.5095    
  10      0.1947874E-06 0.1336E-08  0.1948409E-06 0.4597E-09 0.4531    



 INPUT PARAMETERS FOR VEGAS:  NDIM=  3  NCALL=  485941248.
                              IT=    0  ITMX=   20
                              MDS= -1   ND=  48
   1      0.1951555E-06 0.3995E-09  0.1951555E-06 0.3995E-09  0.000    
   2      0.1948176E-06 0.3996E-09  0.1949869E-06 0.2825E-09 0.3577    
   3      0.1945114E-06 0.3993E-09  0.1948288E-06 0.2306E-09 0.6509    
   4      0.1946151E-06 0.3996E-09  0.1947755E-06 0.1998E-09 0.5056    
   5      0.1944752E-06 0.3993E-09  0.1947155E-06 0.1786E-09 0.4923    
   6      0.1956185E-06 0.4003E-09  0.1948666E-06 0.1631E-09  1.247    
   7      0.1948790E-06 0.3989E-09  0.1948684E-06 0.1510E-09  1.039    
   8      0.1947628E-06 0.4002E-09  0.1948552E-06 0.1413E-09 0.8996    
   9      0.1951912E-06 0.4005E-09  0.1948925E-06 0.1332E-09 0.8653    
  10      0.1953804E-06 0.4005E-09  0.1949414E-06 0.1264E-09 0.9178    
  11      0.1945377E-06 0.3997E-09  0.1949048E-06 0.1205E-09 0.9187    
  12      0.1948632E-06 0.3992E-09  0.1949013E-06 0.1154E-09 0.8361    
  13      0.1947109E-06 0.3993E-09  0.1948867E-06 0.1109E-09 0.7840    
  14      0.1945342E-06 0.3996E-09  0.1948616E-06 0.1068E-09 0.7793    
  15      0.1957257E-06 0.4011E-09  0.1949193E-06 0.1032E-09  1.035    
  16      0.1949299E-06 0.3998E-09  0.1949199E-06 0.9994E-10 0.9662    
  17      0.1950043E-06 0.3991E-09  0.1949249E-06 0.9695E-10 0.9084    
  18      0.1957581E-06 0.4007E-09  0.1949714E-06 0.9423E-10  1.097    
  19      0.1950199E-06 0.4000E-09  0.1949739E-06 0.9172E-10  1.037    
  20      0.1947517E-06 0.3993E-09  0.1949628E-06 0.8939E-10 0.9975    
   
   
 Integral virtual contribrtion:   1.9496282023460060E-007 +-   8.9392278099362355E-011
 with chisq    =  0.99752381400198520     
  
  
  
 For xq =         1300 
  
 RM48 INITIALIZED:        40           0         0



 INPUT PARAMETERS FOR VEGAS:  NDIM=  3  NCALL=   47775744.
                              IT=    0  ITMX=   10
                              MDS= -1   ND=  48
   1      0.1240858E-06 0.2588E-08  0.1240858E-06 0.2588E-08  0.000    
   2      0.1261449E-06 0.1137E-08  0.1258208E-06 0.1035E-08 0.5245    
   3      0.1253877E-06 0.9500E-09  0.1255852E-06 0.6997E-09 0.3094    
   4      0.1266093E-06 0.9102E-09  0.1259709E-06 0.5540E-09 0.4726    
   5      0.1262511E-06 0.8924E-09  0.1260495E-06 0.4705E-09 0.3715    
   6      0.1253824E-06 0.8841E-09  0.1259028E-06 0.4154E-09 0.3859    
   7      0.1278058E-06 0.8917E-09  0.1262518E-06 0.3763E-09 0.9582    
   8      0.1261876E-06 0.8798E-09  0.1262418E-06 0.3460E-09 0.8216    
   9      0.1262829E-06 0.8815E-09  0.1262473E-06 0.3220E-09 0.7188    
  10      0.1272457E-06 0.8875E-09  0.1263655E-06 0.3027E-09 0.7638    



 INPUT PARAMETERS FOR VEGAS:  NDIM=  3  NCALL=  485941248.
                              IT=    0  ITMX=   20
                              MDS= -1   ND=  48
   1      0.1262655E-06 0.2648E-09  0.1262655E-06 0.2648E-09  0.000    
   2      0.1257959E-06 0.2639E-09  0.1260307E-06 0.1869E-09  1.578    
   3      0.1264747E-06 0.2652E-09  0.1261788E-06 0.1528E-09  1.725    
   4      0.1266309E-06 0.2651E-09  0.1262921E-06 0.1324E-09  1.879    
   5      0.1259201E-06 0.2649E-09  0.1262181E-06 0.1184E-09  1.804    
   6      0.1259933E-06 0.2648E-09  0.1261808E-06 0.1081E-09  1.564    
   7      0.1266804E-06 0.2655E-09  0.1262523E-06 0.1001E-09  1.811    
   8      0.1264556E-06 0.2653E-09  0.1262777E-06 0.9367E-10  1.625    
   9      0.1259024E-06 0.2647E-09  0.1262362E-06 0.8830E-10  1.645    
  10      0.1268694E-06 0.2653E-09  0.1262999E-06 0.8378E-10  2.036    
  11      0.1260250E-06 0.2646E-09  0.1262750E-06 0.7987E-10  1.930    
  12      0.1265668E-06 0.2649E-09  0.1262994E-06 0.7647E-10  1.856    
  13      0.1265179E-06 0.2651E-09  0.1263162E-06 0.7348E-10  1.753    
  14      0.1260958E-06 0.2645E-09  0.1263005E-06 0.7080E-10  1.668    
  15      0.1264721E-06 0.2652E-09  0.1263119E-06 0.6840E-10  1.577    
  16      0.1264924E-06 0.2646E-09  0.1263233E-06 0.6622E-10  1.501    
  17      0.1264760E-06 0.2655E-09  0.1263322E-06 0.6426E-10  1.426    
  18      0.1255232E-06 0.2637E-09  0.1262875E-06 0.6243E-10  1.860    
  19      0.1259725E-06 0.2647E-09  0.1262709E-06 0.6076E-10  1.831    
  20      0.1264857E-06 0.2655E-09  0.1262817E-06 0.5923E-10  1.767    
   
   
 Integral virtual contribrtion:   1.2628165881672203E-007 +-   5.9231614241800661E-011
 with chisq    =   1.7670840421535199     
  
  
  
 For xq =         1400 
  
 RM48 INITIALIZED:        40           0         0



 INPUT PARAMETERS FOR VEGAS:  NDIM=  3  NCALL=   47775744.
                              IT=    0  ITMX=   10
                              MDS= -1   ND=  48
   1      0.8413195E-07 0.1699E-08  0.8413195E-07 0.1699E-08  0.000    
   2      0.8155388E-07 0.7487E-09  0.8199541E-07 0.6924E-09  1.968    
   3      0.8363202E-07 0.6407E-09  0.8288475E-07 0.4693E-09  2.486    
   4      0.8354129E-07 0.6142E-09  0.8312834E-07 0.3727E-09  1.895    
   5      0.8452176E-07 0.6057E-09  0.8351970E-07 0.3171E-09  2.387    
   6      0.8423557E-07 0.6001E-09  0.8367811E-07 0.2802E-09  2.129    
   7      0.8327898E-07 0.5993E-09  0.8360697E-07 0.2539E-09  1.837    
   8      0.8332019E-07 0.5953E-09  0.8356305E-07 0.2335E-09  1.603    
   9      0.8452410E-07 0.5982E-09  0.8369277E-07 0.2175E-09  1.684    
  10      0.8373349E-07 0.5980E-09  0.8369754E-07 0.2044E-09  1.497    



 INPUT PARAMETERS FOR VEGAS:  NDIM=  3  NCALL=  485941248.
                              IT=    0  ITMX=   20
                              MDS= -1   ND=  48
   1      0.8377223E-07 0.1799E-09  0.8377223E-07 0.1799E-09  0.000    
   2      0.8351053E-07 0.1800E-09  0.8364190E-07 0.1272E-09  1.058    
   3      0.8364121E-07 0.1802E-09  0.8364167E-07 0.1039E-09 0.5288    
   4      0.8354057E-07 0.1797E-09  0.8361637E-07 0.8997E-10 0.4317    
   5      0.8340019E-07 0.1796E-09  0.8357319E-07 0.8044E-10 0.6127    
   6      0.8364286E-07 0.1799E-09  0.8358481E-07 0.7344E-10 0.5151    
   7      0.8400326E-07 0.1808E-09  0.8364459E-07 0.6804E-10  1.201    
   8      0.8354781E-07 0.1798E-09  0.8363249E-07 0.6363E-10  1.066    
   9      0.8337080E-07 0.1798E-09  0.8360351E-07 0.5998E-10  1.167    
  10      0.8374326E-07 0.1798E-09  0.8361754E-07 0.5690E-10  1.098    
  11      0.8337395E-07 0.1797E-09  0.8359546E-07 0.5425E-10  1.155    
  12      0.8374309E-07 0.1801E-09  0.8360778E-07 0.5194E-10  1.106    
  13      0.8378936E-07 0.1797E-09  0.8362184E-07 0.4990E-10  1.092    
  14      0.8348311E-07 0.1798E-09  0.8361195E-07 0.4808E-10  1.051    
  15      0.8368373E-07 0.1801E-09  0.8361673E-07 0.4646E-10 0.9860    
  16      0.8402182E-07 0.1802E-09  0.8364222E-07 0.4499E-10  1.238    
  17      0.8351904E-07 0.1794E-09  0.8363495E-07 0.4364E-10  1.189    
  18      0.8341020E-07 0.1797E-09  0.8362250E-07 0.4240E-10  1.206    
  19      0.8337678E-07 0.1798E-09  0.8360963E-07 0.4127E-10  1.237    
  20      0.8385934E-07 0.1802E-09  0.8362215E-07 0.4023E-10  1.268    
   
   
 Integral virtual contribrtion:   8.3622145071045539E-008 +-   4.0229459856663847E-011
 with chisq    =   1.2679370737963429     
  
  
  
 For xq =         1500 
  
 RM48 INITIALIZED:        40           0         0



 INPUT PARAMETERS FOR VEGAS:  NDIM=  3  NCALL=   47775744.
                              IT=    0  ITMX=   10
                              MDS= -1   ND=  48
   1      0.5814651E-07 0.1148E-08  0.5814651E-07 0.1148E-08  0.000    
   2      0.5628131E-07 0.5104E-09  0.5660611E-07 0.4716E-09  2.250    
   3      0.5674472E-07 0.4390E-09  0.5667979E-07 0.3219E-09  1.154    
   4      0.5645545E-07 0.4200E-09  0.5659789E-07 0.2558E-09 0.8330    
   5      0.5617332E-07 0.4137E-09  0.5648268E-07 0.2178E-09 0.8158    
   6      0.5552509E-07 0.4099E-09  0.5627904E-07 0.1926E-09  1.486    
   7      0.5651006E-07 0.4114E-09  0.5632050E-07 0.1744E-09  1.281    
   8      0.5615532E-07 0.4106E-09  0.5629555E-07 0.1605E-09  1.120    
   9      0.5645387E-07 0.4132E-09  0.5631629E-07 0.1497E-09 0.9958    
  10      0.5671344E-07 0.4164E-09  0.5636203E-07 0.1408E-09 0.9745    



 INPUT PARAMETERS FOR VEGAS:  NDIM=  3  NCALL=  485941248.
                              IT=    0  ITMX=   20
                              MDS= -1   ND=  48
   1      0.5649414E-07 0.1250E-09  0.5649414E-07 0.1250E-09  0.000    
   2      0.5640311E-07 0.1247E-09  0.5644859E-07 0.8826E-10 0.2659    
   3      0.5648744E-07 0.1249E-09  0.5646154E-07 0.7208E-10 0.1652    
   4      0.5662475E-07 0.1250E-09  0.5650246E-07 0.6244E-10 0.5378    
   5      0.5642024E-07 0.1247E-09  0.5648602E-07 0.5583E-10 0.4903    
   6      0.5671849E-07 0.1250E-09  0.5652495E-07 0.5098E-10 0.9715    
   7      0.5660687E-07 0.1251E-09  0.5653664E-07 0.4721E-10 0.8707    
   8      0.5640834E-07 0.1246E-09  0.5652061E-07 0.4415E-10 0.8786    
   9      0.5651837E-07 0.1249E-09  0.5652036E-07 0.4163E-10 0.7689    
  10      0.5677531E-07 0.1250E-09  0.5654602E-07 0.3950E-10  1.102    
  11      0.5636995E-07 0.1249E-09  0.5653010E-07 0.3766E-10  1.172    
  12      0.5661093E-07 0.1251E-09  0.5653683E-07 0.3606E-10  1.100    
  13      0.5693106E-07 0.1253E-09  0.5656736E-07 0.3465E-10  1.778    
  14      0.5641325E-07 0.1249E-09  0.5655640E-07 0.3339E-10  1.750    
  15      0.5649974E-07 0.1250E-09  0.5655264E-07 0.3226E-10  1.639    
  16      0.5652816E-07 0.1249E-09  0.5655111E-07 0.3123E-10  1.532    
  17      0.5670662E-07 0.1251E-09  0.5656028E-07 0.3030E-10  1.527    
  18      0.5645321E-07 0.1249E-09  0.5655435E-07 0.2945E-10  1.478    
  19      0.5655912E-07 0.1249E-09  0.5655460E-07 0.2866E-10  1.396    
  20      0.5663540E-07 0.1252E-09  0.5655863E-07 0.2794E-10  1.344    
   
   
 Integral virtual contribrtion:   5.6558634107086405E-008 +-   2.7940436346807349E-011
 with chisq    =   1.3436062464124618     
  
  
  
 For xq =         1600 
  
 RM48 INITIALIZED:        40           0         0



 INPUT PARAMETERS FOR VEGAS:  NDIM=  3  NCALL=   47775744.
                              IT=    0  ITMX=   10
                              MDS= -1   ND=  48
   1      0.4047278E-07 0.7899E-09  0.4047278E-07 0.7899E-09  0.000    
   2      0.3918619E-07 0.3521E-09  0.3941119E-07 0.3251E-09  2.260    
   3      0.3927800E-07 0.3056E-09  0.3934140E-07 0.2233E-09  1.185    
   4      0.3872101E-07 0.2920E-09  0.3911935E-07 0.1779E-09  1.731    
   5      0.3887947E-07 0.2898E-09  0.3905500E-07 0.1517E-09  1.428    
   6      0.3883609E-07 0.2871E-09  0.3900810E-07 0.1342E-09  1.236    
   7      0.3875829E-07 0.2854E-09  0.3896374E-07 0.1215E-09  1.137    
   8      0.3876779E-07 0.2875E-09  0.3893455E-07 0.1120E-09  1.032    
   9      0.3889425E-07 0.2901E-09  0.3892938E-07 0.1045E-09 0.9065    
  10      0.3923210E-07 0.2909E-09  0.3896418E-07 0.9832E-10 0.9124    



 INPUT PARAMETERS FOR VEGAS:  NDIM=  3  NCALL=  485941248.
                              IT=    0  ITMX=   20
                              MDS= -1   ND=  48
   1      0.3882661E-07 0.8674E-10  0.3882661E-07 0.8674E-10  0.000    
   2      0.3875607E-07 0.8684E-10  0.3879144E-07 0.6137E-10 0.3303    
   3      0.3882924E-07 0.8676E-10  0.3880406E-07 0.5010E-10 0.2283    
   4      0.3897541E-07 0.8698E-10  0.3884703E-07 0.4342E-10  1.127    
   5      0.3872975E-07 0.8647E-10  0.3882353E-07 0.3880E-10  1.213    
   6      0.3889678E-07 0.8658E-10  0.3883582E-07 0.3541E-10  1.089    
   7      0.3881475E-07 0.8661E-10  0.3883281E-07 0.3277E-10 0.9160    
   8      0.3881113E-07 0.8646E-10  0.3883009E-07 0.3065E-10 0.7931    
   9      0.3890624E-07 0.8663E-10  0.3883859E-07 0.2889E-10 0.7798    
  10      0.3907890E-07 0.8697E-10  0.3886274E-07 0.2742E-10  1.464    
  11      0.3886406E-07 0.8681E-10  0.3886286E-07 0.2615E-10  1.318    
  12      0.3893094E-07 0.8689E-10  0.3886853E-07 0.2504E-10  1.249    
  13      0.3895974E-07 0.8677E-10  0.3887557E-07 0.2406E-10  1.230    
  14      0.3870274E-07 0.8660E-10  0.3886329E-07 0.2318E-10  1.418    
  15      0.3894287E-07 0.8678E-10  0.3886861E-07 0.2239E-10  1.373    
  16      0.3882258E-07 0.8650E-10  0.3886573E-07 0.2168E-10  1.299    
  17      0.3887035E-07 0.8676E-10  0.3886600E-07 0.2103E-10  1.218    
  18      0.3893166E-07 0.8692E-10  0.3886964E-07 0.2044E-10  1.178    
  19      0.3877227E-07 0.8674E-10  0.3886454E-07 0.1990E-10  1.179    
  20      0.3886510E-07 0.8671E-10  0.3886457E-07 0.1939E-10  1.117    
   
   
 Integral virtual contribrtion:   3.8864569582171802E-008 +-   1.9392603746485309E-011
 with chisq    =   1.1167555055550458     
  
  
  
 For xq =         1700 
  
 RM48 INITIALIZED:        40           0         0



 INPUT PARAMETERS FOR VEGAS:  NDIM=  3  NCALL=   47775744.
                              IT=    0  ITMX=   10
                              MDS= -1   ND=  48
   1      0.2718393E-07 0.5299E-09  0.2718393E-07 0.5299E-09  0.000    
   2      0.2667570E-07 0.2454E-09  0.2676829E-07 0.2240E-09 0.7666    
   3      0.2726511E-07 0.2152E-09  0.2702981E-07 0.1548E-09  1.664    
   4      0.2728935E-07 0.2077E-09  0.2712357E-07 0.1240E-09  1.441    
   5      0.2704103E-07 0.2032E-09  0.2710124E-07 0.1059E-09  1.112    
   6      0.2702960E-07 0.2019E-09  0.2708585E-07 0.9378E-10 0.9097    
   7      0.2714054E-07 0.2049E-09  0.2709535E-07 0.8527E-10 0.7675    
   8      0.2695001E-07 0.2016E-09  0.2707349E-07 0.7854E-10 0.7212    
   9      0.2723521E-07 0.2041E-09  0.2709456E-07 0.7330E-10 0.6992    
  10      0.2721922E-07 0.2039E-09  0.2710895E-07 0.6897E-10 0.6580    



 INPUT PARAMETERS FOR VEGAS:  NDIM=  3  NCALL=  485941248.
                              IT=    0  ITMX=   20
                              MDS= -1   ND=  48
   1      0.2706773E-07 0.6045E-10  0.2706773E-07 0.6045E-10  0.000    
   2      0.2716259E-07 0.6053E-10  0.2711526E-07 0.4277E-10  1.230    
   3      0.2709189E-07 0.6051E-10  0.2710748E-07 0.3493E-10 0.6650    
   4      0.2720890E-07 0.6050E-10  0.2713298E-07 0.3025E-10  1.148    
   5      0.2716504E-07 0.6059E-10  0.2713938E-07 0.2706E-10 0.9164    
   6      0.2717505E-07 0.6060E-10  0.2714533E-07 0.2471E-10 0.7907    
   7      0.2711444E-07 0.6049E-10  0.2714092E-07 0.2288E-10 0.6963    
   8      0.2711195E-07 0.6055E-10  0.2713731E-07 0.2140E-10 0.6256    
   9      0.2706016E-07 0.6038E-10  0.2712874E-07 0.2017E-10 0.7282    
  10      0.2715824E-07 0.6069E-10  0.2713168E-07 0.1914E-10 0.6708    
  11      0.2718615E-07 0.6062E-10  0.2713664E-07 0.1825E-10 0.6772    
  12      0.2709723E-07 0.6048E-10  0.2713336E-07 0.1747E-10 0.6510    
  13      0.2704799E-07 0.6036E-10  0.2712679E-07 0.1678E-10 0.7501    
  14      0.2706919E-07 0.6047E-10  0.2712269E-07 0.1617E-10 0.7571    
  15      0.2717559E-07 0.6052E-10  0.2712623E-07 0.1563E-10 0.7540    
  16      0.2703126E-07 0.6046E-10  0.2712032E-07 0.1513E-10 0.8573    
  17      0.2719977E-07 0.6058E-10  0.2712501E-07 0.1468E-10 0.9051    
  18      0.2701604E-07 0.6037E-10  0.2711898E-07 0.1426E-10  1.032    
  19      0.2714850E-07 0.6033E-10  0.2712054E-07 0.1388E-10 0.9871    
  20      0.2715994E-07 0.6057E-10  0.2712251E-07 0.1353E-10 0.9562    
   
   
 Integral virtual contribrtion:   2.7122513814641257E-008 +-   1.3528737975026386E-011
 with chisq    =  0.95622495875385849     
  
  
  
 For xq =         1800 
  
 RM48 INITIALIZED:        40           0         0



 INPUT PARAMETERS FOR VEGAS:  NDIM=  3  NCALL=   47775744.
                              IT=    0  ITMX=   10
                              MDS= -1   ND=  48
   1      0.1840958E-07 0.3638E-09  0.1840958E-07 0.3638E-09  0.000    
   2      0.1897445E-07 0.1735E-09  0.1887484E-07 0.1551E-09  1.926    
   3      0.1939871E-07 0.1531E-09  0.1914982E-07 0.1083E-09  3.858    
   4      0.1939297E-07 0.1484E-09  0.1923695E-07 0.8727E-10  3.136    
   5      0.1903571E-07 0.1457E-09  0.1918386E-07 0.7487E-10  2.703    
   6      0.1930446E-07 0.1453E-09  0.1920970E-07 0.6651E-10  2.263    
   7      0.1906823E-07 0.1440E-09  0.1918488E-07 0.6039E-10  2.019    
   8      0.1917015E-07 0.1446E-09  0.1918268E-07 0.5572E-10  1.730    
   9      0.1920040E-07 0.1449E-09  0.1918498E-07 0.5200E-10  1.514    
  10      0.1922951E-07 0.1457E-09  0.1919007E-07 0.4897E-10  1.353    



 INPUT PARAMETERS FOR VEGAS:  NDIM=  3  NCALL=  485941248.
                              IT=    0  ITMX=   20
                              MDS= -1   ND=  48
   1      0.1914647E-07 0.4348E-10  0.1914647E-07 0.4348E-10  0.000    
   2      0.1908586E-07 0.4339E-10  0.1911620E-07 0.3071E-10 0.9737    
   3      0.1914011E-07 0.4349E-10  0.1912417E-07 0.2509E-10 0.5874    
   4      0.1914974E-07 0.4361E-10  0.1913054E-07 0.2175E-10 0.4775    
   5      0.1915626E-07 0.4356E-10  0.1913568E-07 0.1946E-10 0.4278    
   6      0.1917850E-07 0.4358E-10  0.1914283E-07 0.1777E-10 0.5034    
   7      0.1916944E-07 0.4360E-10  0.1914662E-07 0.1645E-10 0.4727    
   8      0.1919575E-07 0.4364E-10  0.1915276E-07 0.1540E-10 0.5640    
   9      0.1912907E-07 0.4356E-10  0.1915014E-07 0.1452E-10 0.5265    
  10      0.1913002E-07 0.4338E-10  0.1914812E-07 0.1377E-10 0.4895    
  11      0.1919450E-07 0.4360E-10  0.1915234E-07 0.1313E-10 0.5437    
  12      0.1910192E-07 0.4340E-10  0.1914813E-07 0.1256E-10 0.6064    
  13      0.1917768E-07 0.4366E-10  0.1915040E-07 0.1207E-10 0.5911    
  14      0.1919101E-07 0.4357E-10  0.1915331E-07 0.1164E-10 0.6077    
  15      0.1917741E-07 0.4358E-10  0.1915491E-07 0.1124E-10 0.5847    
  16      0.1919223E-07 0.4358E-10  0.1915725E-07 0.1089E-10 0.5916    
  17      0.1917124E-07 0.4360E-10  0.1915807E-07 0.1056E-10 0.5606    
  18      0.1922093E-07 0.4350E-10  0.1916159E-07 0.1026E-10 0.6441    
  19      0.1910913E-07 0.4350E-10  0.1915884E-07 0.9989E-11 0.6846    
  20      0.1919570E-07 0.4362E-10  0.1916069E-07 0.9737E-11 0.6843    
   
   
 Integral virtual contribrtion:   1.9160685496968832E-008 +-   9.7373038658276934E-012
 with chisq    =  0.68428412147853124     
  
  
  
 For xq =         1900 
  
 RM48 INITIALIZED:        40           0         0



 INPUT PARAMETERS FOR VEGAS:  NDIM=  3  NCALL=   47775744.
                              IT=    0  ITMX=   10
                              MDS= -1   ND=  48
   1      0.1394368E-07 0.2662E-09  0.1394368E-07 0.2662E-09  0.000    
   2      0.1383042E-07 0.1248E-09  0.1385110E-07 0.1133E-09 0.1492    
   3      0.1377445E-07 0.1104E-09  0.1381208E-07 0.7917E-10 0.1921    
   4      0.1367052E-07 0.1068E-09  0.1376274E-07 0.6370E-10 0.5028    
   5      0.1366182E-07 0.1055E-09  0.1373618E-07 0.5456E-10 0.5445    
   6      0.1380245E-07 0.1055E-09  0.1375021E-07 0.4846E-10 0.4977    
   7      0.1363612E-07 0.1045E-09  0.1373037E-07 0.4398E-10 0.5770    
   8      0.1370875E-07 0.1050E-09  0.1372717E-07 0.4057E-10 0.5002    
   9      0.1392984E-07 0.1059E-09  0.1375367E-07 0.3788E-10 0.8433    
  10      0.1366744E-07 0.1057E-09  0.1374399E-07 0.3566E-10 0.8155    



 INPUT PARAMETERS FOR VEGAS:  NDIM=  3  NCALL=  485941248.
                              IT=    0  ITMX=   20
                              MDS= -1   ND=  48
   1      0.1368391E-07 0.3179E-10  0.1368391E-07 0.3179E-10  0.000    
   2      0.1366174E-07 0.3173E-10  0.1367282E-07 0.2246E-10 0.2435    
   3      0.1373161E-07 0.3184E-10  0.1369247E-07 0.1835E-10  1.263    
   4      0.1367785E-07 0.3176E-10  0.1368881E-07 0.1589E-10 0.8954    
   5      0.1371353E-07 0.3185E-10  0.1369375E-07 0.1422E-10 0.7919    
   6      0.1373148E-07 0.3185E-10  0.1370005E-07 0.1298E-10 0.8677    
   7      0.1367962E-07 0.3175E-10  0.1369713E-07 0.1202E-10 0.7824    
   8      0.1370611E-07 0.3186E-10  0.1369825E-07 0.1124E-10 0.6805    
   9      0.1368458E-07 0.3182E-10  0.1369673E-07 0.1060E-10 0.6160    
  10      0.1375725E-07 0.3183E-10  0.1370283E-07 0.1006E-10 0.9111    
  11      0.1371658E-07 0.3177E-10  0.1370408E-07 0.9590E-11 0.8369    
  12      0.1367992E-07 0.3184E-10  0.1370208E-07 0.9182E-11 0.8089    
  13      0.1368458E-07 0.3174E-10  0.1370073E-07 0.8820E-11 0.7649    
  14      0.1368868E-07 0.3183E-10  0.1369987E-07 0.8500E-11 0.7164    
  15      0.1368810E-07 0.3184E-10  0.1369909E-07 0.8212E-11 0.6744    
  16      0.1372389E-07 0.3184E-10  0.1370064E-07 0.7952E-11 0.6674    
  17      0.1367259E-07 0.3182E-10  0.1369900E-07 0.7715E-11 0.6714    
  18      0.1366284E-07 0.3179E-10  0.1369700E-07 0.7497E-11 0.7036    
  19      0.1365631E-07 0.3177E-10  0.1369486E-07 0.7297E-11 0.7505    
  20      0.1370869E-07 0.3187E-10  0.1369555E-07 0.7113E-11 0.7204    
   
   
 Integral virtual contribrtion:   1.3695554082323570E-008 +-   7.1128625844019133E-012
 with chisq    =  0.72037012087180141     
  
  
  
 For xq =         2000 
  
 RM48 INITIALIZED:        40           0         0



 INPUT PARAMETERS FOR VEGAS:  NDIM=  3  NCALL=   47775744.
                              IT=    0  ITMX=   10
                              MDS= -1   ND=  48
   1      0.9885881E-08 0.1890E-09  0.9885881E-08 0.1890E-09  0.000    
   2      0.9929867E-08 0.8988E-10  0.9921816E-08 0.8106E-10 0.4403E-01
   3      0.9870152E-08 0.7999E-10  0.9895741E-08 0.5697E-10 0.1249    
   4      0.9848109E-08 0.7807E-10  0.9879291E-08 0.4604E-10 0.1641    
   5      0.9891431E-08 0.7719E-10  0.9882481E-08 0.3954E-10 0.1276    
   6      0.9925112E-08 0.7682E-10  0.9891466E-08 0.3515E-10 0.1509    
   7      0.9896259E-08 0.7741E-10  0.9892286E-08 0.3201E-10 0.1262    
   8      0.9791286E-08 0.7655E-10  0.9877518E-08 0.2954E-10 0.3170    
   9      0.9865906E-08 0.7658E-10  0.9876018E-08 0.2756E-10 0.2800    
  10      0.9821610E-08 0.7683E-10  0.9869879E-08 0.2594E-10 0.2981    



 INPUT PARAMETERS FOR VEGAS:  NDIM=  3  NCALL=  485941248.
                              IT=    0  ITMX=   20
                              MDS= -1   ND=  48
   1      0.9872581E-08 0.2313E-10  0.9872581E-08 0.2313E-10  0.000    
   2      0.9892692E-08 0.2320E-10  0.9882628E-08 0.1638E-10 0.3769    
   3      0.9919551E-08 0.2319E-10  0.9894976E-08 0.1338E-10  1.036    
   4      0.9879893E-08 0.2320E-10  0.9891219E-08 0.1159E-10 0.7965    
   5      0.9864073E-08 0.2311E-10  0.9885788E-08 0.1036E-10 0.8728    
   6      0.9905901E-08 0.2322E-10  0.9889138E-08 0.9461E-11 0.8232    
   7      0.9856924E-08 0.2314E-10  0.9884551E-08 0.8758E-11 0.9620    
   8      0.9902307E-08 0.2315E-10  0.9886781E-08 0.8191E-11 0.8980    
   9      0.9850088E-08 0.2308E-10  0.9882704E-08 0.7719E-11  1.065    
  10      0.9909547E-08 0.2318E-10  0.9885396E-08 0.7324E-11  1.081    
  11      0.9885389E-08 0.2312E-10  0.9885395E-08 0.6982E-11 0.9730    
  12      0.9885392E-08 0.2316E-10  0.9885395E-08 0.6685E-11 0.8846    
  13      0.9860897E-08 0.2314E-10  0.9883516E-08 0.6422E-11 0.8970    
  14      0.9859819E-08 0.2308E-10  0.9881821E-08 0.6187E-11 0.9032    
  15      0.9873557E-08 0.2312E-10  0.9881270E-08 0.5977E-11 0.8473    
  16      0.9884483E-08 0.2319E-10  0.9881470E-08 0.5788E-11 0.7920    
  17      0.9873027E-08 0.2314E-10  0.9880974E-08 0.5615E-11 0.7504    
  18      0.9897315E-08 0.2310E-10  0.9881888E-08 0.5456E-11 0.7340    
  19      0.9880719E-08 0.2311E-10  0.9881827E-08 0.5310E-11 0.6934    
  20      0.9901292E-08 0.2317E-10  0.9882802E-08 0.5176E-11 0.6922    
   
   
 Integral virtual contribrtion:   9.8828017149031439E-009 +-   5.1756932595485307E-012
 with chisq    =  0.69215467030293698     
  
  
  
 For xq =         2100 
  
 RM48 INITIALIZED:        40           0         0



 INPUT PARAMETERS FOR VEGAS:  NDIM=  3  NCALL=   47775744.
                              IT=    0  ITMX=   10
                              MDS= -1   ND=  48
   1      0.7204829E-08 0.1359E-09  0.7204829E-08 0.1359E-09  0.000    
   2      0.7239026E-08 0.6565E-10  0.7232602E-08 0.5903E-10 0.5120E-01
   3      0.7294838E-08 0.5913E-10  0.7263979E-08 0.4170E-10 0.3038    
   4      0.7222015E-08 0.5719E-10  0.7249476E-08 0.3371E-10 0.3197    
   5      0.7188535E-08 0.5635E-10  0.7233585E-08 0.2894E-10 0.4541    
   6      0.7286904E-08 0.5715E-10  0.7244604E-08 0.2581E-10 0.5023    
   7      0.7157134E-08 0.5592E-10  0.7229529E-08 0.2344E-10 0.7509    
   8      0.7144653E-08 0.5623E-10  0.7217204E-08 0.2164E-10 0.9181    
   9      0.7230092E-08 0.5715E-10  0.7218826E-08 0.2024E-10 0.8086    
  10      0.7189105E-08 0.5644E-10  0.7215464E-08 0.1905E-10 0.7465    



 INPUT PARAMETERS FOR VEGAS:  NDIM=  3  NCALL=  485941248.
                              IT=    0  ITMX=   20
                              MDS= -1   ND=  48
   1      0.7227555E-08 0.1704E-10  0.7227555E-08 0.1704E-10  0.000    
   2      0.7234240E-08 0.1703E-10  0.7230903E-08 0.1205E-10 0.7699E-01
   3      0.7222780E-08 0.1702E-10  0.7228195E-08 0.9831E-11 0.1144    
   4      0.7190449E-08 0.1694E-10  0.7218761E-08 0.8503E-11  1.308    
   5      0.7232258E-08 0.1702E-10  0.7221466E-08 0.7607E-11  1.106    
   6      0.7176140E-08 0.1699E-10  0.7213981E-08 0.6943E-11  2.062    
   7      0.7197169E-08 0.1702E-10  0.7211592E-08 0.6429E-11  1.859    
   8      0.7212066E-08 0.1701E-10  0.7211651E-08 0.6014E-11  1.593    
   9      0.7211335E-08 0.1701E-10  0.7211616E-08 0.5670E-11  1.394    
  10      0.7229272E-08 0.1699E-10  0.7213392E-08 0.5378E-11  1.347    
  11      0.7221066E-08 0.1701E-10  0.7214091E-08 0.5128E-11  1.230    
  12      0.7201334E-08 0.1698E-10  0.7213028E-08 0.4909E-11  1.166    
  13      0.7216868E-08 0.1701E-10  0.7213324E-08 0.4717E-11  1.073    
  14      0.7203627E-08 0.1699E-10  0.7212631E-08 0.4545E-11  1.013    
  15      0.7199310E-08 0.1695E-10  0.7211741E-08 0.4390E-11 0.9823    
  16      0.7191285E-08 0.1696E-10  0.7210464E-08 0.4250E-11  1.008    
  17      0.7165251E-08 0.1696E-10  0.7207825E-08 0.4122E-11  1.358    
  18      0.7239830E-08 0.1702E-10  0.7209613E-08 0.4007E-11  1.476    
  19      0.7182933E-08 0.1697E-10  0.7208214E-08 0.3899E-11  1.524    
  20      0.7195629E-08 0.1701E-10  0.7207588E-08 0.3801E-11  1.471    
   
   
 Integral virtual contribrtion:   7.2075877471422598E-009 +-   3.8007142840105805E-012
 with chisq    =   1.4709319779913566     
  
  
  
 For xq =         2200 
  
 RM48 INITIALIZED:        40           0         0



 INPUT PARAMETERS FOR VEGAS:  NDIM=  3  NCALL=   47775744.
                              IT=    0  ITMX=   10
                              MDS= -1   ND=  48
   1      0.5185753E-08 0.9854E-10  0.5185753E-08 0.9854E-10  0.000    
   2      0.5305966E-08 0.4839E-10  0.5283459E-08 0.4314E-10  1.182    
   3      0.5215053E-08 0.4300E-10  0.5249349E-08 0.3048E-10  1.223    
   4      0.5263254E-08 0.4209E-10  0.5254166E-08 0.2468E-10 0.8370    
   5      0.5241919E-08 0.4183E-10  0.5251004E-08 0.2125E-10 0.6437    
   6      0.5267517E-08 0.4168E-10  0.5254439E-08 0.1893E-10 0.5392    
   7      0.5326245E-08 0.4219E-10  0.5266778E-08 0.1726E-10 0.8577    
   8      0.5356245E-08 0.4210E-10  0.5280074E-08 0.1597E-10  1.299    
   9      0.5271167E-08 0.4196E-10  0.5278947E-08 0.1492E-10  1.142    
  10      0.5239574E-08 0.4150E-10  0.5274485E-08 0.1404E-10  1.104    



 INPUT PARAMETERS FOR VEGAS:  NDIM=  3  NCALL=  485941248.
                              IT=    0  ITMX=   20
                              MDS= -1   ND=  48
   1      0.5279494E-08 0.1270E-10  0.5279494E-08 0.1270E-10  0.000    
   2      0.5285768E-08 0.1270E-10  0.5282633E-08 0.8981E-11 0.1220    
   3      0.5277103E-08 0.1268E-10  0.5280789E-08 0.7330E-11 0.1243    
   4      0.5292815E-08 0.1268E-10  0.5283811E-08 0.6346E-11 0.3080    
   5      0.5283600E-08 0.1270E-10  0.5283769E-08 0.5676E-11 0.2311    
   6      0.5307438E-08 0.1279E-10  0.5287692E-08 0.5189E-11 0.7601    
   7      0.5278852E-08 0.1270E-10  0.5286432E-08 0.4803E-11 0.7027    
   8      0.5289170E-08 0.1271E-10  0.5286774E-08 0.4493E-11 0.6080    
   9      0.5289843E-08 0.1272E-10  0.5287115E-08 0.4237E-11 0.5384    
  10      0.5279140E-08 0.1268E-10  0.5286316E-08 0.4018E-11 0.5182    
  11      0.5286479E-08 0.1272E-10  0.5286331E-08 0.3832E-11 0.4664    
  12      0.5303243E-08 0.1274E-10  0.5287743E-08 0.3669E-11 0.5715    
  13      0.5286679E-08 0.1268E-10  0.5287660E-08 0.3525E-11 0.5244    
  14      0.5310143E-08 0.1275E-10  0.5289268E-08 0.3397E-11 0.7075    
  15      0.5315421E-08 0.1274E-10  0.5291021E-08 0.3283E-11 0.9400    
  16      0.5276330E-08 0.1268E-10  0.5290103E-08 0.3178E-11 0.9611    
  17      0.5290396E-08 0.1273E-10  0.5290120E-08 0.3083E-11 0.9011    
  18      0.5295257E-08 0.1269E-10  0.5290407E-08 0.2996E-11 0.8571    
  19      0.5284090E-08 0.1270E-10  0.5290075E-08 0.2916E-11 0.8226    
  20      0.5273850E-08 0.1268E-10  0.5289265E-08 0.2842E-11 0.8609    
   
   
 Integral virtual contribrtion:   5.2892649637188719E-009 +-   2.8418162367026637E-012
 with chisq    =  0.86087224243940452     
  
  
  
 For xq =         2300 
  
 RM48 INITIALIZED:        40           0         0



 INPUT PARAMETERS FOR VEGAS:  NDIM=  3  NCALL=   47775744.
                              IT=    0  ITMX=   10
                              MDS= -1   ND=  48
   1      0.3960361E-08 0.7366E-10  0.3960361E-08 0.7366E-10  0.000    
   2      0.3975894E-08 0.3581E-10  0.3972943E-08 0.3217E-10 0.3588E-01
   3      0.3886000E-08 0.3202E-10  0.3930177E-08 0.2277E-10  1.840    
   4      0.3892448E-08 0.3128E-10  0.3917319E-08 0.1843E-10  1.548    
   5      0.3933693E-08 0.3153E-10  0.3921497E-08 0.1591E-10  1.211    
   6      0.3893115E-08 0.3123E-10  0.3915733E-08 0.1418E-10  1.101    
   7      0.3897184E-08 0.3120E-10  0.3912591E-08 0.1291E-10 0.9677    
   8      0.3951342E-08 0.3147E-10  0.3918253E-08 0.1194E-10  1.015    
   9      0.3888547E-08 0.3099E-10  0.3914470E-08 0.1115E-10 0.9889    
  10      0.3911749E-08 0.3117E-10  0.3914163E-08 0.1050E-10 0.8801    



 INPUT PARAMETERS FOR VEGAS:  NDIM=  3  NCALL=  485941248.
                              IT=    0  ITMX=   20
                              MDS= -1   ND=  48
   1      0.3898911E-08 0.9434E-11  0.3898911E-08 0.9434E-11  0.000    
   2      0.3908795E-08 0.9462E-11  0.3903851E-08 0.6681E-11 0.5472    
   3      0.3922678E-08 0.9484E-11  0.3910135E-08 0.5462E-11  1.594    
   4      0.3908198E-08 0.9452E-11  0.3909651E-08 0.4729E-11  1.073    
   5      0.3907266E-08 0.9432E-11  0.3909172E-08 0.4227E-11 0.8179    
   6      0.3925559E-08 0.9474E-11  0.3911912E-08 0.3861E-11  1.155    
   7      0.3901860E-08 0.9431E-11  0.3910476E-08 0.3573E-11  1.125    
   8      0.3909815E-08 0.9453E-11  0.3910394E-08 0.3342E-11 0.9649    
   9      0.3902883E-08 0.9447E-11  0.3909561E-08 0.3151E-11 0.9146    
  10      0.3921388E-08 0.9453E-11  0.3910750E-08 0.2989E-11 0.9698    
  11      0.3910056E-08 0.9443E-11  0.3910687E-08 0.2850E-11 0.8733    
  12      0.3896515E-08 0.9403E-11  0.3909502E-08 0.2727E-11 0.9824    
  13      0.3910169E-08 0.9452E-11  0.3909554E-08 0.2620E-11 0.9009    
  14      0.3900419E-08 0.9415E-11  0.3908900E-08 0.2524E-11 0.8988    
  15      0.3917653E-08 0.9485E-11  0.3909481E-08 0.2439E-11 0.8914    
  16      0.3910039E-08 0.9461E-11  0.3909516E-08 0.2362E-11 0.8322    
  17      0.3927967E-08 0.9474E-11  0.3910606E-08 0.2292E-11  1.005    
  18      0.3926593E-08 0.9497E-11  0.3911492E-08 0.2228E-11  1.104    
  19      0.3894303E-08 0.9420E-11  0.3910589E-08 0.2168E-11  1.217    
  20      0.3906115E-08 0.9448E-11  0.3910366E-08 0.2113E-11  1.164    
   
   
 Integral virtual contribrtion:   3.9103658408354318E-009 +-   2.1133359226710161E-012
 with chisq    =   1.1641682802117064     
  
  
  
 For xq =         2400 
  
 RM48 INITIALIZED:        40           0         0



 INPUT PARAMETERS FOR VEGAS:  NDIM=  3  NCALL=   47775744.
                              IT=    0  ITMX=   10
                              MDS= -1   ND=  48
   1      0.2904271E-08 0.5383E-10  0.2904271E-08 0.5383E-10  0.000    
   2      0.2900887E-08 0.2645E-10  0.2901546E-08 0.2374E-10 0.3187E-02
   3      0.2906891E-08 0.2406E-10  0.2904187E-08 0.1690E-10 0.1410E-01
   4      0.2901550E-08 0.2343E-10  0.2903286E-08 0.1371E-10 0.1218E-01
   5      0.2908961E-08 0.2327E-10  0.2904751E-08 0.1181E-10 0.2019E-01
   6      0.2894678E-08 0.2315E-10  0.2902683E-08 0.1052E-10 0.4609E-01
   7      0.2956965E-08 0.2355E-10  0.2911997E-08 0.9601E-11 0.7955    
   8      0.2882260E-08 0.2329E-10  0.2907750E-08 0.8878E-11 0.8797    
   9      0.2903176E-08 0.2338E-10  0.2907175E-08 0.8300E-11 0.7742    
  10      0.2871284E-08 0.2340E-10  0.2903250E-08 0.7824E-11 0.9176    



 INPUT PARAMETERS FOR VEGAS:  NDIM=  3  NCALL=  485941248.
                              IT=    0  ITMX=   20
                              MDS= -1   ND=  48
   1      0.2919366E-08 0.7116E-11  0.2919366E-08 0.7116E-11  0.000    
   2      0.2920397E-08 0.7116E-11  0.2919881E-08 0.5032E-11 0.1049E-01
   3      0.2908140E-08 0.7083E-11  0.2915965E-08 0.4102E-11 0.9159    
   4      0.2916152E-08 0.7103E-11  0.2916012E-08 0.3552E-11 0.6107    
   5      0.2910148E-08 0.7082E-11  0.2914837E-08 0.3175E-11 0.5950    
   6      0.2922507E-08 0.7099E-11  0.2916121E-08 0.2899E-11 0.6709    
   7      0.2910720E-08 0.7101E-11  0.2915352E-08 0.2684E-11 0.6418    
   8      0.2909964E-08 0.7085E-11  0.2914679E-08 0.2510E-11 0.6224    
   9      0.2910038E-08 0.7100E-11  0.2914165E-08 0.2366E-11 0.5922    
  10      0.2894038E-08 0.7076E-11  0.2912165E-08 0.2244E-11  1.327    
  11      0.2909770E-08 0.7086E-11  0.2911947E-08 0.2139E-11  1.205    
  12      0.2915013E-08 0.7106E-11  0.2912203E-08 0.2048E-11  1.110    
  13      0.2899202E-08 0.7094E-11  0.2911210E-08 0.1968E-11  1.275    
  14      0.2912327E-08 0.7088E-11  0.2911290E-08 0.1896E-11  1.179    
  15      0.2907678E-08 0.7087E-11  0.2911049E-08 0.1832E-11  1.112    
  16      0.2910620E-08 0.7086E-11  0.2911023E-08 0.1774E-11  1.038    
  17      0.2903643E-08 0.7075E-11  0.2910588E-08 0.1720E-11  1.037    
  18      0.2906898E-08 0.7078E-11  0.2910383E-08 0.1672E-11 0.9913    
  19      0.2900171E-08 0.7069E-11  0.2909846E-08 0.1627E-11  1.046    
  20      0.2911132E-08 0.7107E-11  0.2909910E-08 0.1586E-11 0.9923    
   
   
 Integral virtual contribrtion:   2.9099098015788329E-009 +-   1.5857783383778363E-012
 with chisq    =  0.99226974746647600     
  
  
  
 For xq =         2500 
  
 RM48 INITIALIZED:        40           0         0



 INPUT PARAMETERS FOR VEGAS:  NDIM=  3  NCALL=   47775744.
                              IT=    0  ITMX=   10
                              MDS= -1   ND=  48
   1      0.2194627E-08 0.4037E-10  0.2194627E-08 0.4037E-10  0.000    
   2      0.2179208E-08 0.1980E-10  0.2182232E-08 0.1781E-10 0.1181    
   3      0.2159022E-08 0.1802E-10  0.2170908E-08 0.1269E-10 0.4772    
   4      0.2170207E-08 0.1772E-10  0.2170671E-08 0.1032E-10 0.3190    
   5      0.2179680E-08 0.1753E-10  0.2172997E-08 0.8893E-11 0.2882    
   6      0.2144732E-08 0.1750E-10  0.2167332E-08 0.7933E-11 0.6386    
   7      0.2160349E-08 0.1742E-10  0.2166142E-08 0.7220E-11 0.5550    
   8      0.2205153E-08 0.1779E-10  0.2171816E-08 0.6688E-11  1.078    
   9      0.2181600E-08 0.1769E-10  0.2173047E-08 0.6256E-11 0.9759    
  10      0.2131343E-08 0.1758E-10  0.2168524E-08 0.5895E-11  1.409    



 INPUT PARAMETERS FOR VEGAS:  NDIM=  3  NCALL=  485941248.
                              IT=    0  ITMX=   20
                              MDS= -1   ND=  48
   1      0.2177107E-08 0.5351E-11  0.2177107E-08 0.5351E-11  0.000    
   2      0.2183593E-08 0.5360E-11  0.2180354E-08 0.3787E-11 0.7334    
   3      0.2178843E-08 0.5354E-11  0.2179851E-08 0.3092E-11 0.3934    
   4      0.2184579E-08 0.5368E-11  0.2181032E-08 0.2679E-11 0.4566    
   5      0.2180731E-08 0.5357E-11  0.2180972E-08 0.2396E-11 0.3431    
   6      0.2179082E-08 0.5351E-11  0.2180657E-08 0.2187E-11 0.2953    
   7      0.2173063E-08 0.5354E-11  0.2179577E-08 0.2025E-11 0.5323    
   8      0.2174330E-08 0.5341E-11  0.2178921E-08 0.1893E-11 0.5766    
   9      0.2164007E-08 0.5331E-11  0.2177271E-08 0.1784E-11  1.365    
  10      0.2168630E-08 0.5350E-11  0.2176413E-08 0.1692E-11  1.473    
  11      0.2177197E-08 0.5363E-11  0.2176484E-08 0.1614E-11  1.328    
  12      0.2181594E-08 0.5369E-11  0.2176909E-08 0.1546E-11  1.282    
  13      0.2173334E-08 0.5346E-11  0.2176634E-08 0.1485E-11  1.210    
  14      0.2179604E-08 0.5362E-11  0.2176846E-08 0.1431E-11  1.139    
  15      0.2194440E-08 0.5385E-11  0.2178024E-08 0.1383E-11  1.779    
  16      0.2187349E-08 0.5378E-11  0.2178607E-08 0.1339E-11  1.848    
  17      0.2172562E-08 0.5353E-11  0.2178253E-08 0.1299E-11  1.808    
  18      0.2182872E-08 0.5359E-11  0.2178510E-08 0.1263E-11  1.743    
  19      0.2178218E-08 0.5367E-11  0.2178495E-08 0.1229E-11  1.646    
  20      0.2178296E-08 0.5362E-11  0.2178485E-08 0.1198E-11  1.560    
   
   
 Integral virtual contribrtion:   2.1784849993551280E-009 +-   1.1981057326269193E-012
 with chisq    =   1.5596270962980803     
  
  
  
 For xq =         2600 
  
 RM48 INITIALIZED:        40           0         0



 INPUT PARAMETERS FOR VEGAS:  NDIM=  3  NCALL=   47775744.
                              IT=    0  ITMX=   10
                              MDS= -1   ND=  48
   1      0.1672511E-08 0.3037E-10  0.1672511E-08 0.3037E-10  0.000    
   2      0.1651643E-08 0.1503E-10  0.1655832E-08 0.1352E-10 0.3821    
   3      0.1639543E-08 0.1375E-10  0.1647933E-08 0.9661E-11 0.5479    
   4      0.1654971E-08 0.1352E-10  0.1650313E-08 0.7860E-11 0.4250    
   5      0.1647847E-08 0.1338E-10  0.1649685E-08 0.6779E-11 0.3256    
   6      0.1618403E-08 0.1331E-10  0.1643454E-08 0.6045E-11  1.117    
   7      0.1654324E-08 0.1336E-10  0.1645314E-08 0.5507E-11  1.022    
   8      0.1651213E-08 0.1339E-10  0.1646170E-08 0.5093E-11 0.8990    
   9      0.1638876E-08 0.1336E-10  0.1645254E-08 0.4759E-11 0.8199    
  10      0.1645251E-08 0.1352E-10  0.1645254E-08 0.4489E-11 0.7290    



 INPUT PARAMETERS FOR VEGAS:  NDIM=  3  NCALL=  485941248.
                              IT=    0  ITMX=   20
                              MDS= -1   ND=  48
   1      0.1642248E-08 0.4055E-11  0.1642248E-08 0.4055E-11  0.000    
   2      0.1640746E-08 0.4053E-11  0.1641497E-08 0.2867E-11 0.6867E-01
   3      0.1639365E-08 0.4059E-11  0.1640789E-08 0.2342E-11 0.1264    
   4      0.1643524E-08 0.4060E-11  0.1641473E-08 0.2028E-11 0.1979    
   5      0.1636609E-08 0.4049E-11  0.1640502E-08 0.1814E-11 0.4360    
   6      0.1635384E-08 0.4055E-11  0.1639653E-08 0.1656E-11 0.6135    
   7      0.1635389E-08 0.4053E-11  0.1639046E-08 0.1533E-11 0.6692    
   8      0.1638071E-08 0.4042E-11  0.1638924E-08 0.1433E-11 0.5809    
   9      0.1637312E-08 0.4054E-11  0.1638745E-08 0.1351E-11 0.5260    
  10      0.1640153E-08 0.4054E-11  0.1638886E-08 0.1282E-11 0.4795    
  11      0.1641691E-08 0.4058E-11  0.1639141E-08 0.1222E-11 0.4750    
  12      0.1636516E-08 0.4056E-11  0.1638923E-08 0.1170E-11 0.4668    
  13      0.1641823E-08 0.4057E-11  0.1639147E-08 0.1124E-11 0.4672    
  14      0.1631435E-08 0.4045E-11  0.1638598E-08 0.1083E-11 0.6890    
  15      0.1637026E-08 0.4058E-11  0.1638494E-08 0.1047E-11 0.6499    
  16      0.1641316E-08 0.4062E-11  0.1638670E-08 0.1014E-11 0.6367    
  17      0.1645721E-08 0.4073E-11  0.1639085E-08 0.9836E-12 0.7743    
  18      0.1637158E-08 0.4044E-11  0.1638977E-08 0.9557E-12 0.7414    
  19      0.1640959E-08 0.4055E-11  0.1639082E-08 0.9302E-12 0.7128    
  20      0.1642619E-08 0.4076E-11  0.1639258E-08 0.9069E-12 0.7129    
   
   
 Integral virtual contribrtion:   1.6392577520451793E-009 +-   9.0691472531795272E-013
 with chisq    =  0.71291606310004951     
  
  
  
 For xq =         2700 
  
 RM48 INITIALIZED:        40           0         0



 INPUT PARAMETERS FOR VEGAS:  NDIM=  3  NCALL=   47775744.
                              IT=    0  ITMX=   10
                              MDS= -1   ND=  48
   1      0.1234241E-08 0.2258E-10  0.1234241E-08 0.2258E-10  0.000    
   2      0.1251230E-08 0.1138E-10  0.1247864E-08 0.1012E-10 0.4477    
   3      0.1237873E-08 0.1040E-10  0.1243026E-08 0.7258E-11 0.4610    
   4      0.1239514E-08 0.1025E-10  0.1241854E-08 0.5923E-11 0.3336    
   5      0.1223285E-08 0.1006E-10  0.1237172E-08 0.5108E-11 0.8746    
   6      0.1236941E-08 0.1005E-10  0.1237125E-08 0.4554E-11 0.6998    
   7      0.1228549E-08 0.1010E-10  0.1235692E-08 0.4152E-11 0.6833    
   8      0.1234513E-08 0.1007E-10  0.1235521E-08 0.3839E-11 0.5875    
   9      0.1246123E-08 0.1022E-10  0.1236851E-08 0.3593E-11 0.6324    
  10      0.1212159E-08 0.1012E-10  0.1234185E-08 0.3387E-11  1.133    



 INPUT PARAMETERS FOR VEGAS:  NDIM=  3  NCALL=  485941248.
                              IT=    0  ITMX=   20
                              MDS= -1   ND=  48
   1      0.1237344E-08 0.3083E-11  0.1237344E-08 0.3083E-11  0.000    
   2      0.1242673E-08 0.3089E-11  0.1240015E-08 0.2182E-11  1.491    
   3      0.1236634E-08 0.3077E-11  0.1238888E-08 0.1780E-11  1.148    
   4      0.1237277E-08 0.3079E-11  0.1238485E-08 0.1541E-11 0.8339    
   5      0.1241974E-08 0.3098E-11  0.1239180E-08 0.1380E-11 0.8798    
   6      0.1245362E-08 0.3096E-11  0.1240213E-08 0.1260E-11  1.372    
   7      0.1238624E-08 0.3092E-11  0.1239987E-08 0.1167E-11  1.182    
   8      0.1242394E-08 0.3089E-11  0.1240289E-08 0.1092E-11  1.089    
   9      0.1237577E-08 0.3091E-11  0.1239989E-08 0.1029E-11  1.038    
  10      0.1230793E-08 0.3070E-11  0.1239072E-08 0.9760E-12  1.810    
  11      0.1235137E-08 0.3086E-11  0.1238717E-08 0.9306E-12  1.777    
  12      0.1238269E-08 0.3088E-11  0.1238679E-08 0.8910E-12  1.617    
  13      0.1235781E-08 0.3089E-11  0.1238458E-08 0.8561E-12  1.550    
  14      0.1241056E-08 0.3083E-11  0.1238645E-08 0.8249E-12  1.481    
  15      0.1246139E-08 0.3102E-11  0.1239145E-08 0.7972E-12  1.768    
  16      0.1240552E-08 0.3077E-11  0.1239234E-08 0.7717E-12  1.663    
  17      0.1233557E-08 0.3086E-11  0.1238903E-08 0.7487E-12  1.757    
  18      0.1237353E-08 0.3084E-11  0.1238817E-08 0.7275E-12  1.668    
  19      0.1242366E-08 0.3088E-11  0.1239004E-08 0.7081E-12  1.645    
  20      0.1238745E-08 0.3089E-11  0.1238991E-08 0.6902E-12  1.559    
   
   
 Integral virtual contribrtion:   1.2389913367018273E-009 +-   6.9023674924016255E-013
 with chisq    =   1.5587413788137157     
  
  
  
 For xq =         2800 
  
 RM48 INITIALIZED:        40           0         0



 INPUT PARAMETERS FOR VEGAS:  NDIM=  3  NCALL=   47775744.
                              IT=    0  ITMX=   10
                              MDS= -1   ND=  48
   1      0.9494485E-09 0.1705E-10  0.9494485E-09 0.1705E-10  0.000    
   2      0.9396675E-09 0.8593E-11  0.9416812E-09 0.7697E-11 0.2640    
   3      0.9428562E-09 0.7992E-11  0.9422456E-09 0.5545E-11 0.1378    
   4      0.9404224E-09 0.7816E-11  0.9416382E-09 0.4524E-11 0.1040    
   5      0.9417682E-09 0.7740E-11  0.9416712E-09 0.3906E-11 0.7813E-01
   6      0.9445900E-09 0.7701E-11  0.9422703E-09 0.3483E-11 0.8537E-01
   7      0.9374956E-09 0.7737E-11  0.9414736E-09 0.3177E-11 0.1236    
   8      0.9343889E-09 0.7641E-11  0.9404444E-09 0.2934E-11 0.2096    
   9      0.9415305E-09 0.7708E-11  0.9405819E-09 0.2742E-11 0.1856    
  10      0.9448223E-09 0.7833E-11  0.9410479E-09 0.2588E-11 0.1940    



 INPUT PARAMETERS FOR VEGAS:  NDIM=  3  NCALL=  485941248.
                              IT=    0  ITMX=   20
                              MDS= -1   ND=  48
   1      0.9395881E-09 0.2346E-11  0.9395881E-09 0.2346E-11  0.000    
   2      0.9439249E-09 0.2352E-11  0.9417611E-09 0.1661E-11  1.704    
   3      0.9417609E-09 0.2354E-11  0.9417611E-09 0.1357E-11 0.8522    
   4      0.9417561E-09 0.2346E-11  0.9417598E-09 0.1175E-11 0.5682    
   5      0.9386447E-09 0.2343E-11  0.9411375E-09 0.1050E-11 0.7784    
   6      0.9408377E-09 0.2349E-11  0.9410876E-09 0.9587E-12 0.6255    
   7      0.9396234E-09 0.2353E-11  0.9408797E-09 0.8878E-12 0.5767    
   8      0.9435593E-09 0.2353E-11  0.9412153E-09 0.8307E-12 0.6568    
   9      0.9369686E-09 0.2346E-11  0.9407461E-09 0.7830E-12 0.9366    
  10      0.9399086E-09 0.2351E-11  0.9406626E-09 0.7429E-12 0.8454    
  11      0.9395518E-09 0.2351E-11  0.9405620E-09 0.7084E-12 0.7813    
  12      0.9367529E-09 0.2345E-11  0.9402457E-09 0.6781E-12 0.9291    
  13      0.9445668E-09 0.2355E-11  0.9405794E-09 0.6516E-12  1.112    
  14      0.9394585E-09 0.2352E-11  0.9404997E-09 0.6280E-12  1.043    
  15      0.9417677E-09 0.2354E-11  0.9405842E-09 0.6068E-12 0.9877    
  16      0.9383288E-09 0.2348E-11  0.9404436E-09 0.5875E-12 0.9796    
  17      0.9352501E-09 0.2340E-11  0.9401389E-09 0.5698E-12  1.206    
  18      0.9419296E-09 0.2348E-11  0.9402388E-09 0.5537E-12  1.167    
  19      0.9446515E-09 0.2356E-11  0.9404719E-09 0.5390E-12  1.288    
  20      0.9363767E-09 0.2350E-11  0.9402689E-09 0.5254E-12  1.371    
   
   
 Integral virtual contribrtion:   9.4026888303385517E-010 +-   5.2537383115136720E-013
 with chisq    =   1.3713476592579585     
  
  
  
 For xq =         2900 
  
 RM48 INITIALIZED:        40           0         0



 INPUT PARAMETERS FOR VEGAS:  NDIM=  3  NCALL=   47775744.
                              IT=    0  ITMX=   10
                              MDS= -1   ND=  48
   1      0.7254976E-09 0.1292E-10  0.7254976E-09 0.1292E-10  0.000    
   2      0.7182141E-09 0.6542E-11  0.7197244E-09 0.5854E-11 0.2544    
   3      0.7126547E-09 0.6042E-11  0.7163465E-09 0.4213E-11 0.4796    
   4      0.7180946E-09 0.5984E-11  0.7169250E-09 0.3445E-11 0.3389    
   5      0.7076419E-09 0.5920E-11  0.7146304E-09 0.2980E-11 0.7072    
   6      0.7128029E-09 0.5939E-11  0.7142658E-09 0.2664E-11 0.5817    
   7      0.7277114E-09 0.5993E-11  0.7165460E-09 0.2433E-11  1.199    
   8      0.7106913E-09 0.5903E-11  0.7157094E-09 0.2250E-11  1.149    
   9      0.7297205E-09 0.5982E-11  0.7175018E-09 0.2106E-11  1.619    
  10      0.7143637E-09 0.5976E-11  0.7171586E-09 0.1986E-11  1.467    



 INPUT PARAMETERS FOR VEGAS:  NDIM=  3  NCALL=  485941248.
                              IT=    0  ITMX=   20
                              MDS= -1   ND=  48
   1      0.7154574E-09 0.1812E-11  0.7154574E-09 0.1812E-11  0.000    
   2      0.7160654E-09 0.1806E-11  0.7157626E-09 0.1279E-11 0.5651E-01
   3      0.7146982E-09 0.1810E-11  0.7154089E-09 0.1045E-11 0.1435    
   4      0.7190127E-09 0.1816E-11  0.7163120E-09 0.9054E-12  1.087    
   5      0.7167097E-09 0.1809E-11  0.7163917E-09 0.8096E-12 0.8248    
   6      0.7166633E-09 0.1814E-11  0.7164369E-09 0.7393E-12 0.6635    
   7      0.7180841E-09 0.1814E-11  0.7166723E-09 0.6847E-12 0.6707    
   8      0.7148721E-09 0.1813E-11  0.7164486E-09 0.6405E-12 0.6981    
   9      0.7160300E-09 0.1805E-11  0.7164018E-09 0.6036E-12 0.6169    
  10      0.7155404E-09 0.1816E-11  0.7163163E-09 0.5728E-12 0.5709    
  11      0.7175778E-09 0.1813E-11  0.7164311E-09 0.5462E-12 0.5578    
  12      0.7160262E-09 0.1810E-11  0.7163974E-09 0.5229E-12 0.5113    
  13      0.7142363E-09 0.1810E-11  0.7162319E-09 0.5024E-12 0.5780    
  14      0.7183401E-09 0.1810E-11  0.7163835E-09 0.4841E-12 0.6307    
  15      0.7178702E-09 0.1816E-11  0.7164825E-09 0.4677E-12 0.6303    
  16      0.7159098E-09 0.1810E-11  0.7164467E-09 0.4529E-12 0.5946    
  17      0.7140491E-09 0.1809E-11  0.7163062E-09 0.4393E-12 0.6604    
  18      0.7172052E-09 0.1817E-11  0.7163559E-09 0.4270E-12 0.6351    
  19      0.7151847E-09 0.1807E-11  0.7162942E-09 0.4155E-12 0.6220    
  20      0.7144474E-09 0.1808E-11  0.7162020E-09 0.4050E-12 0.6413    
   
   
 Integral virtual contribrtion:   7.1620195896101650E-010 +-   4.0498775100379820E-013
 with chisq    =  0.64129869519952465     
  
  
  
 For xq =         3000 
  
 RM48 INITIALIZED:        40           0         0



 INPUT PARAMETERS FOR VEGAS:  NDIM=  3  NCALL=   47775744.
                              IT=    0  ITMX=   10
                              MDS= -1   ND=  48
   1      0.5696549E-09 0.1011E-10  0.5696549E-09 0.1011E-10  0.000    
   2      0.5433602E-09 0.4987E-11  0.5489084E-09 0.4538E-11  5.590    
   3      0.5374702E-09 0.4616E-11  0.5434880E-09 0.3254E-11  4.400    
   4      0.5481865E-09 0.4600E-11  0.5450466E-09 0.2657E-11  3.170    
   5      0.5460917E-09 0.4542E-11  0.5453105E-09 0.2295E-11  2.394    
   6      0.5483734E-09 0.4537E-11  0.5459332E-09 0.2048E-11  1.988    
   7      0.5468362E-09 0.4521E-11  0.5460859E-09 0.1865E-11  1.664    
   8      0.5452765E-09 0.4527E-11  0.5459697E-09 0.1725E-11  1.432    
   9      0.5497090E-09 0.4594E-11  0.5464339E-09 0.1615E-11  1.326    
  10      0.5489945E-09 0.4596E-11  0.5467158E-09 0.1524E-11  1.209    



 INPUT PARAMETERS FOR VEGAS:  NDIM=  3  NCALL=  485941248.
                              IT=    0  ITMX=   20
                              MDS= -1   ND=  48
   1      0.5486111E-09 0.1386E-11  0.5486111E-09 0.1386E-11  0.000    
   2      0.5475992E-09 0.1385E-11  0.5481055E-09 0.9798E-12 0.2666    
   3      0.5468745E-09 0.1388E-11  0.5476975E-09 0.8005E-12 0.3955    
   4      0.5479077E-09 0.1386E-11  0.5477501E-09 0.6932E-12 0.2694    
   5      0.5481151E-09 0.1388E-11  0.5478230E-09 0.6202E-12 0.2158    
   6      0.5478884E-09 0.1386E-11  0.5478339E-09 0.5661E-12 0.1730    
   7      0.5468546E-09 0.1387E-11  0.5476945E-09 0.5242E-12 0.2153    
   8      0.5489845E-09 0.1388E-11  0.5478563E-09 0.4904E-12 0.2928    
   9      0.5456552E-09 0.1379E-11  0.5476111E-09 0.4620E-12 0.5373    
  10      0.5449346E-09 0.1380E-11  0.5473436E-09 0.4381E-12 0.8510    
  11      0.5486139E-09 0.1386E-11  0.5474595E-09 0.4177E-12 0.8423    
  12      0.5498134E-09 0.1390E-11  0.5476561E-09 0.4001E-12  1.006    
  13      0.5454367E-09 0.1384E-11  0.5474862E-09 0.3843E-12  1.119    
  14      0.5477583E-09 0.1389E-11  0.5475056E-09 0.3704E-12  1.036    
  15      0.5469229E-09 0.1386E-11  0.5474668E-09 0.3579E-12 0.9737    
  16      0.5481137E-09 0.1385E-11  0.5475074E-09 0.3465E-12 0.9223    
  17      0.5485570E-09 0.1386E-11  0.5475694E-09 0.3361E-12 0.8983    
  18      0.5478444E-09 0.1389E-11  0.5475846E-09 0.3267E-12 0.8476    
  19      0.5464624E-09 0.1390E-11  0.5475261E-09 0.3180E-12 0.8349    
  20      0.5472928E-09 0.1382E-11  0.5475143E-09 0.3099E-12 0.7924    
   
   
 Integral virtual contribrtion:   5.4751434956669151E-010 +-   3.0993011471438001E-013
 with chisq    =  0.79242211943656182     
  
  
  
    xq         Integral virtual contribrtion                 error
    100      0.132759363662984E-01      0.171962269235483E-05
    200      0.778372163806789E-03      0.161066097548603E-06
    300      0.138264652480169E-03      0.360997129943855E-07
    400      0.390942119011946E-04      0.117705455517767E-07
    500      0.142796846344036E-04      0.475424287974293E-08
    600      0.615019132154043E-05      0.219184722256489E-08
    700      0.296351889382875E-05      0.112301426033282E-08
    800      0.155314985870150E-05      0.623481223103481E-09
    900      0.866233214062480E-06      0.357539489543540E-09
   1000      0.507329210164685E-06      0.219067574966020E-09
   1100      0.309617936553810E-06      0.138413353544628E-09
   1200      0.194962820234601E-06      0.893922780993624E-10
   1300      0.126281658816722E-06      0.592316142418007E-10
   1400      0.836221450710455E-07      0.402294598566638E-10
   1500      0.565586341070864E-07      0.279404363468073E-10
   1600      0.388645695821718E-07      0.193926037464853E-10
   1700      0.271225138146413E-07      0.135287379750264E-10
   1800      0.191606854969688E-07      0.973730386582769E-11
   1900      0.136955540823236E-07      0.711286258440191E-11
   2000      0.988280171490314E-08      0.517569325954853E-11
   2100      0.720758774714226E-08      0.380071428401058E-11
   2200      0.528926496371887E-08      0.284181623670266E-11
   2300      0.391036584083543E-08      0.211333592267102E-11
   2400      0.290990980157883E-08      0.158577833837784E-11
   2500      0.217848499935513E-08      0.119810573262692E-11
   2600      0.163925775204518E-08      0.906914725317953E-12
   2700      0.123899133670183E-08      0.690236749240163E-12
   2800      0.940268883033855E-09      0.525373831151367E-12
   2900      0.716201958961016E-09      0.404987751003798E-12
   3000      0.547514349566692E-09      0.309930114714380E-12
Thanks for using LHAPDF 6.5.4. Please make sure to cite the paper:
  Eur.Phys.J. C75 (2015) 3, 132  (http://arxiv.org/abs/1412.7420)
