 Directory not found ../summary/run_01                                                                                   
 Making new directory..
/home/niraj/OneDrive/WorkSpaceIITG/Generalfiles/integrators/DrellYan/summary/run_01
 Directory constructed successfully🤩
  
 Writing your data in ../summary/run_01/PK_Regular.dat
LHAPDF 6.5.4 loading /home/niraj/1TB-Disc/Workspace-IITG/Packages/Install/LHAPDF-6.5.4/install/share/LHAPDF/MMHT2014nlo68cl/MMHT2014nlo68cl_0000.dat
MMHT2014nlo68cl PDF set, member #0, version 3; LHAPDF ID = 25100
   
   
 ~~~~~~~~~~~~~~~~~~~~~~~~~~~~~~~~~~~~~~~~~~~~
     Calculating Regular Terms
 ~~~~~~~~~~~~~~~~~~~~~~~~~~~~~~~~~~~~~~~~~~~~
   
 ~~~~~~~~~~~~~~~~~~~~~~~~~~~~~~~~~~~~~~~~
Using Vegas points:                   2.E+07
         Iteration:                   10
 ~~~~~~~~~~~~~~~~~~~~~~~~~~~~~~~~~~~~~~~~
  
 For xq =          100 
  
 RM48 INITIALIZED:        40           0         0



 INPUT PARAMETERS FOR VEGAS:  NDIM=  4  NCALL=   19668992.
                              IT=    0  ITMX=   10
                              MDS= -1   ND=  28
   1       1.742458     0.2296       1.742458     0.2296      0.000    
   2       1.839187     0.4058E-01   1.836548     0.3898E-01 0.1634    
   3       1.898350     0.2098E-01   1.885678     0.1801E-01  1.038    
   4       1.863613     0.1390E-01   1.871648     0.1092E-01  1.000    
   5       1.880068     0.1138E-01   1.875782     0.7830E-02 0.8155    
   6       1.876936     0.1041E-01   1.876208     0.6238E-02 0.6503    
   7       1.877953     0.1008E-01   1.876701     0.5294E-02 0.5433    
   8       1.882199     0.9986E-02   1.877935     0.4671E-02 0.4984    
   9       1.875552     0.9935E-02   1.877497     0.4224E-02 0.4411    
  10       1.873100     0.9901E-02   1.876812     0.3884E-02 0.4103    



 INPUT PARAMETERS FOR VEGAS:  NDIM=  4  NCALL=  192119202.
                              IT=    0  ITMX=   20
                              MDS= -1   ND=  33
   1       1.870760     0.3040E-02   1.870760     0.3040E-02  0.000    
   2       1.873191     0.3042E-02   1.871976     0.2150E-02 0.3196    
   3       1.874982     0.3040E-02   1.872981     0.1755E-02 0.4858    
   4       1.871775     0.3043E-02   1.872680     0.1521E-02 0.3633    
   5       1.876201     0.3041E-02   1.873387     0.1360E-02 0.5410    
   6       1.874156     0.3044E-02   1.873515     0.1242E-02 0.4434    
   7       1.872838     0.3043E-02   1.873418     0.1150E-02 0.3766    
   8       1.870665     0.3037E-02   1.873074     0.1075E-02 0.4253    
   9       1.873763     0.3040E-02   1.873151     0.1014E-02 0.3779    
  10       1.877635     0.3046E-02   1.873600     0.9618E-03 0.5535    
  11       1.872043     0.3044E-02   1.873459     0.9171E-03 0.5219    
  12       1.879402     0.3045E-02   1.873956     0.8782E-03 0.7935    
  13       1.872842     0.3043E-02   1.873871     0.8437E-03 0.7378    
  14       1.875367     0.3039E-02   1.873978     0.8130E-03 0.6983    
  15       1.876429     0.3043E-02   1.874142     0.7854E-03 0.6917    
  16       1.871538     0.3042E-02   1.873979     0.7605E-03 0.6913    
  17       1.871917     0.3044E-02   1.873858     0.7378E-03 0.6751    
  18       1.873019     0.3041E-02   1.873812     0.7170E-03 0.6397    
  19       1.871464     0.3044E-02   1.873689     0.6979E-03 0.6355    
  20       1.872817     0.3041E-02   1.873645     0.6802E-03 0.6062    
   
   
 Integral Regular:   1.8736450793234336      +-   6.8021808933582022E-004
 with chisq    =  0.60615947072620524     
  
  
  
 For xq =          400 
  
 RM48 INITIALIZED:        40           0         0



 INPUT PARAMETERS FOR VEGAS:  NDIM=  4  NCALL=   19668992.
                              IT=    0  ITMX=   10
                              MDS= -1   ND=  28
   1      0.6434539E-02 0.4981E-03  0.6434539E-02 0.4981E-03  0.000    
   2      0.6585171E-02 0.1005E-03  0.6579538E-02 0.9746E-04 0.8599E-01
   3      0.6549664E-02 0.6544E-04  0.6558869E-02 0.5421E-04 0.7519E-01
   4      0.6617605E-02 0.5973E-04  0.6585814E-02 0.4003E-04 0.2280    
   5      0.6641866E-02 0.5759E-04  0.6604430E-02 0.3281E-04 0.3318    
   6      0.6540213E-02 0.5614E-04  0.6588180E-02 0.2834E-04 0.4600    
   7      0.6532842E-02 0.5606E-04  0.6576997E-02 0.2530E-04 0.5124    
   8      0.6462758E-02 0.5558E-04  0.6557861E-02 0.2304E-04 0.9306    
   9      0.6584528E-02 0.5580E-04  0.6561784E-02 0.2129E-04 0.8378    
  10      0.6512688E-02 0.5603E-04  0.6555651E-02 0.1991E-04 0.8195    



 INPUT PARAMETERS FOR VEGAS:  NDIM=  4  NCALL=  192119202.
                              IT=    0  ITMX=   20
                              MDS= -1   ND=  33
   1      0.6569530E-02 0.1769E-04  0.6569530E-02 0.1769E-04  0.000    
   2      0.6557768E-02 0.1765E-04  0.6563644E-02 0.1250E-04 0.2215    
   3      0.6561890E-02 0.1763E-04  0.6563058E-02 0.1020E-04 0.1141    
   4      0.6543025E-02 0.1761E-04  0.6558053E-02 0.8823E-05 0.3982    
   5      0.6542339E-02 0.1764E-04  0.6554920E-02 0.7891E-05 0.4572    
   6      0.6541785E-02 0.1765E-04  0.6552739E-02 0.7204E-05 0.4580    
   7      0.6585571E-02 0.1770E-04  0.6557446E-02 0.6672E-05 0.8767    
   8      0.6544900E-02 0.1764E-04  0.6555881E-02 0.6241E-05 0.8148    
   9      0.6550640E-02 0.1766E-04  0.6555300E-02 0.5884E-05 0.7229    
  10      0.6579661E-02 0.1769E-04  0.6557744E-02 0.5583E-05 0.8330    
  11      0.6575221E-02 0.1768E-04  0.6559337E-02 0.5324E-05 0.8386    
  12      0.6548618E-02 0.1763E-04  0.6558444E-02 0.5097E-05 0.7933    
  13      0.6576788E-02 0.1767E-04  0.6559860E-02 0.4897E-05 0.8102    
  14      0.6528760E-02 0.1763E-04  0.6557652E-02 0.4718E-05 0.9689    
  15      0.6558367E-02 0.1766E-04  0.6557700E-02 0.4559E-05 0.8997    
  16      0.6573639E-02 0.1766E-04  0.6558700E-02 0.4414E-05 0.8906    
  17      0.6582769E-02 0.1768E-04  0.6560121E-02 0.4282E-05 0.9443    
  18      0.6556603E-02 0.1766E-04  0.6559926E-02 0.4162E-05 0.8910    
  19      0.6559631E-02 0.1765E-04  0.6559910E-02 0.4051E-05 0.8415    
  20      0.6562320E-02 0.1767E-04  0.6560031E-02 0.3948E-05 0.7982    
   
   
 Integral Regular:   6.5600308356574969E-003 +-   3.9483330864844299E-006
 with chisq    =  0.79815581266396984     
  
  
  
 For xq =          700 
  
 RM48 INITIALIZED:        40           0         0



 INPUT PARAMETERS FOR VEGAS:  NDIM=  4  NCALL=   19668992.
                              IT=    0  ITMX=   10
                              MDS= -1   ND=  28
   1      0.5531062E-03 0.3880E-04  0.5531062E-03 0.3880E-04  0.000    
   2      0.5236218E-03 0.7293E-05  0.5247400E-03 0.7357E-05 0.5860    
   3      0.5279476E-03 0.5748E-05  0.5267015E-03 0.4556E-05 0.3557    
   4      0.5150830E-03 0.5360E-05  0.5220417E-03 0.3493E-05  1.127    
   5      0.5230493E-03 0.5327E-05  0.5223391E-03 0.2925E-05 0.8562    
   6      0.5112038E-03 0.5176E-05  0.5197788E-03 0.2553E-05  1.366    
   7      0.5253399E-03 0.5248E-05  0.5208412E-03 0.2296E-05  1.290    
   8      0.5228662E-03 0.5231E-05  0.5211653E-03 0.2103E-05  1.125    
   9      0.5150119E-03 0.5200E-05  0.5203299E-03 0.1950E-05  1.135    
  10      0.5169171E-03 0.5196E-05  0.5199187E-03 0.1827E-05  1.052    



 INPUT PARAMETERS FOR VEGAS:  NDIM=  4  NCALL=  192119202.
                              IT=    0  ITMX=   20
                              MDS= -1   ND=  33
   1      0.5207851E-03 0.1658E-05  0.5207851E-03 0.1658E-05  0.000    
   2      0.5220484E-03 0.1660E-05  0.5214175E-03 0.1173E-05 0.2898    
   3      0.5234942E-03 0.1665E-05  0.5221103E-03 0.9591E-06 0.6656    
   4      0.5203634E-03 0.1660E-05  0.5216751E-03 0.8304E-06 0.7204    
   5      0.5204688E-03 0.1660E-05  0.5214345E-03 0.7427E-06 0.6461    
   6      0.5184060E-03 0.1653E-05  0.5209310E-03 0.6775E-06  1.072    
   7      0.5178022E-03 0.1653E-05  0.5204854E-03 0.6269E-06  1.402    
   8      0.5166495E-03 0.1650E-05  0.5200077E-03 0.5860E-06  1.871    
   9      0.5206468E-03 0.1654E-05  0.5200792E-03 0.5523E-06  1.653    
  10      0.5224178E-03 0.1662E-05  0.5203136E-03 0.5242E-06  1.668    
  11      0.5199289E-03 0.1659E-05  0.5202788E-03 0.4998E-06  1.506    
  12      0.5189729E-03 0.1658E-05  0.5201705E-03 0.4785E-06  1.421    
  13      0.5229979E-03 0.1663E-05  0.5203889E-03 0.4599E-06  1.526    
  14      0.5213795E-03 0.1657E-05  0.5204600E-03 0.4431E-06  1.434    
  15      0.5200516E-03 0.1656E-05  0.5204328E-03 0.4281E-06  1.336    
  16      0.5218781E-03 0.1661E-05  0.5205233E-03 0.4145E-06  1.294    
  17      0.5194927E-03 0.1656E-05  0.5204628E-03 0.4021E-06  1.236    
  18      0.5217518E-03 0.1662E-05  0.5205343E-03 0.3908E-06  1.197    
  19      0.5218718E-03 0.1660E-05  0.5206049E-03 0.3804E-06  1.164    
  20      0.5181739E-03 0.1652E-05  0.5204835E-03 0.3707E-06  1.211    
   
   
 Integral Regular:   5.2048352852582041E-004 +-   3.7071602119734072E-007
 with chisq    =   1.2108752819664848     
  
  
  
 For xq =         1000 
  
 RM48 INITIALIZED:        40           0         0



 INPUT PARAMETERS FOR VEGAS:  NDIM=  4  NCALL=   19668992.
                              IT=    0  ITMX=   10
                              MDS= -1   ND=  28
   1      0.8040185E-04 0.5628E-05  0.8040185E-04 0.5628E-05  0.000    
   2      0.8957561E-04 0.1321E-05  0.8918573E-04 0.1228E-05  2.270    
   3      0.9083768E-04 0.1066E-05  0.9018027E-04 0.7926E-06  1.605    
   4      0.9011165E-04 0.1021E-05  0.9015336E-04 0.6234E-06  1.052    
   5      0.9002797E-04 0.1003E-05  0.9011717E-04 0.5285E-06 0.7842    
   6      0.8953937E-04 0.9944E-06  0.8998708E-04 0.4663E-06 0.6780    
   7      0.9037769E-04 0.9975E-06  0.9005959E-04 0.4221E-06 0.5831    
   8      0.8993284E-04 0.9945E-06  0.9003981E-04 0.3884E-06 0.5001    
   9      0.9111448E-04 0.1000E-05  0.9018677E-04 0.3619E-06 0.5653    
  10      0.9072645E-04 0.9991E-06  0.9025132E-04 0.3401E-06 0.5302    



 INPUT PARAMETERS FOR VEGAS:  NDIM=  4  NCALL=  192119202.
                              IT=    0  ITMX=   20
                              MDS= -1   ND=  33
   1      0.9013329E-04 0.3164E-06  0.9013329E-04 0.3164E-06  0.000    
   2      0.9021803E-04 0.3173E-06  0.9017558E-04 0.2240E-06 0.3577E-01
   3      0.9054948E-04 0.3177E-06  0.9030042E-04 0.1831E-06 0.4816    
   4      0.9023419E-04 0.3165E-06  0.9028384E-04 0.1585E-06 0.3321    
   5      0.9042823E-04 0.3165E-06  0.9031286E-04 0.1417E-06 0.2906    
   6      0.9052521E-04 0.3179E-06  0.9034820E-04 0.1294E-06 0.3070    
   7      0.9027035E-04 0.3166E-06  0.9033707E-04 0.1198E-06 0.2645    
   8      0.8989036E-04 0.3170E-06  0.9028170E-04 0.1121E-06 0.4734    
   9      0.9041137E-04 0.3167E-06  0.9029617E-04 0.1057E-06 0.4328    
  10      0.9063099E-04 0.3175E-06  0.9032976E-04 0.1002E-06 0.4963    
  11      0.9029455E-04 0.3165E-06  0.9032656E-04 0.9557E-07 0.4478    
  12      0.9051047E-04 0.3175E-06  0.9034190E-04 0.9151E-07 0.4350    
  13      0.8996840E-04 0.3172E-06  0.9031341E-04 0.8793E-07 0.5049    
  14      0.9028883E-04 0.3169E-06  0.9031166E-04 0.8473E-07 0.4665    
  15      0.9017430E-04 0.3174E-06  0.9030254E-04 0.8186E-07 0.4458    
  16      0.9106265E-04 0.3185E-06  0.9035039E-04 0.7928E-07 0.7771    
  17      0.9070307E-04 0.3180E-06  0.9037119E-04 0.7693E-07 0.8011    
  18      0.9009983E-04 0.3170E-06  0.9035618E-04 0.7476E-07 0.7947    
  19      0.9040837E-04 0.3175E-06  0.9035892E-04 0.7277E-07 0.7519    
  20      0.9004100E-04 0.3162E-06  0.9034304E-04 0.7091E-07 0.7628    
   
   
 Integral Regular:   9.0343038686390204E-005 +-   7.0914112131471033E-008
 with chisq    =  0.76280069539219308     
  
  
  
 For xq =         1300 
  
 RM48 INITIALIZED:        40           0         0



 INPUT PARAMETERS FOR VEGAS:  NDIM=  4  NCALL=   19668992.
                              IT=    0  ITMX=   10
                              MDS= -1   ND=  28
   1      0.2201870E-04 0.1361E-05  0.2201870E-04 0.1361E-05  0.000    
   2      0.2293018E-04 0.3442E-06  0.2287941E-04 0.3279E-06 0.4064    
   3      0.2272319E-04 0.2753E-06  0.2278698E-04 0.2103E-06 0.2684    
   4      0.2268095E-04 0.2693E-06  0.2274654E-04 0.1656E-06 0.2107    
   5      0.2267025E-04 0.2648E-06  0.2272498E-04 0.1404E-06 0.1728    
   6      0.2300498E-04 0.2694E-06  0.2278641E-04 0.1244E-06 0.3110    
   7      0.2287231E-04 0.2667E-06  0.2280198E-04 0.1127E-06 0.2729    
   8      0.2251382E-04 0.2630E-06  0.2275789E-04 0.1036E-06 0.3775    
   9      0.2211006E-04 0.2629E-06  0.2267456E-04 0.9645E-07 0.9643    
  10      0.2251868E-04 0.2633E-06  0.2265625E-04 0.9057E-07 0.8920    



 INPUT PARAMETERS FOR VEGAS:  NDIM=  4  NCALL=  192119202.
                              IT=    0  ITMX=   20
                              MDS= -1   ND=  33
   1      0.2245511E-04 0.8424E-07  0.2245511E-04 0.8424E-07  0.000    
   2      0.2257447E-04 0.8437E-07  0.2251501E-04 0.5961E-07  1.002    
   3      0.2257120E-04 0.8435E-07  0.2253379E-04 0.4868E-07 0.6485    
   4      0.2258542E-04 0.8417E-07  0.2254678E-04 0.4214E-07 0.5261    
   5      0.2264379E-04 0.8452E-07  0.2256623E-04 0.3771E-07 0.6590    
   6      0.2236743E-04 0.8382E-07  0.2253325E-04 0.3439E-07  1.453    
   7      0.2245757E-04 0.8427E-07  0.2252251E-04 0.3184E-07  1.327    
   8      0.2254413E-04 0.8404E-07  0.2252522E-04 0.2978E-07  1.145    
   9      0.2249892E-04 0.8420E-07  0.2252231E-04 0.2807E-07  1.013    
  10      0.2243408E-04 0.8396E-07  0.2251350E-04 0.2662E-07  1.011    
  11      0.2255145E-04 0.8412E-07  0.2251696E-04 0.2538E-07 0.9283    
  12      0.2242157E-04 0.8406E-07  0.2250905E-04 0.2430E-07 0.9510    
  13      0.2249970E-04 0.8404E-07  0.2250833E-04 0.2334E-07 0.8728    
  14      0.2237893E-04 0.8365E-07  0.2249908E-04 0.2248E-07 0.9754    
  15      0.2242365E-04 0.8394E-07  0.2249407E-04 0.2172E-07 0.9596    
  16      0.2244733E-04 0.8405E-07  0.2249115E-04 0.2103E-07 0.9151    
  17      0.2248924E-04 0.8398E-07  0.2249104E-04 0.2040E-07 0.8579    
  18      0.2247040E-04 0.8416E-07  0.2248990E-04 0.1982E-07 0.8109    
  19      0.2249129E-04 0.8403E-07  0.2248997E-04 0.1929E-07 0.7659    
  20      0.2241273E-04 0.8405E-07  0.2248613E-04 0.1881E-07 0.7678    
   
   
 Integral Regular:   2.2486127004179581E-005 +-   1.8805764886288687E-008
 with chisq    =  0.76776195045930118     
  
  
  
 For xq =         1600 
  
 RM48 INITIALIZED:        40           0         0



 INPUT PARAMETERS FOR VEGAS:  NDIM=  4  NCALL=   19668992.
                              IT=    0  ITMX=   10
                              MDS= -1   ND=  28
   1      0.7619548E-05 0.4589E-06  0.7619548E-05 0.4589E-06  0.000    
   2      0.6838407E-05 0.1044E-06  0.6885542E-05 0.1071E-06  3.016    
   3      0.6804233E-05 0.8696E-07  0.6838978E-05 0.6864E-07  1.741    
   4      0.6866775E-05 0.8534E-07  0.6849462E-05 0.5374E-07  1.200    
   5      0.6931912E-05 0.8491E-07  0.6872523E-05 0.4547E-07  1.071    
   6      0.6830558E-05 0.8447E-07  0.6863488E-05 0.4010E-07 0.9017    
   7      0.6884424E-05 0.8591E-07  0.6867142E-05 0.3635E-07 0.7625    
   8      0.6896335E-05 0.8493E-07  0.6871579E-05 0.3343E-07 0.6694    
   9      0.6897655E-05 0.8541E-07  0.6874987E-05 0.3114E-07 0.5969    
  10      0.6790214E-05 0.8456E-07  0.6865287E-05 0.2923E-07 0.6278    



 INPUT PARAMETERS FOR VEGAS:  NDIM=  4  NCALL=  192119202.
                              IT=    0  ITMX=   20
                              MDS= -1   ND=  33
   1      0.6835770E-05 0.2693E-07  0.6835770E-05 0.2693E-07  0.000    
   2      0.6864317E-05 0.2701E-07  0.6850063E-05 0.1907E-07 0.5602    
   3      0.6826264E-05 0.2691E-07  0.6842145E-05 0.1556E-07 0.5404    
   4      0.6819249E-05 0.2689E-07  0.6836430E-05 0.1347E-07 0.5413    
   5      0.6888389E-05 0.2709E-07  0.6846853E-05 0.1206E-07  1.149    
   6      0.6829606E-05 0.2692E-07  0.6843983E-05 0.1101E-07 0.9881    
   7      0.6890720E-05 0.2710E-07  0.6850678E-05 0.1020E-07  1.252    
   8      0.6875840E-05 0.2702E-07  0.6853835E-05 0.9540E-08  1.181    
   9      0.6876694E-05 0.2706E-07  0.6856378E-05 0.8997E-08  1.112    
  10      0.6907558E-05 0.2711E-07  0.6861524E-05 0.8539E-08  1.348    
  11      0.6853934E-05 0.2695E-07  0.6860833E-05 0.8140E-08  1.221    
  12      0.6839117E-05 0.2693E-07  0.6859025E-05 0.7792E-08  1.164    
  13      0.6857148E-05 0.2710E-07  0.6858881E-05 0.7489E-08  1.068    
  14      0.6859164E-05 0.2701E-07  0.6858902E-05 0.7217E-08 0.9855    
  15      0.6880748E-05 0.2702E-07  0.6860365E-05 0.6972E-08 0.9586    
  16      0.6922442E-05 0.2727E-07  0.6864238E-05 0.6755E-08  1.223    
  17      0.6864134E-05 0.2702E-07  0.6864232E-05 0.6553E-08  1.147    
  18      0.6886726E-05 0.2706E-07  0.6865485E-05 0.6369E-08  1.117    
  19      0.6901912E-05 0.2704E-07  0.6867420E-05 0.6199E-08  1.151    
  20      0.6872745E-05 0.2711E-07  0.6867685E-05 0.6043E-08  1.092    
   
   
 Integral Regular:   6.8676847754375389E-006 +-   6.0434617203681991E-009
 with chisq    =   1.0923833600157433     
  
  
  
 For xq =         1900 
  
 RM48 INITIALIZED:        40           0         0



 INPUT PARAMETERS FOR VEGAS:  NDIM=  4  NCALL=   19668992.
                              IT=    0  ITMX=   10
                              MDS= -1   ND=  28
   1      0.2525106E-05 0.1514E-06  0.2525106E-05 0.1514E-06  0.000    
   2      0.2433672E-05 0.3769E-07  0.2439393E-05 0.3719E-07 0.3547    
   3      0.2382997E-05 0.3109E-07  0.2407291E-05 0.2409E-07 0.8538    
   4      0.2359203E-05 0.3046E-07  0.2389617E-05 0.1899E-07  1.076    
   5      0.2407879E-05 0.3057E-07  0.2394647E-05 0.1614E-07 0.8736    
   6      0.2382239E-05 0.3048E-07  0.2392000E-05 0.1428E-07 0.7281    
   7      0.2398136E-05 0.3028E-07  0.2393102E-05 0.1292E-07 0.6136    
   8      0.2390717E-05 0.3060E-07  0.2392747E-05 0.1190E-07 0.5279    
   9      0.2384651E-05 0.3040E-07  0.2391691E-05 0.1109E-07 0.4705    
  10      0.2400024E-05 0.3049E-07  0.2392659E-05 0.1042E-07 0.4258    



 INPUT PARAMETERS FOR VEGAS:  NDIM=  4  NCALL=  192119202.
                              IT=    0  ITMX=   20
                              MDS= -1   ND=  33
   1      0.2369429E-05 0.9626E-08  0.2369429E-05 0.9626E-08  0.000    
   2      0.2398832E-05 0.9705E-08  0.2384192E-05 0.6835E-08  4.626    
   3      0.2380141E-05 0.9711E-08  0.2382853E-05 0.5589E-08  2.374    
   4      0.2373031E-05 0.9682E-08  0.2380413E-05 0.4841E-08  1.842    
   5      0.2385323E-05 0.9735E-08  0.2381390E-05 0.4334E-08  1.432    
   6      0.2385063E-05 0.9718E-08  0.2382001E-05 0.3958E-08  1.169    
   7      0.2402150E-05 0.9739E-08  0.2384899E-05 0.3667E-08  1.591    
   8      0.2381005E-05 0.9667E-08  0.2384411E-05 0.3429E-08  1.385    
   9      0.2383775E-05 0.9682E-08  0.2384340E-05 0.3232E-08  1.212    
  10      0.2368767E-05 0.9674E-08  0.2382795E-05 0.3066E-08  1.335    
  11      0.2364285E-05 0.9667E-08  0.2381127E-05 0.2922E-08  1.532    
  12      0.2380103E-05 0.9690E-08  0.2381042E-05 0.2798E-08  1.394    
  13      0.2390357E-05 0.9709E-08  0.2381761E-05 0.2688E-08  1.348    
  14      0.2379231E-05 0.9689E-08  0.2381581E-05 0.2590E-08  1.250    
  15      0.2379063E-05 0.9702E-08  0.2381414E-05 0.2503E-08  1.165    
  16      0.2383241E-05 0.9706E-08  0.2381528E-05 0.2423E-08  1.089    
  17      0.2363470E-05 0.9659E-08  0.2380473E-05 0.2351E-08  1.225    
  18      0.2379752E-05 0.9686E-08  0.2380433E-05 0.2284E-08  1.153    
  19      0.2373621E-05 0.9686E-08  0.2380076E-05 0.2223E-08  1.115    
  20      0.2381137E-05 0.9702E-08  0.2380129E-05 0.2167E-08  1.057    
   
   
 Integral Regular:   2.3801293058686808E-006 +-   2.1671496943227367E-009
 with chisq    =   1.0573384090420674     
  
  
  
 For xq =         2200 
  
 RM48 INITIALIZED:        40           0         0



 INPUT PARAMETERS FOR VEGAS:  NDIM=  4  NCALL=   19668992.
                              IT=    0  ITMX=   10
                              MDS= -1   ND=  28
   1      0.9254448E-06 0.5466E-07  0.9254448E-06 0.5466E-07  0.000    
   2      0.9120811E-06 0.1395E-07  0.9129208E-06 0.1360E-07 0.5684E-01
   3      0.9118230E-06 0.1209E-07  0.9123115E-06 0.9050E-08 0.3038E-01
   4      0.8979185E-06 0.1185E-07  0.9071449E-06 0.7209E-08 0.3262    
   5      0.8882287E-06 0.1186E-07  0.9022351E-06 0.6172E-08 0.6985    
   6      0.9133033E-06 0.1191E-07  0.9046016E-06 0.5479E-08 0.6947    
   7      0.8975547E-06 0.1175E-07  0.9033669E-06 0.4967E-08 0.6294    
   8      0.8985255E-06 0.1178E-07  0.9026476E-06 0.4578E-08 0.5609    
   9      0.9040825E-06 0.1192E-07  0.9028316E-06 0.4274E-08 0.4925    
  10      0.8963166E-06 0.1188E-07  0.9020984E-06 0.4022E-08 0.4678    



 INPUT PARAMETERS FOR VEGAS:  NDIM=  4  NCALL=  192119202.
                              IT=    0  ITMX=   20
                              MDS= -1   ND=  33
   1      0.9028515E-06 0.3777E-08  0.9028515E-06 0.3777E-08  0.000    
   2      0.9026672E-06 0.3773E-08  0.9027593E-06 0.2669E-08 0.1192E-02
   3      0.9049120E-06 0.3780E-08  0.9034779E-06 0.2180E-08 0.1090    
   4      0.9044780E-06 0.3779E-08  0.9037280E-06 0.1889E-08 0.9014E-01
   5      0.9036038E-06 0.3780E-08  0.9037032E-06 0.1689E-08 0.6782E-01
   6      0.9018448E-06 0.3765E-08  0.9033928E-06 0.1541E-08 0.9475E-01
   7      0.8964735E-06 0.3756E-08  0.9024086E-06 0.1426E-08 0.5579    
   8      0.9058548E-06 0.3782E-08  0.9028404E-06 0.1334E-08 0.5822    
   9      0.9068597E-06 0.3784E-08  0.9032885E-06 0.1258E-08 0.6352    
  10      0.9097124E-06 0.3790E-08  0.9039344E-06 0.1194E-08 0.8546    
  11      0.9032334E-06 0.3780E-08  0.9038709E-06 0.1139E-08 0.7724    
  12      0.9004397E-06 0.3768E-08  0.9035857E-06 0.1090E-08 0.7712    
  13      0.9052332E-06 0.3781E-08  0.9037126E-06 0.1047E-08 0.7214    
  14      0.9092643E-06 0.3781E-08  0.9041128E-06 0.1009E-08 0.8210    
  15      0.9057001E-06 0.3785E-08  0.9042185E-06 0.9753E-09 0.7739    
  16      0.9049864E-06 0.3778E-08  0.9042666E-06 0.9444E-09 0.7248    
  17      0.9025223E-06 0.3773E-08  0.9041641E-06 0.9161E-09 0.6922    
  18      0.9017461E-06 0.3768E-08  0.9040298E-06 0.8902E-09 0.6745    
  19      0.9015735E-06 0.3783E-08  0.9039016E-06 0.8665E-09 0.6593    
  20      0.9022621E-06 0.3768E-08  0.9038195E-06 0.8445E-09 0.6341    
   
   
 Integral Regular:   9.0381954534068702E-007 +-   8.4446539455718441E-010
 with chisq    =  0.63410683566092640     
  
  
  
 For xq =         2500 
  
 RM48 INITIALIZED:        40           0         0



 INPUT PARAMETERS FOR VEGAS:  NDIM=  4  NCALL=   19668992.
                              IT=    0  ITMX=   10
                              MDS= -1   ND=  28
   1      0.3453660E-06 0.2194E-07  0.3453660E-06 0.2194E-07  0.000    
   2      0.3523666E-06 0.5554E-08  0.3519605E-06 0.5337E-08 0.9402E-01
   3      0.3680173E-06 0.4970E-08  0.3609841E-06 0.3598E-08  2.497    
   4      0.3645715E-06 0.4892E-08  0.3622855E-06 0.2891E-08  1.762    
   5      0.3668105E-06 0.4889E-08  0.3635019E-06 0.2485E-08  1.471    
   6      0.3640862E-06 0.4829E-08  0.3636266E-06 0.2208E-08  1.174    
   7      0.3613898E-06 0.4844E-08  0.3632399E-06 0.2009E-08  1.007    
   8      0.3620278E-06 0.4834E-08  0.3630600E-06 0.1855E-08 0.8699    
   9      0.3666046E-06 0.4903E-08  0.3635167E-06 0.1735E-08 0.8170    
  10      0.3612396E-06 0.4877E-08  0.3632611E-06 0.1634E-08 0.7477    



 INPUT PARAMETERS FOR VEGAS:  NDIM=  4  NCALL=  192119202.
                              IT=    0  ITMX=   20
                              MDS= -1   ND=  33
   1      0.3639925E-06 0.1559E-08  0.3639925E-06 0.1559E-08  0.000    
   2      0.3627796E-06 0.1559E-08  0.3633882E-06 0.1103E-08 0.3025    
   3      0.3648027E-06 0.1564E-08  0.3638602E-06 0.9012E-09 0.4248    
   4      0.3653054E-06 0.1568E-08  0.3642212E-06 0.7813E-09 0.4964    
   5      0.3632576E-06 0.1556E-08  0.3640281E-06 0.6983E-09 0.4490    
   6      0.3624659E-06 0.1565E-08  0.3637705E-06 0.6376E-09 0.5250    
   7      0.3645909E-06 0.1565E-08  0.3638878E-06 0.5905E-09 0.4766    
   8      0.3651269E-06 0.1565E-08  0.3640431E-06 0.5525E-09 0.4869    
   9      0.3643297E-06 0.1564E-08  0.3640749E-06 0.5210E-09 0.4297    
  10      0.3616033E-06 0.1554E-08  0.3638282E-06 0.4939E-09 0.6325    
  11      0.3648827E-06 0.1567E-08  0.3639240E-06 0.4711E-09 0.6103    
  12      0.3625304E-06 0.1558E-08  0.3638081E-06 0.4509E-09 0.6214    
  13      0.3618384E-06 0.1559E-08  0.3636576E-06 0.4332E-09 0.6917    
  14      0.3617062E-06 0.1554E-08  0.3635184E-06 0.4173E-09 0.7505    
  15      0.3649500E-06 0.1568E-08  0.3636138E-06 0.4032E-09 0.7525    
  16      0.3657582E-06 0.1568E-08  0.3637483E-06 0.3905E-09 0.8200    
  17      0.3633011E-06 0.1561E-08  0.3637220E-06 0.3788E-09 0.7737    
  18      0.3629940E-06 0.1558E-08  0.3636815E-06 0.3681E-09 0.7404    
  19      0.3635687E-06 0.1558E-08  0.3636756E-06 0.3582E-09 0.6996    
  20      0.3634092E-06 0.1558E-08  0.3636622E-06 0.3491E-09 0.6643    
   
   
 Integral Regular:   3.6366222657677156E-007 +-   3.4913969960380220E-010
 with chisq    =  0.66429406374020639     
  
  
  
 For xq =         2800 
  
 RM48 INITIALIZED:        40           0         0



 INPUT PARAMETERS FOR VEGAS:  NDIM=  4  NCALL=   19668992.
                              IT=    0  ITMX=   10
                              MDS= -1   ND=  28
   1      0.1477758E-06 0.8700E-08  0.1477758E-06 0.8700E-08  0.000    
   2      0.1583328E-06 0.2489E-08  0.1576300E-06 0.2326E-08  1.280    
   3      0.1514754E-06 0.2082E-08  0.1542461E-06 0.1555E-08  2.583    
   4      0.1513156E-06 0.2101E-08  0.1532199E-06 0.1251E-08  2.145    
   5      0.1558667E-06 0.2105E-08  0.1539349E-06 0.1074E-08  1.893    
   6      0.1577700E-06 0.2117E-08  0.1547586E-06 0.9566E-09  2.041    
   7      0.1520619E-06 0.2068E-08  0.1542923E-06 0.8686E-09  1.936    
   8      0.1511502E-06 0.2108E-08  0.1538486E-06 0.8034E-09  1.931    
   9      0.1548199E-06 0.2114E-08  0.1539733E-06 0.7509E-09  1.709    
  10      0.1518200E-06 0.2074E-08  0.1537283E-06 0.7061E-09  1.627    



 INPUT PARAMETERS FOR VEGAS:  NDIM=  4  NCALL=  192119202.
                              IT=    0  ITMX=   20
                              MDS= -1   ND=  33
   1      0.1526937E-06 0.6649E-09  0.1526937E-06 0.6649E-09  0.000    
   2      0.1523991E-06 0.6662E-09  0.1525470E-06 0.4706E-09 0.9794E-01
   3      0.1519205E-06 0.6635E-09  0.1523384E-06 0.3839E-09 0.3449    
   4      0.1531894E-06 0.6654E-09  0.1525527E-06 0.3325E-09 0.6406    
   5      0.1517724E-06 0.6647E-09  0.1523978E-06 0.2974E-09 0.7553    
   6      0.1529156E-06 0.6665E-09  0.1524843E-06 0.2716E-09 0.7047    
   7      0.1529294E-06 0.6657E-09  0.1525481E-06 0.2515E-09 0.6509    
   8      0.1525964E-06 0.6632E-09  0.1525542E-06 0.2351E-09 0.5585    
   9      0.1516887E-06 0.6640E-09  0.1524587E-06 0.2216E-09 0.6764    
  10      0.1533286E-06 0.6670E-09  0.1525461E-06 0.2103E-09 0.7723    
  11      0.1527410E-06 0.6633E-09  0.1525639E-06 0.2005E-09 0.7027    
  12      0.1527525E-06 0.6660E-09  0.1525796E-06 0.1920E-09 0.6454    
  13      0.1519863E-06 0.6621E-09  0.1525340E-06 0.1844E-09 0.6533    
  14      0.1530134E-06 0.6662E-09  0.1525683E-06 0.1777E-09 0.6400    
  15      0.1518835E-06 0.6625E-09  0.1525227E-06 0.1716E-09 0.6653    
  16      0.1536771E-06 0.6681E-09  0.1525952E-06 0.1662E-09 0.8096    
  17      0.1519124E-06 0.6634E-09  0.1525552E-06 0.1613E-09 0.8212    
  18      0.1535203E-06 0.6688E-09  0.1526088E-06 0.1568E-09 0.8894    
  19      0.1528336E-06 0.6661E-09  0.1526207E-06 0.1526E-09 0.8458    
  20      0.1519081E-06 0.6660E-09  0.1525854E-06 0.1487E-09 0.8585    
   
   
 Integral Regular:   1.5258544263274187E-007 +-   1.4873858631739987E-010
 with chisq    =  0.85846037940238118     
  
  
  
 For xq =         3100 
  
 RM48 INITIALIZED:        40           0         0



 INPUT PARAMETERS FOR VEGAS:  NDIM=  4  NCALL=   19668992.
                              IT=    0  ITMX=   10
                              MDS= -1   ND=  28
   1      0.7609908E-07 0.4515E-08  0.7609908E-07 0.4515E-08  0.000    
   2      0.6664837E-07 0.1032E-08  0.6725093E-07 0.1072E-08  4.643    
   3      0.6667930E-07 0.9197E-09  0.6694154E-07 0.7098E-09  2.508    
   4      0.6579366E-07 0.9012E-09  0.6653482E-07 0.5621E-09  2.040    
   5      0.6650981E-07 0.9022E-09  0.6652819E-07 0.4784E-09  1.551    
   6      0.6649770E-07 0.9415E-09  0.6652221E-07 0.4270E-09  1.253    
   7      0.6390510E-07 0.9101E-09  0.6609772E-07 0.3874E-09  2.096    
   8      0.6567991E-07 0.9170E-09  0.6603738E-07 0.3571E-09  1.833    
   9      0.6651176E-07 0.9267E-09  0.6609746E-07 0.3333E-09  1.636    
  10      0.6473050E-07 0.9085E-09  0.6594580E-07 0.3131E-09  1.674    



 INPUT PARAMETERS FOR VEGAS:  NDIM=  4  NCALL=  192119202.
                              IT=    0  ITMX=   20
                              MDS= -1   ND=  33
   1      0.6590481E-07 0.2937E-09  0.6590481E-07 0.2937E-09  0.000    
   2      0.6574923E-07 0.2927E-09  0.6582693E-07 0.2073E-09 0.1408    
   3      0.6622838E-07 0.2943E-09  0.6596116E-07 0.1695E-09 0.6943    
   4      0.6616901E-07 0.2940E-09  0.6601326E-07 0.1468E-09 0.5876    
   5      0.6663571E-07 0.2961E-09  0.6613798E-07 0.1316E-09  1.336    
   6      0.6622197E-07 0.2947E-09  0.6615197E-07 0.1201E-09  1.082    
   7      0.6640064E-07 0.2944E-09  0.6618769E-07 0.1112E-09  1.003    
   8      0.6627124E-07 0.2948E-09  0.6619813E-07 0.1041E-09 0.8694    
   9      0.6600247E-07 0.2936E-09  0.6617641E-07 0.9809E-10 0.8103    
  10      0.6644965E-07 0.2953E-09  0.6620377E-07 0.9309E-10 0.8059    
  11      0.6619366E-07 0.2941E-09  0.6620285E-07 0.8875E-10 0.7255    
  12      0.6636380E-07 0.2951E-09  0.6621626E-07 0.8499E-10 0.6841    
  13      0.6610932E-07 0.2933E-09  0.6620800E-07 0.8163E-10 0.6375    
  14      0.6573520E-07 0.2929E-09  0.6617438E-07 0.7864E-10 0.7727    
  15      0.6648179E-07 0.2950E-09  0.6619495E-07 0.7598E-10 0.7901    
  16      0.6618288E-07 0.2949E-09  0.6619420E-07 0.7358E-10 0.7375    
  17      0.6612457E-07 0.2942E-09  0.6619011E-07 0.7138E-10 0.6948    
  18      0.6632168E-07 0.2952E-09  0.6619741E-07 0.6938E-10 0.6649    
  19      0.6592876E-07 0.2923E-09  0.6618318E-07 0.6751E-10 0.6723    
  20      0.6634196E-07 0.2944E-09  0.6619115E-07 0.6580E-10 0.6514    
   
   
 Integral Regular:   6.6191149351197447E-008 +-   6.5798133732544271E-011
 with chisq    =  0.65138279870742510     
  
  
  
 For xq =         3400 
  
 RM48 INITIALIZED:        40           0         0



 INPUT PARAMETERS FOR VEGAS:  NDIM=  4  NCALL=   19668992.
                              IT=    0  ITMX=   10
                              MDS= -1   ND=  28
   1      0.2989266E-07 0.1877E-08  0.2989266E-07 0.1877E-08  0.000    
   2      0.2896901E-07 0.4558E-09  0.2902359E-07 0.4492E-09 0.2351    
   3      0.2931295E-07 0.4104E-09  0.2918071E-07 0.3033E-09 0.2308    
   4      0.2904151E-07 0.4072E-09  0.2913183E-07 0.2435E-09 0.1796    
   5      0.2926944E-07 0.4191E-09  0.2916650E-07 0.2106E-09 0.1549    
   6      0.2904541E-07 0.4133E-09  0.2914188E-07 0.1877E-09 0.1378    
   7      0.2929633E-07 0.4118E-09  0.2916851E-07 0.1708E-09 0.1342    
   8      0.2933574E-07 0.4101E-09  0.2919333E-07 0.1577E-09 0.1353    
   9      0.2923303E-07 0.4086E-09  0.2919846E-07 0.1471E-09 0.1194    
  10      0.2956146E-07 0.4146E-09  0.2923976E-07 0.1386E-09 0.1828    



 INPUT PARAMETERS FOR VEGAS:  NDIM=  4  NCALL=  192119202.
                              IT=    0  ITMX=   20
                              MDS= -1   ND=  33
   1      0.2905893E-07 0.1317E-09  0.2905893E-07 0.1317E-09  0.000    
   2      0.2937575E-07 0.1323E-09  0.2921828E-07 0.9333E-10  2.881    
   3      0.2931466E-07 0.1319E-09  0.2925059E-07 0.7618E-10  1.616    
   4      0.2935583E-07 0.1322E-09  0.2927697E-07 0.6600E-10  1.234    
   5      0.2921007E-07 0.1316E-09  0.2926357E-07 0.5899E-10 0.9781    
   6      0.2932134E-07 0.1323E-09  0.2927319E-07 0.5388E-10 0.8139    
   7      0.2948497E-07 0.1322E-09  0.2930374E-07 0.4989E-10  1.048    
   8      0.2914198E-07 0.1319E-09  0.2928368E-07 0.4666E-10  1.086    
   9      0.2917972E-07 0.1319E-09  0.2927219E-07 0.4399E-10  1.019    
  10      0.2939621E-07 0.1322E-09  0.2928465E-07 0.4174E-10 0.9939    
  11      0.2945580E-07 0.1325E-09  0.2930027E-07 0.3981E-10  1.047    
  12      0.2929670E-07 0.1321E-09  0.2929997E-07 0.3812E-10 0.9517    
  13      0.2944147E-07 0.1320E-09  0.2931095E-07 0.3662E-10 0.9608    
  14      0.2926045E-07 0.1319E-09  0.2930735E-07 0.3529E-10 0.8976    
  15      0.2942472E-07 0.1325E-09  0.2931519E-07 0.3410E-10 0.8857    
  16      0.2916975E-07 0.1317E-09  0.2930613E-07 0.3301E-10 0.9028    
  17      0.2921473E-07 0.1317E-09  0.2930076E-07 0.3202E-10 0.8748    
  18      0.2912378E-07 0.1315E-09  0.2929097E-07 0.3111E-10 0.9234    
  19      0.2928131E-07 0.1321E-09  0.2929046E-07 0.3028E-10 0.8724    
  20      0.2905880E-07 0.1311E-09  0.2927890E-07 0.2950E-10 0.9810    
   
   
 Integral Regular:   2.9278903064424515E-008 +-   2.9504992530285433E-011
 with chisq    =  0.98098121010881445     
  
  
  
 For xq =         3700 
  
 RM48 INITIALIZED:        40           0         0



 INPUT PARAMETERS FOR VEGAS:  NDIM=  4  NCALL=   19668992.
                              IT=    0  ITMX=   10
                              MDS= -1   ND=  28
   1      0.1246288E-07 0.7740E-09  0.1246288E-07 0.7740E-09  0.000    
   2      0.1357929E-07 0.2133E-09  0.1351215E-07 0.1985E-09  1.788    
   3      0.1293533E-07 0.1841E-09  0.1320417E-07 0.1352E-09  3.164    
   4      0.1317963E-07 0.1917E-09  0.1319587E-07 0.1103E-09  2.099    
   5      0.1317870E-07 0.1870E-09  0.1319137E-07 0.9498E-10  1.569    
   6      0.1311029E-07 0.1878E-09  0.1317478E-07 0.8475E-10  1.284    
   7      0.1277482E-07 0.1839E-09  0.1310742E-07 0.7703E-10  1.706    
   8      0.1267969E-07 0.1827E-09  0.1304584E-07 0.7103E-10  2.111    
   9      0.1297950E-07 0.1878E-09  0.1303755E-07 0.6644E-10  1.861    
  10      0.1294719E-07 0.1859E-09  0.1302738E-07 0.6256E-10  1.679    



 INPUT PARAMETERS FOR VEGAS:  NDIM=  4  NCALL=  192119202.
                              IT=    0  ITMX=   20
                              MDS= -1   ND=  33
   1      0.1311868E-07 0.5944E-10  0.1311868E-07 0.5944E-10  0.000    
   2      0.1324074E-07 0.6004E-10  0.1317966E-07 0.4224E-10  2.087    
   3      0.1320813E-07 0.5981E-10  0.1318916E-07 0.3450E-10  1.118    
   4      0.1318221E-07 0.5982E-10  0.1318743E-07 0.2989E-10 0.7487    
   5      0.1313508E-07 0.5972E-10  0.1317701E-07 0.2673E-10 0.7153    
   6      0.1314390E-07 0.5974E-10  0.1317151E-07 0.2440E-10 0.6238    
   7      0.1308421E-07 0.5934E-10  0.1315903E-07 0.2257E-10 0.8264    
   8      0.1310164E-07 0.5954E-10  0.1315188E-07 0.2110E-10 0.8244    
   9      0.1325688E-07 0.6002E-10  0.1316359E-07 0.1991E-10  1.065    
  10      0.1318694E-07 0.5977E-10  0.1316593E-07 0.1889E-10 0.9614    
  11      0.1306877E-07 0.5947E-10  0.1315715E-07 0.1800E-10  1.106    
  12      0.1310092E-07 0.5969E-10  0.1315250E-07 0.1723E-10  1.079    
  13      0.1313126E-07 0.5959E-10  0.1315086E-07 0.1656E-10 0.9995    
  14      0.1311486E-07 0.5954E-10  0.1314829E-07 0.1595E-10 0.9490    
  15      0.1322062E-07 0.5997E-10  0.1315312E-07 0.1541E-10 0.9785    
  16      0.1317457E-07 0.5986E-10  0.1315446E-07 0.1493E-10 0.9211    
  17      0.1317894E-07 0.5991E-10  0.1315589E-07 0.1449E-10 0.8732    
  18      0.1325560E-07 0.6007E-10  0.1316145E-07 0.1408E-10 0.9764    
  19      0.1316640E-07 0.5974E-10  0.1316171E-07 0.1371E-10 0.9225    
  20      0.1307159E-07 0.5942E-10  0.1315722E-07 0.1336E-10 0.9881    
   
   
 Integral Regular:   1.3157219244391063E-008 +-   1.3355269311648644E-011
 with chisq    =  0.98809232899942223     
  
  
  
 For xq =         4000 
  
 RM48 INITIALIZED:        40           0         0



 INPUT PARAMETERS FOR VEGAS:  NDIM=  4  NCALL=   19668992.
                              IT=    0  ITMX=   10
                              MDS= -1   ND=  28
   1      0.6441691E-08 0.3819E-09  0.6441691E-08 0.3819E-09  0.000    
   2      0.6172483E-08 0.9636E-10  0.6189935E-08 0.9524E-10 0.4844    
   3      0.5787150E-08 0.8338E-10  0.5979134E-08 0.6399E-10  5.197    
   4      0.5966834E-08 0.8512E-10  0.5974854E-08 0.5131E-10  3.518    
   5      0.5991793E-08 0.8421E-10  0.5979325E-08 0.4387E-10  2.664    
   6      0.5960027E-08 0.8492E-10  0.5975381E-08 0.3901E-10  2.153    
   7      0.5977574E-08 0.8426E-10  0.5975760E-08 0.3542E-10  1.801    
   8      0.5921697E-08 0.8647E-10  0.5968265E-08 0.3279E-10  1.598    
   9      0.6065077E-08 0.8635E-10  0.5980585E-08 0.3065E-10  1.535    
  10      0.5920637E-08 0.8513E-10  0.5973935E-08 0.2884E-10  1.417    



 INPUT PARAMETERS FOR VEGAS:  NDIM=  4  NCALL=  192119202.
                              IT=    0  ITMX=   20
                              MDS= -1   ND=  33
   1      0.5927330E-08 0.2717E-10  0.5927330E-08 0.2717E-10  0.000    
   2      0.5914444E-08 0.2708E-10  0.5920880E-08 0.1918E-10 0.1128    
   3      0.5895673E-08 0.2711E-10  0.5912517E-08 0.1566E-10 0.3439    
   4      0.5942264E-08 0.2714E-10  0.5920000E-08 0.1356E-10 0.5306    
   5      0.5905378E-08 0.2706E-10  0.5917075E-08 0.1212E-10 0.4565    
   6      0.5946709E-08 0.2720E-10  0.5922028E-08 0.1107E-10 0.5639    
   7      0.5901656E-08 0.2696E-10  0.5919104E-08 0.1024E-10 0.5514    
   8      0.5943909E-08 0.2716E-10  0.5922215E-08 0.9585E-11 0.5771    
   9      0.5962822E-08 0.2723E-10  0.5926746E-08 0.9041E-11 0.7542    
  10      0.5920076E-08 0.2715E-10  0.5926081E-08 0.8578E-11 0.6765    
  11      0.5938866E-08 0.2726E-10  0.5927238E-08 0.8182E-11 0.6287    
  12      0.5977119E-08 0.2726E-10  0.5931425E-08 0.7837E-11 0.8540    
  13      0.5966176E-08 0.2723E-10  0.5934112E-08 0.7531E-11 0.9087    
  14      0.5885878E-08 0.2705E-10  0.5930694E-08 0.7255E-11  1.064    
  15      0.5947959E-08 0.2719E-10  0.5931848E-08 0.7010E-11  1.014    
  16      0.5894850E-08 0.2708E-10  0.5929551E-08 0.6786E-11  1.063    
  17      0.5966468E-08 0.2728E-10  0.5931728E-08 0.6586E-11  1.105    
  18      0.5931748E-08 0.2723E-10  0.5931729E-08 0.6401E-11  1.040    
  19      0.5895859E-08 0.2699E-10  0.5929841E-08 0.6228E-11  1.074    
  20      0.5978111E-08 0.2734E-10  0.5932259E-08 0.6073E-11  1.175    
   
   
 Integral Regular:   5.9322592024352103E-009 +-   6.0727452765911809E-012
 with chisq    =   1.1752669106763254     
  
  
  
 For xq =         4300 
  
 RM48 INITIALIZED:        40           0         0



 INPUT PARAMETERS FOR VEGAS:  NDIM=  4  NCALL=   19668992.
                              IT=    0  ITMX=   10
                              MDS= -1   ND=  28
   1      0.2724075E-08 0.1786E-09  0.2724075E-08 0.1786E-09  0.000    
   2      0.2636906E-08 0.4250E-10  0.2641874E-08 0.4196E-10 0.2319    
   3      0.2736792E-08 0.3941E-10  0.2693282E-08 0.2861E-10  1.481    
   4      0.2682150E-08 0.3832E-10  0.2689332E-08 0.2294E-10  1.008    
   5      0.2630717E-08 0.4120E-10  0.2675964E-08 0.2006E-10  1.139    
   6      0.2674189E-08 0.3964E-10  0.2675604E-08 0.1790E-10 0.9126    
   7      0.2702818E-08 0.3909E-10  0.2680386E-08 0.1627E-10 0.8263    
   8      0.2697236E-08 0.3876E-10  0.2682932E-08 0.1500E-10 0.7305    
   9      0.2674251E-08 0.3885E-10  0.2681814E-08 0.1400E-10 0.6452    
  10      0.2657788E-08 0.3895E-10  0.2679115E-08 0.1317E-10 0.6115    



 INPUT PARAMETERS FOR VEGAS:  NDIM=  4  NCALL=  192119202.
                              IT=    0  ITMX=   20
                              MDS= -1   ND=  33
   1      0.2683207E-08 0.1236E-10  0.2683207E-08 0.1236E-10  0.000    
   2      0.2683997E-08 0.1242E-10  0.2683600E-08 0.8762E-11 0.2028E-02
   3      0.2676254E-08 0.1231E-10  0.2681140E-08 0.7139E-11 0.1189    
   4      0.2694786E-08 0.1244E-10  0.2684547E-08 0.6192E-11 0.3824    
   5      0.2682750E-08 0.1235E-10  0.2684187E-08 0.5535E-11 0.2911    
   6      0.2707838E-08 0.1242E-10  0.2688164E-08 0.5056E-11 0.8444    
   7      0.2675834E-08 0.1238E-10  0.2686416E-08 0.4681E-11 0.8453    
   8      0.2686059E-08 0.1239E-10  0.2686372E-08 0.4379E-11 0.7247    
   9      0.2681175E-08 0.1237E-10  0.2685795E-08 0.4128E-11 0.6539    
  10      0.2688214E-08 0.1234E-10  0.2686038E-08 0.3915E-11 0.5850    
  11      0.2688877E-08 0.1236E-10  0.2686298E-08 0.3732E-11 0.5312    
  12      0.2678723E-08 0.1237E-10  0.2685669E-08 0.3573E-11 0.5142    
  13      0.2684840E-08 0.1237E-10  0.2685605E-08 0.3433E-11 0.4718    
  14      0.2664665E-08 0.1231E-10  0.2684117E-08 0.3307E-11 0.6396    
  15      0.2693132E-08 0.1241E-10  0.2684719E-08 0.3195E-11 0.6290    
  16      0.2685963E-08 0.1236E-10  0.2684797E-08 0.3093E-11 0.5877    
  17      0.2681172E-08 0.1242E-10  0.2684586E-08 0.3002E-11 0.5560    
  18      0.2691658E-08 0.1241E-10  0.2684979E-08 0.2918E-11 0.5413    
  19      0.2678100E-08 0.1238E-10  0.2684619E-08 0.2840E-11 0.5276    
  20      0.2682418E-08 0.1235E-10  0.2684508E-08 0.2768E-11 0.5014    
   
   
 Integral Regular:   2.6845083896924343E-009 +-   2.7675681108946886E-012
 with chisq    =  0.50142361570597094     
  
  
  
 For xq =         4600 
  
 RM48 INITIALIZED:        40           0         0



 INPUT PARAMETERS FOR VEGAS:  NDIM=  4  NCALL=   19668992.
                              IT=    0  ITMX=   10
                              MDS= -1   ND=  28
   1      0.1252417E-08 0.8258E-10  0.1252417E-08 0.8258E-10  0.000    
   2      0.1224103E-08 0.1983E-10  0.1225715E-08 0.1948E-10 0.1134    
   3      0.1216266E-08 0.1748E-10  0.1220565E-08 0.1306E-10 0.1222    
   4      0.1246991E-08 0.1763E-10  0.1230090E-08 0.1048E-10 0.5695    
   5      0.1234428E-08 0.1750E-10  0.1231234E-08 0.8993E-11 0.4385    
   6      0.1174318E-08 0.1743E-10  0.1220188E-08 0.8008E-11  1.937    
   7      0.1227048E-08 0.1768E-10  0.1221359E-08 0.7294E-11  1.634    
   8      0.1228880E-08 0.1763E-10  0.1222464E-08 0.6740E-11  1.422    
   9      0.1240332E-08 0.1783E-10  0.1224745E-08 0.6303E-11  1.353    
  10      0.1202240E-08 0.1738E-10  0.1222222E-08 0.5927E-11  1.367    



 INPUT PARAMETERS FOR VEGAS:  NDIM=  4  NCALL=  192119202.
                              IT=    0  ITMX=   20
                              MDS= -1   ND=  33
   1      0.1201335E-08 0.5577E-11  0.1201335E-08 0.5577E-11  0.000    
   2      0.1215404E-08 0.5638E-11  0.1208375E-08 0.3965E-11  3.147    
   3      0.1209425E-08 0.5607E-11  0.1208726E-08 0.3237E-11  1.585    
   4      0.1217512E-08 0.5656E-11  0.1210918E-08 0.2810E-11  1.663    
   5      0.1215379E-08 0.5634E-11  0.1211812E-08 0.2514E-11  1.371    
   6      0.1205004E-08 0.5601E-11  0.1210680E-08 0.2294E-11  1.343    
   7      0.1207097E-08 0.5590E-11  0.1210167E-08 0.2122E-11  1.179    
   8      0.1215658E-08 0.5640E-11  0.1210853E-08 0.1986E-11  1.129    
   9      0.1204783E-08 0.5603E-11  0.1210181E-08 0.1872E-11  1.118    
  10      0.1206155E-08 0.5619E-11  0.1209782E-08 0.1776E-11  1.045    
  11      0.1206685E-08 0.5624E-11  0.1209502E-08 0.1694E-11 0.9688    
  12      0.1210015E-08 0.5618E-11  0.1209545E-08 0.1622E-11 0.8814    
  13      0.1203123E-08 0.5615E-11  0.1209055E-08 0.1558E-11 0.9083    
  14      0.1209276E-08 0.5629E-11  0.1209071E-08 0.1501E-11 0.8385    
  15      0.1208078E-08 0.5600E-11  0.1209005E-08 0.1450E-11 0.7808    
  16      0.1208580E-08 0.5619E-11  0.1208978E-08 0.1404E-11 0.7291    
  17      0.1213281E-08 0.5655E-11  0.1209230E-08 0.1363E-11 0.7176    
  18      0.1211169E-08 0.5610E-11  0.1209338E-08 0.1324E-11 0.6819    
  19      0.1211798E-08 0.5612E-11  0.1209468E-08 0.1289E-11 0.6540    
  20      0.1217369E-08 0.5606E-11  0.1209870E-08 0.1256E-11 0.7197    
   
   
 Integral Regular:   1.2098698948939049E-009 +-   1.2561237517220645E-012
 with chisq    =  0.71967853325196574     
  
  
  
 For xq =         4900 
  
 RM48 INITIALIZED:        40           0         0



 INPUT PARAMETERS FOR VEGAS:  NDIM=  4  NCALL=   19668992.
                              IT=    0  ITMX=   10
                              MDS= -1   ND=  28
   1      0.5309225E-09 0.3511E-10  0.5309225E-09 0.3511E-10  0.000    
   2      0.5427697E-09 0.8834E-11  0.5420931E-09 0.8485E-11 0.1050    
   3      0.5452308E-09 0.7725E-11  0.5438327E-09 0.5693E-11 0.8947E-01
   4      0.5393362E-09 0.8002E-11  0.5423228E-09 0.4639E-11 0.1295    
   5      0.5321769E-09 0.7858E-11  0.5397541E-09 0.3998E-11 0.4021    
   6      0.5399582E-09 0.7899E-11  0.5397959E-09 0.3567E-11 0.3214    
   7      0.5445083E-09 0.7912E-11  0.5406068E-09 0.3251E-11 0.3169    
   8      0.5481884E-09 0.7962E-11  0.5417208E-09 0.3009E-11 0.3842    
   9      0.5277767E-09 0.7719E-11  0.5399562E-09 0.2805E-11 0.6794    
  10      0.5469263E-09 0.7922E-11  0.5407528E-09 0.2643E-11 0.6804    



 INPUT PARAMETERS FOR VEGAS:  NDIM=  4  NCALL=  192119202.
                              IT=    0  ITMX=   20
                              MDS= -1   ND=  33
   1      0.5426335E-09 0.2532E-11  0.5426335E-09 0.2532E-11  0.000    
   2      0.5420594E-09 0.2532E-11  0.5423467E-09 0.1790E-11 0.2571E-01
   3      0.5410247E-09 0.2528E-11  0.5419065E-09 0.1461E-11 0.1038    
   4      0.5396612E-09 0.2519E-11  0.5413447E-09 0.1264E-11 0.2667    
   5      0.5422234E-09 0.2533E-11  0.5415203E-09 0.1131E-11 0.2240    
   6      0.5465918E-09 0.2540E-11  0.5423726E-09 0.1033E-11 0.8525    
   7      0.5494645E-09 0.2553E-11  0.5433933E-09 0.9577E-12  1.834    
   8      0.5424539E-09 0.2533E-11  0.5432761E-09 0.8958E-12  1.590    
   9      0.5442837E-09 0.2535E-11  0.5433883E-09 0.8446E-12  1.408    
  10      0.5387588E-09 0.2528E-11  0.5429306E-09 0.8011E-12  1.584    
  11      0.5388391E-09 0.2520E-11  0.5425601E-09 0.7634E-12  1.664    
  12      0.5436359E-09 0.2531E-11  0.5426502E-09 0.7309E-12  1.528    
  13      0.5389912E-09 0.2521E-11  0.5423699E-09 0.7020E-12  1.562    
  14      0.5445051E-09 0.2543E-11  0.5425221E-09 0.6767E-12  1.492    
  15      0.5418667E-09 0.2529E-11  0.5424785E-09 0.6537E-12  1.390    
  16      0.5391273E-09 0.2522E-11  0.5422700E-09 0.6328E-12  1.407    
  17      0.5465660E-09 0.2544E-11  0.5425240E-09 0.6141E-12  1.488    
  18      0.5440558E-09 0.2532E-11  0.5426096E-09 0.5968E-12  1.421    
  19      0.5426771E-09 0.2533E-11  0.5426131E-09 0.5809E-12  1.342    
  20      0.5404389E-09 0.2523E-11  0.5425045E-09 0.5661E-12  1.308    
   
   
 Integral Regular:   5.4250447549657722E-010 +-   5.6607497611196266E-013
 with chisq    =   1.3084764166378278     
  
  
  
    xq         Integral Regular                 error
    100      0.187364507932343E+01      0.680218089335820E-03
    400      0.656003083565750E-02      0.394833308648443E-05
    700      0.520483528525820E-03      0.370716021197341E-06
   1000      0.903430386863902E-04      0.709141121314710E-07
   1300      0.224861270041796E-04      0.188057648862887E-07
   1600      0.686768477543754E-05      0.604346172036820E-08
   1900      0.238012930586868E-05      0.216714969432274E-08
   2200      0.903819545340687E-06      0.844465394557184E-09
   2500      0.363662226576772E-06      0.349139699603802E-09
   2800      0.152585442632742E-06      0.148738586317400E-09
   3100      0.661911493511974E-07      0.657981337325443E-10
   3400      0.292789030644245E-07      0.295049925302854E-10
   3700      0.131572192443911E-07      0.133552693116486E-10
   4000      0.593225920243521E-08      0.607274527659118E-11
   4300      0.268450838969243E-08      0.276756811089469E-11
   4600      0.120986989489390E-08      0.125612375172206E-11
   4900      0.542504475496577E-09      0.566074976111963E-12
Thanks for using LHAPDF 6.5.4. Please make sure to cite the paper:
  Eur.Phys.J. C75 (2015) 3, 132  (http://arxiv.org/abs/1412.7420)
 Writing your data in ../summary/run_02/PK_Regular.dat
LHAPDF 6.5.4 loading /home/niraj/1TB-Disc/Workspace-IITG/Packages/Install/LHAPDF-6.5.4/install/share/LHAPDF/MMHT2014nlo68cl/MMHT2014nlo68cl_0000.dat
MMHT2014nlo68cl PDF set, member #0, version 3; LHAPDF ID = 25100
   
   
 ~~~~~~~~~~~~~~~~~~~~~~~~~~~~~~~~~~~~~~~~~~~~
     Calculating Regular Terms
 ~~~~~~~~~~~~~~~~~~~~~~~~~~~~~~~~~~~~~~~~~~~~
   
 ~~~~~~~~~~~~~~~~~~~~~~~~~~~~~~~~~~~~~~~~
Using Vegas points:                   2.E+07
         Iteration:                   10
 ~~~~~~~~~~~~~~~~~~~~~~~~~~~~~~~~~~~~~~~~
  
 For xq =          100 
  
 RM48 INITIALIZED:        40           0         0



 INPUT PARAMETERS FOR VEGAS:  NDIM=  4  NCALL=   19668992.
                              IT=    0  ITMX=   10
                              MDS= -1   ND=  28
   1      0.3281591E-01 0.4324E-02  0.3281591E-01 0.4324E-02  0.000    
   2      0.3460837E-01 0.7646E-03  0.3455935E-01 0.7348E-03 0.1583    
   3      0.3586080E-01 0.3960E-03  0.3559480E-01 0.3394E-03  1.272    
   4      0.3520184E-01 0.2624E-03  0.3534493E-01 0.2059E-03  1.120    
   5      0.3527967E-01 0.2137E-03  0.3531291E-01 0.1475E-03 0.8457    
   6      0.3526288E-01 0.1960E-03  0.3529449E-01 0.1175E-03 0.6818    
   7      0.3530890E-01 0.1893E-03  0.3529858E-01 0.9968E-04 0.5667    
   8      0.3558221E-01 0.1884E-03  0.3536244E-01 0.8795E-04 0.7426    
   9      0.3543749E-01 0.1874E-03  0.3537626E-01 0.7955E-04 0.6647    
  10      0.3536749E-01 0.1874E-03  0.3537490E-01 0.7319E-04 0.5900    



 INPUT PARAMETERS FOR VEGAS:  NDIM=  4  NCALL=  192119202.
                              IT=    0  ITMX=   20
                              MDS= -1   ND=  33
   1      0.3517389E-01 0.5731E-04  0.3517389E-01 0.5731E-04  0.000    
   2      0.3528958E-01 0.5729E-04  0.3523195E-01 0.4052E-04  2.038    
   3      0.3529716E-01 0.5726E-04  0.3525376E-01 0.3307E-04  1.451    
   4      0.3523894E-01 0.5725E-04  0.3525005E-01 0.2864E-04 0.9840    
   5      0.3534446E-01 0.5733E-04  0.3526899E-01 0.2562E-04  1.281    
   6      0.3529347E-01 0.5734E-04  0.3527307E-01 0.2339E-04  1.055    
   7      0.3531030E-01 0.5736E-04  0.3527838E-01 0.2166E-04 0.9395    
   8      0.3520613E-01 0.5720E-04  0.3526935E-01 0.2026E-04  1.004    
   9      0.3530966E-01 0.5727E-04  0.3527384E-01 0.1910E-04 0.9338    
  10      0.3539074E-01 0.5733E-04  0.3528559E-01 0.1812E-04  1.248    
  11      0.3530467E-01 0.5731E-04  0.3528733E-01 0.1727E-04  1.133    
  12      0.3545483E-01 0.5738E-04  0.3530137E-01 0.1654E-04  1.745    
  13      0.3527373E-01 0.5729E-04  0.3529924E-01 0.1589E-04  1.618    
  14      0.3524155E-01 0.5724E-04  0.3529513E-01 0.1531E-04  1.566    
  15      0.3528666E-01 0.5727E-04  0.3529456E-01 0.1479E-04  1.455    
  16      0.3523977E-01 0.5730E-04  0.3529115E-01 0.1432E-04  1.416    
  17      0.3518843E-01 0.5725E-04  0.3528513E-01 0.1390E-04  1.516    
  18      0.3528419E-01 0.5734E-04  0.3528508E-01 0.1350E-04  1.427    
  19      0.3524379E-01 0.5737E-04  0.3528291E-01 0.1315E-04  1.375    
  20      0.3526016E-01 0.5726E-04  0.3528178E-01 0.1281E-04  1.311    
   
   
 Integral Regular:   3.5281776402503046E-002 +-   1.2811892928584835E-005
 with chisq    =   1.3105690060617374     
  
  
  
 For xq =          400 
  
 RM48 INITIALIZED:        40           0         0



 INPUT PARAMETERS FOR VEGAS:  NDIM=  4  NCALL=   19668992.
                              IT=    0  ITMX=   10
                              MDS= -1   ND=  28
   1      0.1002466E-03 0.7760E-05  0.1002466E-03 0.7760E-05  0.000    
   2      0.1024740E-03 0.1564E-05  0.1023907E-03 0.1518E-05 0.7756E-01
   3      0.1017124E-03 0.1018E-05  0.1019217E-03 0.8443E-06 0.1075    
   4      0.1019514E-03 0.9239E-06  0.1019353E-03 0.6227E-06 0.7171E-01
   5      0.1024273E-03 0.8953E-06  0.1020975E-03 0.5107E-06 0.1049    
   6      0.1017535E-03 0.8771E-06  0.1020104E-03 0.4413E-06 0.1069    
   7      0.1002197E-03 0.8638E-06  0.1016486E-03 0.3934E-06 0.6462    
   8      0.1026561E-03 0.8746E-06  0.1018212E-03 0.3586E-06 0.7125    
   9      0.1016115E-03 0.8726E-06  0.1017910E-03 0.3317E-06 0.6297    
  10      0.1022054E-03 0.8724E-06  0.1018438E-03 0.3100E-06 0.5812    



 INPUT PARAMETERS FOR VEGAS:  NDIM=  4  NCALL=  192119202.
                              IT=    0  ITMX=   20
                              MDS= -1   ND=  33
   1      0.1019255E-03 0.2748E-06  0.1019255E-03 0.2748E-06  0.000    
   2      0.1019963E-03 0.2746E-06  0.1019609E-03 0.1943E-06 0.3324E-01
   3      0.1024931E-03 0.2749E-06  0.1021394E-03 0.1586E-06  1.271    
   4      0.1020462E-03 0.2744E-06  0.1021161E-03 0.1373E-06 0.8765    
   5      0.1021246E-03 0.2749E-06  0.1021178E-03 0.1229E-06 0.6575    
   6      0.1017295E-03 0.2743E-06  0.1020533E-03 0.1121E-06 0.8588    
   7      0.1018746E-03 0.2746E-06  0.1020279E-03 0.1038E-06 0.7763    
   8      0.1021174E-03 0.2749E-06  0.1020391E-03 0.9711E-07 0.6786    
   9      0.1021226E-03 0.2750E-06  0.1020483E-03 0.9157E-07 0.6039    
  10      0.1023188E-03 0.2750E-06  0.1020755E-03 0.8688E-07 0.6337    
  11      0.1017172E-03 0.2740E-06  0.1020429E-03 0.8282E-07 0.7252    
  12      0.1022687E-03 0.2752E-06  0.1020617E-03 0.7930E-07 0.7154    
  13      0.1026083E-03 0.2756E-06  0.1021040E-03 0.7621E-07 0.9607    
  14      0.1021095E-03 0.2749E-06  0.1021044E-03 0.7344E-07 0.8868    
  15      0.1020075E-03 0.2747E-06  0.1020979E-03 0.7095E-07 0.8318    
  16      0.1020852E-03 0.2749E-06  0.1020971E-03 0.6870E-07 0.7765    
  17      0.1018198E-03 0.2744E-06  0.1020808E-03 0.6664E-07 0.7880    
  18      0.1024038E-03 0.2755E-06  0.1020988E-03 0.6477E-07 0.8182    
  19      0.1021657E-03 0.2753E-06  0.1021023E-03 0.6305E-07 0.7758    
  20      0.1020437E-03 0.2749E-06  0.1020994E-03 0.6146E-07 0.7373    
   
   
 Integral Regular:   1.0209938576687591E-004 +-   6.1455904753053001E-008
 with chisq    =  0.73729263567693559     
  
  
  
 For xq =          700 
  
 RM48 INITIALIZED:        40           0         0



 INPUT PARAMETERS FOR VEGAS:  NDIM=  4  NCALL=   19668992.
                              IT=    0  ITMX=   10
                              MDS= -1   ND=  28
   1      0.8058001E-05 0.5653E-06  0.8058001E-05 0.5653E-06  0.000    
   2      0.7620107E-05 0.1062E-06  0.7636734E-05 0.1072E-06 0.6096    
   3      0.7608546E-05 0.8324E-07  0.7619553E-05 0.6632E-07 0.3324    
   4      0.7509254E-05 0.7839E-07  0.7575321E-05 0.5091E-07 0.6010    
   5      0.7633732E-05 0.7722E-07  0.7592802E-05 0.4254E-07 0.5512    
   6      0.7774847E-05 0.7706E-07  0.7636059E-05 0.3722E-07  1.306    
   7      0.7542104E-05 0.7628E-07  0.7618601E-05 0.3348E-07  1.293    
   8      0.7645653E-05 0.7654E-07  0.7622914E-05 0.3068E-07  1.125    
   9      0.7629417E-05 0.7627E-07  0.7623810E-05 0.2847E-07 0.9863    
  10      0.7589306E-05 0.7615E-07  0.7619657E-05 0.2667E-07 0.8982    



 INPUT PARAMETERS FOR VEGAS:  NDIM=  4  NCALL=  192119202.
                              IT=    0  ITMX=   20
                              MDS= -1   ND=  33
   1      0.7566492E-05 0.2404E-07  0.7566492E-05 0.2404E-07  0.000    
   2      0.7588934E-05 0.2414E-07  0.7577700E-05 0.1704E-07 0.4339    
   3      0.7639308E-05 0.2417E-07  0.7598366E-05 0.1392E-07  2.398    
   4      0.7593763E-05 0.2414E-07  0.7597218E-05 0.1206E-07  1.608    
   5      0.7646441E-05 0.2424E-07  0.7607088E-05 0.1080E-07  2.035    
   6      0.7571046E-05 0.2407E-07  0.7601097E-05 0.9853E-08  2.002    
   7      0.7556502E-05 0.2408E-07  0.7594766E-05 0.9119E-08  2.156    
   8      0.7552343E-05 0.2407E-07  0.7589495E-05 0.8528E-08  2.236    
   9      0.7580812E-05 0.2413E-07  0.7588533E-05 0.8041E-08  1.971    
  10      0.7544379E-05 0.2409E-07  0.7584152E-05 0.7627E-08  2.087    
  11      0.7622521E-05 0.2421E-07  0.7587649E-05 0.7274E-08  2.107    
  12      0.7554250E-05 0.2410E-07  0.7584882E-05 0.6964E-08  2.076    
  13      0.7607384E-05 0.2414E-07  0.7586620E-05 0.6691E-08  1.969    
  14      0.7599929E-05 0.2412E-07  0.7587574E-05 0.6448E-08  1.839    
  15      0.7592209E-05 0.2412E-07  0.7587883E-05 0.6229E-08  1.710    
  16      0.7573111E-05 0.2407E-07  0.7586959E-05 0.6030E-08  1.620    
  17      0.7632777E-05 0.2420E-07  0.7589669E-05 0.5851E-08  1.731    
  18      0.7560459E-05 0.2408E-07  0.7588052E-05 0.5686E-08  1.711    
  19      0.7580811E-05 0.2412E-07  0.7587671E-05 0.5534E-08  1.621    
  20      0.7569665E-05 0.2407E-07  0.7586771E-05 0.5393E-08  1.563    
   
   
 Integral Regular:   7.5867714069348726E-006 +-   5.3934971453950421E-009
 with chisq    =   1.5634875654954090     
  
  
  
 For xq =         1000 
  
 RM48 INITIALIZED:        40           0         0



 INPUT PARAMETERS FOR VEGAS:  NDIM=  4  NCALL=   19668992.
                              IT=    0  ITMX=   10
                              MDS= -1   ND=  28
   1      0.1124911E-05 0.7875E-07  0.1124911E-05 0.7875E-07  0.000    
   2      0.1254231E-05 0.1849E-07  0.1248740E-05 0.1718E-07  2.303    
   3      0.1273249E-05 0.1489E-07  0.1263528E-05 0.1108E-07  1.685    
   4      0.1267784E-05 0.1434E-07  0.1265196E-05 0.8724E-08  1.120    
   5      0.1234917E-05 0.1391E-07  0.1256618E-05 0.7390E-08  1.691    
   6      0.1258912E-05 0.1401E-07  0.1257134E-05 0.6529E-08  1.348    
   7      0.1280806E-05 0.1401E-07  0.1261607E-05 0.5910E-08  1.521    
   8      0.1240090E-05 0.1382E-07  0.1258293E-05 0.5435E-08  1.596    
   9      0.1275933E-05 0.1394E-07  0.1260730E-05 0.5060E-08  1.569    
  10      0.1249147E-05 0.1391E-07  0.1259371E-05 0.4755E-08  1.463    



 INPUT PARAMETERS FOR VEGAS:  NDIM=  4  NCALL=  192119202.
                              IT=    0  ITMX=   20
                              MDS= -1   ND=  33
   1      0.1273108E-05 0.4459E-08  0.1273108E-05 0.4459E-08  0.000    
   2      0.1260091E-05 0.4431E-08  0.1266626E-05 0.3143E-08  4.287    
   3      0.1267033E-05 0.4445E-08  0.1266762E-05 0.2566E-08  2.146    
   4      0.1257247E-05 0.4414E-08  0.1264385E-05 0.2219E-08  2.585    
   5      0.1264486E-05 0.4439E-08  0.1264405E-05 0.1985E-08  1.939    
   6      0.1257258E-05 0.4426E-08  0.1263220E-05 0.1811E-08  1.985    
   7      0.1253308E-05 0.4415E-08  0.1261812E-05 0.1675E-08  2.369    
   8      0.1267797E-05 0.4439E-08  0.1262565E-05 0.1568E-08  2.257    
   9      0.1265968E-05 0.4449E-08  0.1262942E-05 0.1478E-08  2.039    
  10      0.1261459E-05 0.4438E-08  0.1262794E-05 0.1403E-08  1.824    
  11      0.1270220E-05 0.4458E-08  0.1263471E-05 0.1338E-08  1.895    
  12      0.1259948E-05 0.4426E-08  0.1263177E-05 0.1281E-08  1.776    
  13      0.1265144E-05 0.4429E-08  0.1263329E-05 0.1230E-08  1.643    
  14      0.1271926E-05 0.4450E-08  0.1263948E-05 0.1186E-08  1.785    
  15      0.1262662E-05 0.4430E-08  0.1263862E-05 0.1146E-08  1.663    
  16      0.1265564E-05 0.4437E-08  0.1263969E-05 0.1109E-08  1.561    
  17      0.1268561E-05 0.4436E-08  0.1264241E-05 0.1076E-08  1.526    
  18      0.1266144E-05 0.4445E-08  0.1264346E-05 0.1046E-08  1.446    
  19      0.1272665E-05 0.4451E-08  0.1264787E-05 0.1018E-08  1.551    
  20      0.1259956E-05 0.4421E-08  0.1264545E-05 0.9921E-09  1.529    
   
   
 Integral Regular:   1.2645452939837178E-006 +-   9.9213481681727942E-010
 with chisq    =   1.5294359866569935     
  
  
  
 For xq =         1300 
  
 RM48 INITIALIZED:        40           0         0



 INPUT PARAMETERS FOR VEGAS:  NDIM=  4  NCALL=   19668992.
                              IT=    0  ITMX=   10
                              MDS= -1   ND=  28
   1      0.2993489E-06 0.1850E-07  0.2993489E-06 0.1850E-07  0.000    
   2      0.3119985E-06 0.4682E-08  0.3112944E-06 0.4458E-08 0.4232    
   3      0.3068098E-06 0.3726E-08  0.3086464E-06 0.2856E-08 0.5091    
   4      0.3088057E-06 0.3669E-08  0.3087071E-06 0.2251E-08 0.3383    
   5      0.3123825E-06 0.3658E-08  0.3097436E-06 0.1915E-08 0.4384    
   6      0.3084601E-06 0.3640E-08  0.3094647E-06 0.1694E-08 0.3700    
   7      0.3042097E-06 0.3582E-08  0.3085230E-06 0.1532E-08 0.5977    
   8      0.3130972E-06 0.3599E-08  0.3092469E-06 0.1409E-08 0.7105    
   9      0.3029282E-06 0.3593E-08  0.3084294E-06 0.1312E-08 0.9504    
  10      0.3069023E-06 0.3579E-08  0.3082492E-06 0.1232E-08 0.8629    



 INPUT PARAMETERS FOR VEGAS:  NDIM=  4  NCALL=  192119202.
                              IT=    0  ITMX=   20
                              MDS= -1   ND=  33
   1      0.3074155E-06 0.1147E-08  0.3074155E-06 0.1147E-08  0.000    
   2      0.3060020E-06 0.1142E-08  0.3067091E-06 0.8093E-09 0.7627    
   3      0.3046816E-06 0.1139E-08  0.3060351E-06 0.6598E-09  1.431    
   4      0.3039626E-06 0.1142E-08  0.3055215E-06 0.5712E-09  1.775    
   5      0.3043696E-06 0.1140E-08  0.3052916E-06 0.5107E-09  1.537    
   6      0.3049165E-06 0.1140E-08  0.3052291E-06 0.4661E-09  1.248    
   7      0.3056737E-06 0.1145E-08  0.3052924E-06 0.4317E-09  1.061    
   8      0.3068246E-06 0.1144E-08  0.3054851E-06 0.4039E-09  1.134    
   9      0.3063353E-06 0.1142E-08  0.3055800E-06 0.3808E-09  1.054    
  10      0.3057400E-06 0.1143E-08  0.3055960E-06 0.3613E-09 0.9384    
  11      0.3050459E-06 0.1143E-08  0.3055462E-06 0.3445E-09 0.8659    
  12      0.3047499E-06 0.1142E-08  0.3054802E-06 0.3298E-09 0.8278    
  13      0.3050237E-06 0.1141E-08  0.3054450E-06 0.3169E-09 0.7713    
  14      0.3050854E-06 0.1140E-08  0.3054193E-06 0.3053E-09 0.7192    
  15      0.3058771E-06 0.1144E-08  0.3054499E-06 0.2950E-09 0.6784    
  16      0.3061889E-06 0.1143E-08  0.3054962E-06 0.2856E-09 0.6592    
  17      0.3055421E-06 0.1142E-08  0.3054989E-06 0.2771E-09 0.6181    
  18      0.3069170E-06 0.1146E-08  0.3055779E-06 0.2693E-09 0.6672    
  19      0.3053947E-06 0.1140E-08  0.3055682E-06 0.2621E-09 0.6315    
  20      0.3068495E-06 0.1146E-08  0.3056324E-06 0.2555E-09 0.6611    
   
   
 Integral Regular:   3.0563243454468142E-007 +-   2.5550161317371746E-010
 with chisq    =  0.66105151603019086     
  
  
  
 For xq =         1600 
  
 RM48 INITIALIZED:        40           0         0



 INPUT PARAMETERS FOR VEGAS:  NDIM=  4  NCALL=   19668992.
                              IT=    0  ITMX=   10
                              MDS= -1   ND=  28
   1      0.1013221E-06 0.6102E-08  0.1013221E-06 0.6102E-08  0.000    
   2      0.9100871E-07 0.1388E-08  0.9163036E-07 0.1424E-08  2.971    
   3      0.9116257E-07 0.1163E-08  0.9136211E-07 0.9138E-09  1.571    
   4      0.9437242E-07 0.1157E-08  0.9251491E-07 0.7173E-09  2.436    
   5      0.9352998E-07 0.1156E-08  0.9279254E-07 0.6101E-09  1.972    
   6      0.9198888E-07 0.1137E-08  0.9261975E-07 0.5383E-09  1.666    
   7      0.9139951E-07 0.1130E-08  0.9240411E-07 0.4866E-09  1.552    
   8      0.8946519E-07 0.1119E-08  0.9197132E-07 0.4469E-09  2.121    
   9      0.8982476E-07 0.1123E-08  0.9169560E-07 0.4156E-09  2.243    
  10      0.9037007E-07 0.1123E-08  0.9154294E-07 0.3899E-09  2.135    



 INPUT PARAMETERS FOR VEGAS:  NDIM=  4  NCALL=  192119202.
                              IT=    0  ITMX=   20
                              MDS= -1   ND=  33
   1      0.9144474E-07 0.3597E-09  0.9144474E-07 0.3597E-09  0.000    
   2      0.9109158E-07 0.3585E-09  0.9126828E-07 0.2539E-09 0.4835    
   3      0.9089164E-07 0.3575E-09  0.9114265E-07 0.2070E-09 0.6103    
   4      0.9106102E-07 0.3592E-09  0.9112232E-07 0.1794E-09 0.4200    
   5      0.9133426E-07 0.3599E-09  0.9116465E-07 0.1605E-09 0.3843    
   6      0.9108816E-07 0.3588E-09  0.9115191E-07 0.1465E-09 0.3151    
   7      0.9078625E-07 0.3575E-09  0.9109969E-07 0.1356E-09 0.4113    
   8      0.9107957E-07 0.3586E-09  0.9109717E-07 0.1268E-09 0.3530    
   9      0.9174122E-07 0.3607E-09  0.9116892E-07 0.1196E-09 0.6669    
  10      0.9147787E-07 0.3599E-09  0.9119985E-07 0.1135E-09 0.6665    
  11      0.9094492E-07 0.3578E-09  0.9117664E-07 0.1082E-09 0.6461    
  12      0.9116405E-07 0.3590E-09  0.9117559E-07 0.1036E-09 0.5875    
  13      0.9113201E-07 0.3584E-09  0.9117223E-07 0.9954E-10 0.5397    
  14      0.9120212E-07 0.3593E-09  0.9117436E-07 0.9592E-10 0.4987    
  15      0.9164077E-07 0.3605E-09  0.9120550E-07 0.9270E-10 0.5754    
  16      0.9159389E-07 0.3598E-09  0.9122986E-07 0.8977E-10 0.6101    
  17      0.9163780E-07 0.3595E-09  0.9125400E-07 0.8709E-10 0.6480    
  18      0.9092574E-07 0.3577E-09  0.9123575E-07 0.8462E-10 0.6566    
  19      0.9126206E-07 0.3591E-09  0.9123714E-07 0.8236E-10 0.6204    
  20      0.9121968E-07 0.3593E-09  0.9123626E-07 0.8028E-10 0.5879    
   
   
 Integral Regular:   9.1236264941051502E-008 +-   8.0282585899699788E-011
 with chisq    =  0.58787183321923586     
  
  
  
 For xq =         1900 
  
 RM48 INITIALIZED:        40           0         0



 INPUT PARAMETERS FOR VEGAS:  NDIM=  4  NCALL=   19668992.
                              IT=    0  ITMX=   10
                              MDS= -1   ND=  28
   1      0.3298083E-07 0.1977E-08  0.3298083E-07 0.1977E-08  0.000    
   2      0.3177135E-07 0.4922E-09  0.3184706E-07 0.4857E-09 0.3639    
   3      0.3123288E-07 0.4068E-09  0.3149694E-07 0.3147E-09 0.6529    
   4      0.3131243E-07 0.4009E-09  0.3142848E-07 0.2483E-09 0.4830    
   5      0.3148150E-07 0.4005E-09  0.3144296E-07 0.2112E-09 0.3669    
   6      0.3073888E-07 0.3923E-09  0.3129264E-07 0.1863E-09 0.7763    
   7      0.3091633E-07 0.3909E-09  0.3122541E-07 0.1683E-09 0.7731    
   8      0.3040729E-07 0.3951E-09  0.3110704E-07 0.1550E-09  1.161    
   9      0.3111654E-07 0.3980E-09  0.3110828E-07 0.1445E-09  1.018    
  10      0.3083029E-07 0.3947E-09  0.3107637E-07 0.1357E-09 0.9547    



 INPUT PARAMETERS FOR VEGAS:  NDIM=  4  NCALL=  192119202.
                              IT=    0  ITMX=   20
                              MDS= -1   ND=  33
   1      0.3120492E-07 0.1266E-09  0.3120492E-07 0.1266E-09  0.000    
   2      0.3106016E-07 0.1264E-09  0.3113279E-07 0.8946E-10 0.6546    
   3      0.3103277E-07 0.1261E-09  0.3109944E-07 0.7296E-10 0.5368    
   4      0.3094678E-07 0.1260E-09  0.3106137E-07 0.6313E-10 0.7236    
   5      0.3115686E-07 0.1263E-09  0.3108054E-07 0.5647E-10 0.6568    
   6      0.3113105E-07 0.1263E-09  0.3108898E-07 0.5156E-10 0.5518    
   7      0.3100387E-07 0.1263E-09  0.3107688E-07 0.4773E-10 0.5248    
   8      0.3131049E-07 0.1269E-09  0.3110623E-07 0.4467E-10 0.8781    
   9      0.3103334E-07 0.1263E-09  0.3109816E-07 0.4212E-10 0.8057    
  10      0.3103763E-07 0.1262E-09  0.3109212E-07 0.3995E-10 0.7393    
  11      0.3112053E-07 0.1269E-09  0.3109468E-07 0.3811E-10 0.6699    
  12      0.3104712E-07 0.1263E-09  0.3109073E-07 0.3649E-10 0.6209    
  13      0.3100946E-07 0.1263E-09  0.3108449E-07 0.3505E-10 0.6011    
  14      0.3091935E-07 0.1262E-09  0.3107278E-07 0.3377E-10 0.6765    
  15      0.3119544E-07 0.1263E-09  0.3108103E-07 0.3263E-10 0.6911    
  16      0.3098287E-07 0.1261E-09  0.3107490E-07 0.3159E-10 0.6829    
  17      0.3114378E-07 0.1268E-09  0.3107894E-07 0.3065E-10 0.6575    
  18      0.3101276E-07 0.1262E-09  0.3107527E-07 0.2978E-10 0.6342    
  19      0.3122025E-07 0.1269E-09  0.3108291E-07 0.2900E-10 0.6680    
  20      0.3105038E-07 0.1261E-09  0.3108128E-07 0.2826E-10 0.6362    
   
   
 Integral Regular:   3.1081282701342826E-008 +-   2.8258590762819862E-011
 with chisq    =  0.63624317940739827     
  
  
  
 For xq =         2200 
  
 RM48 INITIALIZED:        40           0         0



 INPUT PARAMETERS FOR VEGAS:  NDIM=  4  NCALL=   19668992.
                              IT=    0  ITMX=   10
                              MDS= -1   ND=  28
   1      0.1190691E-07 0.7032E-09  0.1190691E-07 0.7032E-09  0.000    
   2      0.1174366E-07 0.1796E-09  0.1175392E-07 0.1751E-09 0.5120E-01
   3      0.1161087E-07 0.1539E-09  0.1167454E-07 0.1161E-09 0.2134    
   4      0.1133423E-07 0.1512E-09  0.1155406E-07 0.9248E-10  1.177    
   5      0.1155473E-07 0.1520E-09  0.1155424E-07 0.7905E-10 0.8857    
   6      0.1178369E-07 0.1524E-09  0.1160387E-07 0.7014E-10  1.068    
   7      0.1158589E-07 0.1527E-09  0.1160077E-07 0.6375E-10 0.8937    
   8      0.1148933E-07 0.1515E-09  0.1158439E-07 0.5878E-10 0.8330    
   9      0.1162582E-07 0.1508E-09  0.1158986E-07 0.5476E-10 0.7371    
  10      0.1137526E-07 0.1522E-09  0.1156619E-07 0.5155E-10 0.8470    



 INPUT PARAMETERS FOR VEGAS:  NDIM=  4  NCALL=  192119202.
                              IT=    0  ITMX=   20
                              MDS= -1   ND=  33
   1      0.1160390E-07 0.4881E-10  0.1160390E-07 0.4881E-10  0.000    
   2      0.1160073E-07 0.4874E-10  0.1160231E-07 0.3449E-10 0.2117E-02
   3      0.1168656E-07 0.4897E-10  0.1163052E-07 0.2820E-10 0.9951    
   4      0.1151112E-07 0.4846E-10  0.1160078E-07 0.2437E-10  2.163    
   5      0.1172290E-07 0.4891E-10  0.1162548E-07 0.2181E-10  2.880    
   6      0.1159980E-07 0.4878E-10  0.1162122E-07 0.1991E-10  2.351    
   7      0.1157995E-07 0.4866E-10  0.1161533E-07 0.1843E-10  2.064    
   8      0.1159293E-07 0.4866E-10  0.1161253E-07 0.1724E-10  1.796    
   9      0.1151932E-07 0.4854E-10  0.1160224E-07 0.1624E-10  1.979    
  10      0.1152855E-07 0.4847E-10  0.1159489E-07 0.1540E-10  1.990    
  11      0.1153142E-07 0.4861E-10  0.1158916E-07 0.1468E-10  1.946    
  12      0.1156762E-07 0.4856E-10  0.1158736E-07 0.1405E-10  1.786    
  13      0.1158237E-07 0.4865E-10  0.1158698E-07 0.1350E-10  1.638    
  14      0.1158875E-07 0.4861E-10  0.1158710E-07 0.1301E-10  1.512    
  15      0.1156549E-07 0.4873E-10  0.1158567E-07 0.1257E-10  1.417    
  16      0.1159213E-07 0.4865E-10  0.1158608E-07 0.1217E-10  1.324    
  17      0.1161402E-07 0.4870E-10  0.1158773E-07 0.1181E-10  1.260    
  18      0.1152477E-07 0.4861E-10  0.1158425E-07 0.1147E-10  1.279    
  19      0.1163460E-07 0.4876E-10  0.1158692E-07 0.1117E-10  1.264    
  20      0.1159862E-07 0.4867E-10  0.1158750E-07 0.1088E-10  1.200    
   
   
 Integral Regular:   1.1587503965197279E-008 +-   1.0884699342797909E-011
 with chisq    =   1.2003388087080491     
  
  
  
 For xq =         2500 
  
 RM48 INITIALIZED:        40           0         0



 INPUT PARAMETERS FOR VEGAS:  NDIM=  4  NCALL=   19668992.
                              IT=    0  ITMX=   10
                              MDS= -1   ND=  28
   1      0.4386437E-08 0.2786E-09  0.4386437E-08 0.2786E-09  0.000    
   2      0.4472617E-08 0.7048E-10  0.4467620E-08 0.6775E-10 0.8838E-01
   3      0.4705156E-08 0.6291E-10  0.4602247E-08 0.4554E-10  3.383    
   4      0.4646850E-08 0.6273E-10  0.4618186E-08 0.3676E-10  2.337    
   5      0.4635941E-08 0.6214E-10  0.4622910E-08 0.3160E-10  1.756    
   6      0.4706269E-08 0.6280E-10  0.4640551E-08 0.2820E-10  1.682    
   7      0.4658018E-08 0.6195E-10  0.4643619E-08 0.2565E-10  1.408    
   8      0.4601051E-08 0.6226E-10  0.4637446E-08 0.2372E-10  1.264    
   9      0.4779216E-08 0.6350E-10  0.4655983E-08 0.2221E-10  1.675    
  10      0.4532795E-08 0.6164E-10  0.4642312E-08 0.2090E-10  1.875    



 INPUT PARAMETERS FOR VEGAS:  NDIM=  4  NCALL=  192119202.
                              IT=    0  ITMX=   20
                              MDS= -1   ND=  33
   1      0.4610953E-08 0.1980E-10  0.4610953E-08 0.1980E-10  0.000    
   2      0.4608976E-08 0.1982E-10  0.4609966E-08 0.1401E-10 0.4979E-02
   3      0.4615823E-08 0.1976E-10  0.4611928E-08 0.1143E-10 0.3175E-01
   4      0.4641535E-08 0.1986E-10  0.4619366E-08 0.9904E-11 0.5814    
   5      0.4605832E-08 0.1981E-10  0.4616673E-08 0.8859E-11 0.5296    
   6      0.4610486E-08 0.1982E-10  0.4615645E-08 0.8088E-11 0.4401    
   7      0.4627558E-08 0.1988E-10  0.4617344E-08 0.7492E-11 0.4180    
   8      0.4632633E-08 0.1986E-10  0.4619261E-08 0.7010E-11 0.4325    
   9      0.4584685E-08 0.1981E-10  0.4615464E-08 0.6608E-11 0.7135    
  10      0.4607438E-08 0.1984E-10  0.4614665E-08 0.6269E-11 0.6508    
  11      0.4622032E-08 0.1983E-10  0.4615336E-08 0.5978E-11 0.5981    
  12      0.4592908E-08 0.1975E-10  0.4613470E-08 0.5721E-11 0.6508    
  13      0.4631154E-08 0.1983E-10  0.4614839E-08 0.5497E-11 0.6578    
  14      0.4635882E-08 0.1985E-10  0.4616350E-08 0.5298E-11 0.6877    
  15      0.4577998E-08 0.1973E-10  0.4613810E-08 0.5117E-11 0.8875    
  16      0.4595959E-08 0.1975E-10  0.4612696E-08 0.4953E-11 0.8794    
  17      0.4648911E-08 0.1995E-10  0.4614830E-08 0.4807E-11  1.020    
  18      0.4599317E-08 0.1978E-10  0.4613971E-08 0.4671E-11 0.9947    
  19      0.4636448E-08 0.1986E-10  0.4615160E-08 0.4547E-11  1.007    
  20      0.4592822E-08 0.1974E-10  0.4614045E-08 0.4431E-11  1.018    
   
   
 Integral Regular:   4.6140446715648593E-009 +-   4.4309570412610988E-012
 with chisq    =   1.0179481111773137     
  
  
  
 For xq =         2800 
  
 RM48 INITIALIZED:        40           0         0



 INPUT PARAMETERS FOR VEGAS:  NDIM=  4  NCALL=   19668992.
                              IT=    0  ITMX=   10
                              MDS= -1   ND=  28
   1      0.1855750E-08 0.1093E-09  0.1855750E-08 0.1093E-09  0.000    
   2      0.1987911E-08 0.3126E-10  0.1979110E-08 0.2921E-10  1.272    
   3      0.1884234E-08 0.2593E-10  0.1926990E-08 0.1948E-10  3.581    
   4      0.1948529E-08 0.2649E-10  0.1934747E-08 0.1566E-10  2.508    
   5      0.1936613E-08 0.2625E-10  0.1935244E-08 0.1344E-10  1.876    
   6      0.1881990E-08 0.2601E-10  0.1924398E-08 0.1195E-10  2.155    
   7      0.1923418E-08 0.2615E-10  0.1924227E-08 0.1087E-10  1.794    
   8      0.1951915E-08 0.2635E-10  0.1928379E-08 0.1005E-10  1.669    
   9      0.1960953E-08 0.2642E-10  0.1932640E-08 0.9387E-11  1.625    
  10      0.1963981E-08 0.2655E-10  0.1936244E-08 0.8848E-11  1.581    



 INPUT PARAMETERS FOR VEGAS:  NDIM=  4  NCALL=  192119202.
                              IT=    0  ITMX=   20
                              MDS= -1   ND=  33
   1      0.1922852E-08 0.8374E-11  0.1922852E-08 0.8374E-11  0.000    
   2      0.1920297E-08 0.8372E-11  0.1921576E-08 0.5921E-11 0.4655E-01
   3      0.1910054E-08 0.8359E-11  0.1917757E-08 0.4831E-11 0.6535    
   4      0.1913883E-08 0.8369E-11  0.1916792E-08 0.4184E-11 0.4896    
   5      0.1912444E-08 0.8378E-11  0.1915927E-08 0.3743E-11 0.4212    
   6      0.1918953E-08 0.8374E-11  0.1916432E-08 0.3417E-11 0.3586    
   7      0.1935124E-08 0.8388E-11  0.1919138E-08 0.3165E-11  1.018    
   8      0.1914254E-08 0.8365E-11  0.1918529E-08 0.2960E-11 0.9153    
   9      0.1905510E-08 0.8341E-11  0.1917090E-08 0.2790E-11  1.070    
  10      0.1930165E-08 0.8378E-11  0.1918411E-08 0.2647E-11  1.196    
  11      0.1919230E-08 0.8371E-11  0.1918486E-08 0.2524E-11  1.077    
  12      0.1912530E-08 0.8339E-11  0.1917989E-08 0.2415E-11  1.022    
  13      0.1921954E-08 0.8382E-11  0.1918294E-08 0.2321E-11 0.9537    
  14      0.1934602E-08 0.8443E-11  0.1919458E-08 0.2238E-11  1.150    
  15      0.1920014E-08 0.8367E-11  0.1919495E-08 0.2162E-11  1.068    
  16      0.1899242E-08 0.8303E-11  0.1918234E-08 0.2092E-11  1.363    
  17      0.1923644E-08 0.8359E-11  0.1918555E-08 0.2030E-11  1.302    
  18      0.1915266E-08 0.8364E-11  0.1918373E-08 0.1972E-11  1.234    
  19      0.1907557E-08 0.8328E-11  0.1917804E-08 0.1919E-11  1.254    
  20      0.1927123E-08 0.8393E-11  0.1918272E-08 0.1871E-11  1.250    
   
   
 Integral Regular:   1.9182717616749516E-009 +-   1.8710316935707982E-012
 with chisq    =   1.2497782817249985     
  
  
  
 For xq =         3100 
  
 RM48 INITIALIZED:        40           0         0



 INPUT PARAMETERS FOR VEGAS:  NDIM=  4  NCALL=   19668992.
                              IT=    0  ITMX=   10
                              MDS= -1   ND=  28
   1      0.9460785E-09 0.5613E-10  0.9460785E-09 0.5613E-10  0.000    
   2      0.8278794E-09 0.1282E-10  0.8354212E-09 0.1332E-10  4.702    
   3      0.8257695E-09 0.1139E-10  0.8301956E-09 0.8813E-11  2.613    
   4      0.8064494E-09 0.1118E-10  0.8219100E-09 0.6988E-11  2.678    
   5      0.8116374E-09 0.1159E-10  0.8193674E-09 0.6004E-11  2.184    
   6      0.8266980E-09 0.1162E-10  0.8208593E-09 0.5339E-11  1.821    
   7      0.8226784E-09 0.1153E-10  0.8211683E-09 0.4848E-11  1.531    
   8      0.8263092E-09 0.1150E-10  0.8219242E-09 0.4469E-11  1.341    
   9      0.8186600E-09 0.1138E-10  0.8215053E-09 0.4162E-11  1.188    
  10      0.8285541E-09 0.1150E-10  0.8223090E-09 0.3914E-11  1.094    



 INPUT PARAMETERS FOR VEGAS:  NDIM=  4  NCALL=  192119202.
                              IT=    0  ITMX=   20
                              MDS= -1   ND=  33
   1      0.8213071E-09 0.3642E-11  0.8213071E-09 0.3642E-11  0.000    
   2      0.8213418E-09 0.3637E-11  0.8213244E-09 0.2573E-11 0.4535E-04
   3      0.8238410E-09 0.3654E-11  0.8221623E-09 0.2104E-11 0.1589    
   4      0.8196671E-09 0.3631E-11  0.8215380E-09 0.1821E-11 0.2235    
   5      0.8303539E-09 0.3651E-11  0.8233240E-09 0.1629E-11  1.350    
   6      0.8236047E-09 0.3650E-11  0.8233707E-09 0.1488E-11  1.080    
   7      0.8274907E-09 0.3662E-11  0.8239593E-09 0.1378E-11  1.081    
   8      0.8136127E-09 0.3619E-11  0.8226770E-09 0.1288E-11  1.931    
   9      0.8193434E-09 0.3632E-11  0.8223072E-09 0.1214E-11  1.784    
  10      0.8284798E-09 0.3666E-11  0.8229255E-09 0.1152E-11  1.871    
  11      0.8222662E-09 0.3642E-11  0.8228656E-09 0.1099E-11  1.687    
  12      0.8162251E-09 0.3635E-11  0.8223180E-09 0.1052E-11  1.810    
  13      0.8267404E-09 0.3654E-11  0.8226598E-09 0.1011E-11  1.771    
  14      0.8235935E-09 0.3654E-11  0.8227263E-09 0.9741E-12  1.639    
  15      0.8206685E-09 0.3652E-11  0.8225903E-09 0.9412E-12  1.544    
  16      0.8264744E-09 0.3646E-11  0.8228351E-09 0.9114E-12  1.512    
  17      0.8221078E-09 0.3651E-11  0.8227925E-09 0.8842E-12  1.420    
  18      0.8242666E-09 0.3647E-11  0.8228746E-09 0.8593E-12  1.345    
  19      0.8247790E-09 0.3658E-11  0.8229747E-09 0.8366E-12  1.284    
  20      0.8199028E-09 0.3643E-11  0.8228219E-09 0.8153E-12  1.252    
   
   
 Integral Regular:   8.2282190582186067E-010 +-   8.1534577858206782E-013
 with chisq    =   1.2524008373940199     
  
  
  
 For xq =         3400 
  
 RM48 INITIALIZED:        40           0         0



 INPUT PARAMETERS FOR VEGAS:  NDIM=  4  NCALL=   19668992.
                              IT=    0  ITMX=   10
                              MDS= -1   ND=  28
   1      0.3682867E-09 0.2312E-10  0.3682867E-09 0.2312E-10  0.000    
   2      0.3570236E-09 0.5617E-11  0.3576890E-09 0.5535E-11 0.2302    
   3      0.3603871E-09 0.5054E-11  0.3591518E-09 0.3737E-11 0.1803    
   4      0.3563411E-09 0.5077E-11  0.3581838E-09 0.3014E-11 0.1866    
   5      0.3654233E-09 0.5191E-11  0.3600463E-09 0.2605E-11 0.5082    
   6      0.3506443E-09 0.4994E-11  0.3581305E-09 0.2313E-11 0.9468    
   7      0.3647763E-09 0.5096E-11  0.3592920E-09 0.2105E-11  1.025    
   8      0.3608699E-09 0.5074E-11  0.3595242E-09 0.1944E-11 0.8905    
   9      0.3702251E-09 0.5239E-11  0.3608815E-09 0.1822E-11  1.252    
  10      0.3476782E-09 0.5019E-11  0.3594467E-09 0.1714E-11  1.760    



 INPUT PARAMETERS FOR VEGAS:  NDIM=  4  NCALL=  192119202.
                              IT=    0  ITMX=   20
                              MDS= -1   ND=  33
   1      0.3630793E-09 0.1632E-11  0.3630793E-09 0.1632E-11  0.000    
   2      0.3619125E-09 0.1628E-11  0.3624967E-09 0.1153E-11 0.2562    
   3      0.3619980E-09 0.1624E-11  0.3623300E-09 0.9400E-12 0.1595    
   4      0.3585842E-09 0.1623E-11  0.3614041E-09 0.8135E-12  1.422    
   5      0.3594230E-09 0.1620E-11  0.3610087E-09 0.7270E-12  1.365    
   6      0.3612800E-09 0.1626E-11  0.3610539E-09 0.6637E-12  1.097    
   7      0.3613404E-09 0.1626E-11  0.3610949E-09 0.6145E-12 0.9181    
   8      0.3589310E-09 0.1616E-11  0.3608245E-09 0.5744E-12  1.010    
   9      0.3622497E-09 0.1631E-11  0.3609828E-09 0.5418E-12 0.9683    
  10      0.3627198E-09 0.1627E-11  0.3611576E-09 0.5140E-12 0.9748    
  11      0.3604578E-09 0.1620E-11  0.3610938E-09 0.4900E-12 0.8945    
  12      0.3581166E-09 0.1616E-11  0.3608469E-09 0.4689E-12  1.093    
  13      0.3595758E-09 0.1626E-11  0.3607499E-09 0.4505E-12  1.049    
  14      0.3608181E-09 0.1623E-11  0.3607548E-09 0.4341E-12 0.9687    
  15      0.3615569E-09 0.1625E-11  0.3608084E-09 0.4194E-12 0.9155    
  16      0.3643664E-09 0.1632E-11  0.3610330E-09 0.4062E-12  1.156    
  17      0.3631990E-09 0.1633E-11  0.3611606E-09 0.3942E-12  1.187    
  18      0.3603581E-09 0.1624E-11  0.3611161E-09 0.3831E-12  1.131    
  19      0.3601340E-09 0.1622E-11  0.3610645E-09 0.3728E-12  1.088    
  20      0.3613329E-09 0.1626E-11  0.3610779E-09 0.3634E-12  1.032    
   
   
 Integral Regular:   3.6107792576037789E-010 +-   3.6337620561728917E-013
 with chisq    =   1.0320839412407985     
  
  
  
 For xq =         3700 
  
 RM48 INITIALIZED:        40           0         0



 INPUT PARAMETERS FOR VEGAS:  NDIM=  4  NCALL=   19668992.
                              IT=    0  ITMX=   10
                              MDS= -1   ND=  28
   1      0.1522930E-09 0.9458E-11  0.1522930E-09 0.9458E-11  0.000    
   2      0.1659796E-09 0.2607E-11  0.1651568E-09 0.2425E-11  1.799    
   3      0.1580559E-09 0.2248E-11  0.1613641E-09 0.1651E-11  3.205    
   4      0.1647319E-09 0.2274E-11  0.1625823E-09 0.1332E-11  2.590    
   5      0.1589864E-09 0.2239E-11  0.1616548E-09 0.1145E-11  2.421    
   6      0.1606575E-09 0.2267E-11  0.1614510E-09 0.1022E-11  1.965    
   7      0.1638145E-09 0.2305E-11  0.1618541E-09 0.9338E-12  1.778    
   8      0.1581324E-09 0.2255E-11  0.1613241E-09 0.8630E-12  1.855    
   9      0.1624243E-09 0.2292E-11  0.1614638E-09 0.8075E-12  1.644    
  10      0.1589481E-09 0.2271E-11  0.1611865E-09 0.7610E-12  1.583    



 INPUT PARAMETERS FOR VEGAS:  NDIM=  4  NCALL=  192119202.
                              IT=    0  ITMX=   20
                              MDS= -1   ND=  33
   1      0.1607519E-09 0.7305E-12  0.1607519E-09 0.7305E-12  0.000    
   2      0.1604811E-09 0.7285E-12  0.1606164E-09 0.5159E-12 0.6888E-01
   3      0.1591584E-09 0.7232E-12  0.1601306E-09 0.4200E-12  1.373    
   4      0.1595568E-09 0.7255E-12  0.1599874E-09 0.3635E-12  1.073    
   5      0.1612497E-09 0.7315E-12  0.1602405E-09 0.3255E-12  1.405    
   6      0.1607384E-09 0.7293E-12  0.1603236E-09 0.2973E-12  1.201    
   7      0.1600041E-09 0.7243E-12  0.1602777E-09 0.2750E-12  1.029    
   8      0.1610505E-09 0.7293E-12  0.1603747E-09 0.2573E-12  1.022    
   9      0.1617917E-09 0.7341E-12  0.1605322E-09 0.2428E-12  1.313    
  10      0.1608167E-09 0.7309E-12  0.1605606E-09 0.2304E-12  1.182    
  11      0.1598765E-09 0.7275E-12  0.1604987E-09 0.2197E-12  1.144    
  12      0.1590572E-09 0.7246E-12  0.1603793E-09 0.2102E-12  1.367    
  13      0.1616062E-09 0.7314E-12  0.1604743E-09 0.2021E-12  1.471    
  14      0.1598365E-09 0.7268E-12  0.1604289E-09 0.1947E-12  1.413    
  15      0.1606871E-09 0.7274E-12  0.1604462E-09 0.1881E-12  1.320    
  16      0.1603622E-09 0.7269E-12  0.1604409E-09 0.1821E-12  1.233    
  17      0.1610719E-09 0.7296E-12  0.1604782E-09 0.1766E-12  1.200    
  18      0.1611747E-09 0.7286E-12  0.1605172E-09 0.1717E-12  1.180    
  19      0.1605097E-09 0.7279E-12  0.1605168E-09 0.1671E-12  1.114    
  20      0.1607137E-09 0.7271E-12  0.1605267E-09 0.1628E-12  1.059    
   
   
 Integral Regular:   1.6052667231740081E-010 +-   1.6284448813214856E-013
 with chisq    =   1.0591372360950435     
  
  
  
 For xq =         4000 
  
 RM48 INITIALIZED:        40           0         0



 INPUT PARAMETERS FOR VEGAS:  NDIM=  4  NCALL=   19668992.
                              IT=    0  ITMX=   10
                              MDS= -1   ND=  28
   1      0.7812768E-10 0.4632E-11  0.7812768E-10 0.4632E-11  0.000    
   2      0.7488253E-10 0.1169E-11  0.7509285E-10 0.1155E-11 0.4784    
   3      0.7019279E-10 0.1011E-11  0.7252824E-10 0.7761E-12  5.225    
   4      0.7182027E-10 0.1028E-11  0.7228313E-10 0.6220E-12  3.643    
   5      0.7335191E-10 0.1049E-11  0.7255854E-10 0.5352E-12  2.930    
   6      0.7158356E-10 0.1021E-11  0.7235793E-10 0.4747E-12  2.504    
   7      0.7220128E-10 0.1025E-11  0.7233097E-10 0.4310E-12  2.100    
   8      0.7217249E-10 0.1020E-11  0.7230753E-10 0.3971E-12  1.809    
   9      0.7262012E-10 0.1049E-11  0.7234629E-10 0.3714E-12  1.595    
  10      0.7260860E-10 0.1059E-11  0.7237475E-10 0.3505E-12  1.425    



 INPUT PARAMETERS FOR VEGAS:  NDIM=  4  NCALL=  192119202.
                              IT=    0  ITMX=   20
                              MDS= -1   ND=  33
   1      0.7200055E-10 0.3309E-12  0.7200055E-10 0.3309E-12  0.000    
   2      0.7197000E-10 0.3298E-12  0.7198523E-10 0.2336E-12 0.4276E-02
   3      0.7183971E-10 0.3299E-12  0.7193677E-10 0.1906E-12 0.6686E-01
   4      0.7177872E-10 0.3303E-12  0.7189741E-10 0.1651E-12 0.1018    
   5      0.7183133E-10 0.3299E-12  0.7188419E-10 0.1477E-12 0.8435E-01
   6      0.7230148E-10 0.3319E-12  0.7195379E-10 0.1349E-12 0.3333    
   7      0.7201388E-10 0.3320E-12  0.7196232E-10 0.1250E-12 0.2823    
   8      0.7159666E-10 0.3298E-12  0.7191681E-10 0.1169E-12 0.3947    
   9      0.7144040E-10 0.3288E-12  0.7186400E-10 0.1101E-12 0.5764    
  10      0.7194621E-10 0.3313E-12  0.7187220E-10 0.1045E-12 0.5184    
  11      0.7219866E-10 0.3322E-12  0.7190183E-10 0.9969E-13 0.5547    
  12      0.7215918E-10 0.3306E-12  0.7192342E-10 0.9544E-13 0.5548    
  13      0.7236233E-10 0.3318E-12  0.7195733E-10 0.9173E-13 0.6441    
  14      0.7077517E-10 0.3279E-12  0.7187415E-10 0.8834E-13  1.497    
  15      0.7186172E-10 0.3306E-12  0.7187332E-10 0.8534E-13  1.390    
  16      0.7160230E-10 0.3299E-12  0.7185644E-10 0.8262E-13  1.340    
  17      0.7168027E-10 0.3305E-12  0.7184613E-10 0.8016E-13  1.273    
  18      0.7265666E-10 0.3326E-12  0.7189156E-10 0.7793E-13  1.534    
  19      0.7124739E-10 0.3284E-12  0.7185781E-10 0.7582E-13  1.649    
  20      0.7246965E-10 0.3321E-12  0.7188861E-10 0.7392E-13  1.733    
   
   
 Integral Regular:   7.1888606552660596E-011 +-   7.3919361441804791E-014
 with chisq    =   1.7332677016702225     
  
  
  
 For xq =         4300 
  
 RM48 INITIALIZED:        40           0         0



 INPUT PARAMETERS FOR VEGAS:  NDIM=  4  NCALL=   19668992.
                              IT=    0  ITMX=   10
                              MDS= -1   ND=  28
   1      0.3281128E-10 0.2151E-11  0.3281128E-10 0.2151E-11  0.000    
   2      0.3176347E-10 0.5119E-12  0.3182318E-10 0.5054E-12 0.2310    
   3      0.3289893E-10 0.4738E-12  0.3240565E-10 0.3444E-12  1.325    
   4      0.3229482E-10 0.4598E-12  0.3236614E-10 0.2758E-12 0.8986    
   5      0.3231723E-10 0.4679E-12  0.3235360E-10 0.2377E-12 0.6770    
   6      0.3155031E-10 0.4554E-12  0.3218884E-10 0.2110E-12  1.019    
   7      0.3216989E-10 0.4642E-12  0.3218561E-10 0.1921E-12 0.8503    
   8      0.3229149E-10 0.4640E-12  0.3220113E-10 0.1775E-12 0.7350    
   9      0.3141696E-10 0.4602E-12  0.3210422E-10 0.1657E-12 0.9503    
  10      0.3180137E-10 0.4622E-12  0.3207044E-10 0.1560E-12 0.8881    



 INPUT PARAMETERS FOR VEGAS:  NDIM=  4  NCALL=  192119202.
                              IT=    0  ITMX=   20
                              MDS= -1   ND=  33
   1      0.3248141E-10 0.1492E-12  0.3248141E-10 0.1492E-12  0.000    
   2      0.3220912E-10 0.1494E-12  0.3234659E-10 0.1055E-12  1.664    
   3      0.3202672E-10 0.1487E-12  0.3224083E-10 0.8607E-13  2.366    
   4      0.3196203E-10 0.1485E-12  0.3217164E-10 0.7447E-13  2.456    
   5      0.3224626E-10 0.1495E-12  0.3218652E-10 0.6666E-13  1.890    
   6      0.3237689E-10 0.1497E-12  0.3221833E-10 0.6090E-13  1.781    
   7      0.3241575E-10 0.1494E-12  0.3224676E-10 0.5639E-13  1.733    
   8      0.3258050E-10 0.1501E-12  0.3228877E-10 0.5279E-13  2.110    
   9      0.3214909E-10 0.1488E-12  0.3227328E-10 0.4975E-13  1.945    
  10      0.3225020E-10 0.1487E-12  0.3227096E-10 0.4718E-13  1.732    
  11      0.3239053E-10 0.1497E-12  0.3228183E-10 0.4500E-13  1.616    
  12      0.3227956E-10 0.1495E-12  0.3228164E-10 0.4309E-13  1.469    
  13      0.3230873E-10 0.1492E-12  0.3228373E-10 0.4140E-13  1.349    
  14      0.3220263E-10 0.1486E-12  0.3227792E-10 0.3988E-13  1.267    
  15      0.3228510E-10 0.1497E-12  0.3227840E-10 0.3854E-13  1.176    
  16      0.3238071E-10 0.1496E-12  0.3228480E-10 0.3732E-13  1.127    
  17      0.3232584E-10 0.1490E-12  0.3228723E-10 0.3620E-13  1.061    
  18      0.3242335E-10 0.1490E-12  0.3229488E-10 0.3518E-13  1.045    
  19      0.3239343E-10 0.1496E-12  0.3230007E-10 0.3424E-13  1.009    
  20      0.3224534E-10 0.1492E-12  0.3229734E-10 0.3338E-13 0.9631    
   
   
 Integral Regular:   3.2297340642802658E-011 +-   3.3376090178063118E-014
 with chisq    =  0.96309337625534508     
  
  
  
 For xq =         4600 
  
 RM48 INITIALIZED:        40           0         0



 INPUT PARAMETERS FOR VEGAS:  NDIM=  4  NCALL=   19668992.
                              IT=    0  ITMX=   10
                              MDS= -1   ND=  28
   1      0.1498908E-10 0.9884E-12  0.1498908E-10 0.9884E-12  0.000    
   2      0.1464216E-10 0.2373E-12  0.1466192E-10 0.2332E-12 0.1189    
   3      0.1459153E-10 0.2112E-12  0.1462379E-10 0.1571E-12 0.8499E-01
   4      0.1439805E-10 0.2082E-12  0.1454435E-10 0.1257E-12 0.3025    
   5      0.1458274E-10 0.2186E-12  0.1455382E-10 0.1090E-12 0.2331    
   6      0.1424228E-10 0.2090E-12  0.1449007E-10 0.9677E-13 0.5255    
   7      0.1435104E-10 0.2073E-12  0.1446583E-10 0.8774E-13 0.5001    
   8      0.1453346E-10 0.2077E-12  0.1447607E-10 0.8082E-13 0.4416    
   9      0.1451591E-10 0.2160E-12  0.1448094E-10 0.7570E-13 0.3902    
  10      0.1447988E-10 0.2121E-12  0.1448083E-10 0.7130E-13 0.3472    



 INPUT PARAMETERS FOR VEGAS:  NDIM=  4  NCALL=  192119202.
                              IT=    0  ITMX=   20
                              MDS= -1   ND=  33
   1      0.1460302E-10 0.6763E-13  0.1460302E-10 0.6763E-13  0.000    
   2      0.1458347E-10 0.6760E-13  0.1459325E-10 0.4781E-13 0.4178E-01
   3      0.1462611E-10 0.6781E-13  0.1460419E-10 0.3907E-13 0.9938E-01
   4      0.1452741E-10 0.6741E-13  0.1458504E-10 0.3381E-13 0.3885    
   5      0.1454102E-10 0.6738E-13  0.1457623E-10 0.3022E-13 0.3767    
   6      0.1453530E-10 0.6751E-13  0.1456943E-10 0.2758E-13 0.3626    
   7      0.1441969E-10 0.6701E-13  0.1454812E-10 0.2550E-13  1.004    
   8      0.1448894E-10 0.6745E-13  0.1454077E-10 0.2386E-13 0.9573    
   9      0.1459028E-10 0.6770E-13  0.1454627E-10 0.2250E-13 0.8968    
  10      0.1447354E-10 0.6742E-13  0.1453905E-10 0.2134E-13 0.9134    
  11      0.1443648E-10 0.6734E-13  0.1452980E-10 0.2035E-13  1.031    
  12      0.1457863E-10 0.6763E-13  0.1453388E-10 0.1948E-13 0.9809    
  13      0.1450721E-10 0.6733E-13  0.1453183E-10 0.1872E-13 0.9114    
  14      0.1449872E-10 0.6744E-13  0.1452947E-10 0.1803E-13 0.8587    
  15      0.1445768E-10 0.6736E-13  0.1452471E-10 0.1742E-13 0.8730    
  16      0.1456681E-10 0.6742E-13  0.1452736E-10 0.1687E-13 0.8390    
  17      0.1453204E-10 0.6763E-13  0.1452763E-10 0.1636E-13 0.7868    
  18      0.1448884E-10 0.6745E-13  0.1452549E-10 0.1590E-13 0.7590    
  19      0.1443171E-10 0.6721E-13  0.1452058E-10 0.1548E-13 0.8186    
  20      0.1444819E-10 0.6692E-13  0.1451694E-10 0.1508E-13 0.8338    
   
   
 Integral Regular:   1.4516936146573004E-011 +-   1.5078233715645727E-014
 with chisq    =  0.83382365422392579     
  
  
  
 For xq =         4900 
  
 RM48 INITIALIZED:        40           0         0



 INPUT PARAMETERS FOR VEGAS:  NDIM=  4  NCALL=   19668992.
                              IT=    0  ITMX=   10
                              MDS= -1   ND=  28
   1      0.6316442E-11 0.4177E-12  0.6316442E-11 0.4177E-12  0.000    
   2      0.6450097E-11 0.1050E-12  0.6442464E-11 0.1009E-12 0.9451E-01
   3      0.6419292E-11 0.9232E-13  0.6429790E-11 0.6803E-13 0.6145E-01
   4      0.6478971E-11 0.9417E-13  0.6446942E-11 0.5508E-13 0.1011    
   5      0.6304679E-11 0.9357E-13  0.6411280E-11 0.4751E-13 0.4973    
   6      0.6433594E-11 0.9499E-13  0.6415789E-11 0.4248E-13 0.4060    
   7      0.6460284E-11 0.9459E-13  0.6423374E-11 0.3875E-13 0.3685    
   8      0.6370981E-11 0.9326E-13  0.6415741E-11 0.3579E-13 0.3544    
   9      0.6412511E-11 0.9398E-13  0.6415331E-11 0.3344E-13 0.3102    
  10      0.6666361E-11 0.9564E-13  0.6444687E-11 0.3156E-13 0.9995    



 INPUT PARAMETERS FOR VEGAS:  NDIM=  4  NCALL=  192119202.
                              IT=    0  ITMX=   20
                              MDS= -1   ND=  33
   1      0.6473566E-11 0.3021E-13  0.6473566E-11 0.3021E-13  0.000    
   2      0.6439675E-11 0.3009E-13  0.6456642E-11 0.2132E-13 0.6319    
   3      0.6453981E-11 0.3007E-13  0.6455752E-11 0.1739E-13 0.3186    
   4      0.6487766E-11 0.3031E-13  0.6463741E-11 0.1508E-13 0.4931    
   5      0.6447960E-11 0.2993E-13  0.6460556E-11 0.1347E-13 0.4255    
   6      0.6444898E-11 0.3004E-13  0.6457946E-11 0.1229E-13 0.3857    
   7      0.6487504E-11 0.3013E-13  0.6462196E-11 0.1138E-13 0.4594    
   8      0.6411982E-11 0.2993E-13  0.6455938E-11 0.1064E-13 0.7419    
   9      0.6427162E-11 0.2992E-13  0.6452735E-11 0.1002E-13 0.7517    
  10      0.6381837E-11 0.3000E-13  0.6445755E-11 0.9506E-14  1.218    
  11      0.6443992E-11 0.3000E-13  0.6445594E-11 0.9062E-14  1.097    
  12      0.6417640E-11 0.2997E-13  0.6443271E-11 0.8674E-14  1.070    
  13      0.6505532E-11 0.3030E-13  0.6448070E-11 0.8339E-14  1.310    
  14      0.6469628E-11 0.3015E-13  0.6449612E-11 0.8038E-14  1.245    
  15      0.6432658E-11 0.3005E-13  0.6448486E-11 0.7765E-14  1.178    
  16      0.6510855E-11 0.3030E-13  0.6452399E-11 0.7522E-14  1.367    
  17      0.6531252E-11 0.3029E-13  0.6457086E-11 0.7300E-14  1.688    
  18      0.6407187E-11 0.3018E-13  0.6454368E-11 0.7095E-14  1.740    
  19      0.6416084E-11 0.2997E-13  0.6452359E-11 0.6905E-14  1.729    
  20      0.6485757E-11 0.3022E-13  0.6454032E-11 0.6731E-14  1.699    
   
   
 Integral Regular:   6.4540323782444074E-012 +-   6.7311411138828717E-015
 with chisq    =   1.6987798783479289     
  
  
  
    xq         Integral Regular                 error
    100      0.352817764025030E-01      0.128118929285848E-04
    400      0.102099385766876E-03      0.614559047530530E-07
    700      0.758677140693487E-05      0.539349714539504E-08
   1000      0.126454529398372E-05      0.992134816817279E-09
   1300      0.305632434544681E-06      0.255501613173717E-09
   1600      0.912362649410515E-07      0.802825858996998E-10
   1900      0.310812827013428E-07      0.282585907628199E-10
   2200      0.115875039651973E-07      0.108846993427979E-10
   2500      0.461404467156486E-08      0.443095704126110E-11
   2800      0.191827176167495E-08      0.187103169357080E-11
   3100      0.822821905821861E-09      0.815345778582068E-12
   3400      0.361077925760378E-09      0.363376205617289E-12
   3700      0.160526672317401E-09      0.162844488132149E-12
   4000      0.718886065526606E-10      0.739193614418048E-13
   4300      0.322973406428027E-10      0.333760901780631E-13
   4600      0.145169361465730E-10      0.150782337156457E-13
   4900      0.645403237824441E-11      0.673114111388287E-14
Thanks for using LHAPDF 6.5.4. Please make sure to cite the paper:
  Eur.Phys.J. C75 (2015) 3, 132  (http://arxiv.org/abs/1412.7420)
