   100.00000000000000        1.3151782887341960E-006   2.4411447148873505E-008
   400.00000000000000        1.6075771828749814E-004   4.2481965315697826E-006
   700.00000000000000        5.0730226146514235E-004   1.3868721268878119E-005
   1000.0000000000000        8.8979232398254254E-004   2.3960881823705888E-005
   1300.0000000000000        1.1280927914896280E-003   3.1646503276905151E-005
   1600.0000000000000        1.4184129683417548E-003   3.6988717942649455E-005
   1900.0000000000000        1.6655428076462822E-003   4.1106652414815906E-005
   2200.0000000000000        1.9595554358928444E-003   4.8022697429868599E-005
   2500.0000000000000        6.8116240595779143E-003   2.3044631174017695E-004
  
 Writing data in the file  ../summary/run2_01/PK_actual_st1.dat                                                                
  
LHAPDF 6.5.4 loading /home/niraj/1TB-Disc/Workspace-IITG/Packages/Install/LHAPDF-6.5.4/install/share/LHAPDF/MMHT2014nlo68cl/MMHT2014nlo68cl_0000.dat
MMHT2014nlo68cl PDF set, member #0, version 3; LHAPDF ID = 25100
   
   
 ~~~~~~~~~~~~~~~~~~~~~~~~~~~~~~~~~~~~~~~~~~~~
     Calculating P and K terms
 ~~~~~~~~~~~~~~~~~~~~~~~~~~~~~~~~~~~~~~~~~~~~
   
   
   
 ~~~~~~~~~~~~~~~~~~~~~~~~~~~~~~~~~~~~~~~~~~~~
     Calculating [+] distribution
 ~~~~~~~~~~~~~~~~~~~~~~~~~~~~~~~~~~~~~~~~~~~~
   
 ~~~~~~~~~~~~~~~~~~~~~~~~~~~~~~~~~~~~~~~~
using vegas points:                   5.E+07
         iteration:                   10
 ~~~~~~~~~~~~~~~~~~~~~~~~~~~~~~~~~~~~~~~~
  
 For xq =          100 
  
   
   
 ~~~~~~~~~~~~~~~~~~~~~~~~~~~~~~~~~~~~~~~~~~~~
     Calculating PlusA distribution
 ~~~~~~~~~~~~~~~~~~~~~~~~~~~~~~~~~~~~~~~~~~~~
   
 RM48 INITIALIZED:        40           0         0



 INPUT PARAMETERS FOR VEGAS:  NDIM=  4  NCALL=   48020000.
                              IT=    0  ITMX=   10
                              MDS= -1   ND=  35
   1     -0.1125746E-03 0.8407E-05 -0.1125746E-03 0.8407E-05  0.000    
   2     -0.1147964E-03 0.3888E-06 -0.1147919E-03 0.3847E-06 0.6834E-01
   3     -0.1146543E-03 0.2278E-06 -0.1146896E-03 0.1953E-06 0.8126E-01
   4     -0.1150682E-03 0.2245E-06 -0.1148545E-03 0.1471E-06 0.5969    
   5     -0.1147072E-03 0.2065E-06 -0.1148046E-03 0.1197E-06 0.5316    
   6     -0.1150596E-03 0.2066E-06 -0.1148693E-03 0.1035E-06 0.6540    
   7     -0.1149839E-03 0.1970E-06 -0.1148943E-03 0.9163E-07 0.5887    
   8     -0.1151546E-03 0.1876E-06 -0.1149448E-03 0.8231E-07 0.7275    
   9     -0.1147866E-03 0.1865E-06 -0.1149190E-03 0.7529E-07 0.7119    
  10     -0.1148075E-03 0.1942E-06 -0.1149044E-03 0.7020E-07 0.6645    



 INPUT PARAMETERS FOR VEGAS:  NDIM=  4  NCALL=  457773282.
                              IT=    0  ITMX=   20
                              MDS= -1   ND=  41
   1     -0.1149500E-03 0.5482E-07 -0.1149500E-03 0.5482E-07  0.000    
   2     -0.1149096E-03 0.5473E-07 -0.1149298E-03 0.3873E-07 0.2720    
   3     -0.1148861E-03 0.5484E-07 -0.1149153E-03 0.3164E-07 0.3476    
   4     -0.1149612E-03 0.5475E-07 -0.1149268E-03 0.2739E-07 0.4075    
   5     -0.1149420E-03 0.5476E-07 -0.1149298E-03 0.2450E-07 0.3211    
   6     -0.1149208E-03 0.5474E-07 -0.1149283E-03 0.2236E-07 0.2615    
   7     -0.1150880E-03 0.5486E-07 -0.1149511E-03 0.2071E-07  1.431    
   8     -0.1149740E-03 0.5484E-07 -0.1149540E-03 0.1937E-07  1.249    
   9     -0.1148635E-03 0.5478E-07 -0.1149439E-03 0.1826E-07  1.396    
  10     -0.1149193E-03 0.5469E-07 -0.1149415E-03 0.1732E-07  1.261    
  11     -0.1150157E-03 0.5480E-07 -0.1149482E-03 0.1652E-07  1.302    
  12     -0.1148989E-03 0.5473E-07 -0.1149441E-03 0.1581E-07  1.251    
  13     -0.1149263E-03 0.5484E-07 -0.1149427E-03 0.1519E-07  1.155    
  14     -0.1149782E-03 0.5474E-07 -0.1149453E-03 0.1464E-07  1.096    
  15     -0.1149556E-03 0.5489E-07 -0.1149460E-03 0.1415E-07  1.020    
  16     -0.1149938E-03 0.5482E-07 -0.1149490E-03 0.1370E-07 0.9996    
  17     -0.1150810E-03 0.5491E-07 -0.1149567E-03 0.1329E-07  1.278    
  18     -0.1149520E-03 0.5482E-07 -0.1149565E-03 0.1292E-07  1.203    
  19     -0.1149909E-03 0.5480E-07 -0.1149583E-03 0.1257E-07  1.157    
  20     -0.1150536E-03 0.5484E-07 -0.1149630E-03 0.1225E-07  1.247    
   
   
 ~~~~~~~~~~~~~~~~~~~~~~~~~~~~~~~~~~~~~~~~~~~~
     Calculating PlusB distribution
 ~~~~~~~~~~~~~~~~~~~~~~~~~~~~~~~~~~~~~~~~~~~~
   
 RM48 INITIALIZED:        40           0         0



 INPUT PARAMETERS FOR VEGAS:  NDIM=  4  NCALL=   48020000.
                              IT=    0  ITMX=   10
                              MDS= -1   ND=  35
   1     -0.1144679E-03 0.8511E-05 -0.1144679E-03 0.8511E-05  0.000    
   2     -0.1164514E-03 0.3530E-06 -0.1164481E-03 0.3497E-06 0.5329E-01
   3     -0.1158330E-03 0.2656E-06 -0.1160571E-03 0.2113E-06  1.008    
   4     -0.1163586E-03 0.2299E-06 -0.1161961E-03 0.1554E-06 0.9815    
   5     -0.1162062E-03 0.2209E-06 -0.1161995E-03 0.1270E-06 0.7354    
   6     -0.1162513E-03 0.2035E-06 -0.1162141E-03 0.1077E-06 0.5970    
   7     -0.1163805E-03 0.1861E-06 -0.1162561E-03 0.9318E-07 0.5973    
   8     -0.1165107E-03 0.1813E-06 -0.1163097E-03 0.8284E-07 0.7356    
   9     -0.1163822E-03 0.1825E-06 -0.1163221E-03 0.7542E-07 0.6597    
  10     -0.1164139E-03 0.1918E-06 -0.1163345E-03 0.7018E-07 0.6082    



 INPUT PARAMETERS FOR VEGAS:  NDIM=  4  NCALL=  457773282.
                              IT=    0  ITMX=   20
                              MDS= -1   ND=  41
   1     -0.1163453E-03 0.5445E-07 -0.1163453E-03 0.5445E-07  0.000    
   2     -0.1162760E-03 0.5436E-07 -0.1163106E-03 0.3847E-07 0.8114    
   3     -0.1162234E-03 0.5436E-07 -0.1162816E-03 0.3140E-07  1.263    
   4     -0.1163624E-03 0.5444E-07 -0.1163018E-03 0.2720E-07  1.394    
   5     -0.1162457E-03 0.5430E-07 -0.1162905E-03 0.2432E-07  1.259    
   6     -0.1162581E-03 0.5441E-07 -0.1162851E-03 0.2220E-07  1.066    
   7     -0.1163209E-03 0.5429E-07 -0.1162903E-03 0.2055E-07 0.9502    
   8     -0.1162695E-03 0.5429E-07 -0.1162877E-03 0.1922E-07 0.8327    
   9     -0.1162776E-03 0.5446E-07 -0.1162866E-03 0.1812E-07 0.7324    
  10     -0.1162769E-03 0.5438E-07 -0.1162856E-03 0.1719E-07 0.6542    
  11     -0.1162646E-03 0.5432E-07 -0.1162837E-03 0.1639E-07 0.6024    
  12     -0.1161745E-03 0.5433E-07 -0.1162746E-03 0.1569E-07 0.8837    
  13     -0.1162774E-03 0.5439E-07 -0.1162748E-03 0.1508E-07 0.8102    
  14     -0.1162707E-03 0.5432E-07 -0.1162745E-03 0.1453E-07 0.7483    
  15     -0.1162246E-03 0.5441E-07 -0.1162712E-03 0.1404E-07 0.7510    
  16     -0.1162409E-03 0.5438E-07 -0.1162693E-03 0.1359E-07 0.7203    
  17     -0.1163539E-03 0.5445E-07 -0.1162743E-03 0.1319E-07 0.8176    
  18     -0.1163071E-03 0.5434E-07 -0.1162761E-03 0.1282E-07 0.7897    
  19     -0.1163116E-03 0.5436E-07 -0.1162780E-03 0.1247E-07 0.7683    
  20     -0.1162830E-03 0.5437E-07 -0.1162782E-03 0.1216E-07 0.7283    
   
   
 Integral Plus:   1.3151782887341960E-006 +-   0.0000000000000000     
 with chisq    =  0.72828262238577945     
  
  
  
 For xq =          400 
  
   
   
 ~~~~~~~~~~~~~~~~~~~~~~~~~~~~~~~~~~~~~~~~~~~~
     Calculating PlusA distribution
 ~~~~~~~~~~~~~~~~~~~~~~~~~~~~~~~~~~~~~~~~~~~~
   
 RM48 INITIALIZED:        40           0         0



 INPUT PARAMETERS FOR VEGAS:  NDIM=  4  NCALL=   48020000.
                              IT=    0  ITMX=   10
                              MDS= -1   ND=  35
   1     -0.9778545E-02 0.3643E-03 -0.9778545E-02 0.3643E-03  0.000    
   2     -0.9440271E-02 0.3864E-04 -0.9444305E-02 0.3911E-04 0.8818    
   3     -0.9452982E-02 0.3176E-04 -0.9449464E-02 0.2477E-04 0.4605    
   4     -0.9444447E-02 0.3113E-04 -0.9447548E-02 0.1941E-04 0.3141    
   5     -0.9468687E-02 0.3035E-04 -0.9453627E-02 0.1636E-04 0.3217    
   6     -0.9417030E-02 0.3067E-04 -0.9445653E-02 0.1445E-04 0.4770    
   7     -0.9479079E-02 0.3035E-04 -0.9451803E-02 0.1304E-04 0.5621    
   8     -0.9427093E-02 0.3008E-04 -0.9447940E-02 0.1197E-04 0.5630    
   9     -0.9413786E-02 0.3024E-04 -0.9443376E-02 0.1113E-04 0.6297    
  10     -0.9464277E-02 0.3053E-04 -0.9445822E-02 0.1046E-04 0.6057    



 INPUT PARAMETERS FOR VEGAS:  NDIM=  4  NCALL=  457773282.
                              IT=    0  ITMX=   20
                              MDS= -1   ND=  41
   1     -0.9431044E-02 0.9315E-05 -0.9431044E-02 0.9315E-05  0.000    
   2     -0.9441967E-02 0.9330E-05 -0.9436503E-02 0.6592E-05 0.6865    
   3     -0.9422443E-02 0.9308E-05 -0.9431817E-02 0.5380E-05  1.103    
   4     -0.9438183E-02 0.9329E-05 -0.9433407E-02 0.4660E-05 0.8514    
   5     -0.9438807E-02 0.9329E-05 -0.9434486E-02 0.4169E-05 0.7055    
   6     -0.9437391E-02 0.9330E-05 -0.9434970E-02 0.3806E-05 0.5805    
   7     -0.9451793E-02 0.9346E-05 -0.9437371E-02 0.3525E-05 0.9478    
   8     -0.9438324E-02 0.9318E-05 -0.9437490E-02 0.3297E-05 0.8137    
   9     -0.9430026E-02 0.9324E-05 -0.9436661E-02 0.3109E-05 0.7832    
  10     -0.9438617E-02 0.9320E-05 -0.9436857E-02 0.2949E-05 0.7006    
  11     -0.9436880E-02 0.9314E-05 -0.9436859E-02 0.2811E-05 0.6305    
  12     -0.9435987E-02 0.9331E-05 -0.9436787E-02 0.2692E-05 0.5739    
  13     -0.9425330E-02 0.9311E-05 -0.9435905E-02 0.2586E-05 0.6424    
  14     -0.9436434E-02 0.9326E-05 -0.9435943E-02 0.2492E-05 0.5932    
  15     -0.9431745E-02 0.9321E-05 -0.9435663E-02 0.2407E-05 0.5644    
  16     -0.9442594E-02 0.9339E-05 -0.9436095E-02 0.2331E-05 0.5612    
  17     -0.9443892E-02 0.9313E-05 -0.9436556E-02 0.2261E-05 0.5673    
  18     -0.9440275E-02 0.9332E-05 -0.9436762E-02 0.2198E-05 0.5428    
  19     -0.9437653E-02 0.9309E-05 -0.9436809E-02 0.2139E-05 0.5131    
  20     -0.9447247E-02 0.9333E-05 -0.9437331E-02 0.2085E-05 0.5487    
   
   
 ~~~~~~~~~~~~~~~~~~~~~~~~~~~~~~~~~~~~~~~~~~~~
     Calculating PlusB distribution
 ~~~~~~~~~~~~~~~~~~~~~~~~~~~~~~~~~~~~~~~~~~~~
   
 RM48 INITIALIZED:        40           0         0



 INPUT PARAMETERS FOR VEGAS:  NDIM=  4  NCALL=   48020000.
                              IT=    0  ITMX=   10
                              MDS= -1   ND=  35
   1     -0.9729035E-02 0.3606E-03 -0.9729035E-02 0.3606E-03  0.000    
   2     -0.9630934E-02 0.3743E-04 -0.9632000E-02 0.3741E-04 0.7395E-01
   3     -0.9496549E-02 0.3248E-04 -0.9556030E-02 0.2464E-04  3.760    
   4     -0.9550626E-02 0.3117E-04 -0.9553970E-02 0.1935E-04  2.522    
   5     -0.9593353E-02 0.3075E-04 -0.9565127E-02 0.1638E-04  2.185    
   6     -0.9634933E-02 0.3084E-04 -0.9580570E-02 0.1446E-04  2.549    
   7     -0.9594993E-02 0.3072E-04 -0.9583181E-02 0.1308E-04  2.155    
   8     -0.9618174E-02 0.3078E-04 -0.9588549E-02 0.1204E-04  2.003    
   9     -0.9600166E-02 0.3090E-04 -0.9590079E-02 0.1122E-04  1.768    
  10     -0.9591250E-02 0.3128E-04 -0.9590212E-02 0.1056E-04  1.573    



 INPUT PARAMETERS FOR VEGAS:  NDIM=  4  NCALL=  457773282.
                              IT=    0  ITMX=   20
                              MDS= -1   ND=  41
   1     -0.9597401E-02 0.9683E-05 -0.9597401E-02 0.9683E-05  0.000    
   2     -0.9600967E-02 0.9680E-05 -0.9599185E-02 0.6846E-05 0.6783E-01
   3     -0.9596741E-02 0.9655E-05 -0.9598368E-02 0.5584E-05 0.5524E-01
   4     -0.9586748E-02 0.9665E-05 -0.9595464E-02 0.4835E-05 0.3976    
   5     -0.9592484E-02 0.9669E-05 -0.9594868E-02 0.4325E-05 0.3173    
   6     -0.9617651E-02 0.9668E-05 -0.9598682E-02 0.3948E-05  1.182    
   7     -0.9596028E-02 0.9688E-05 -0.9598304E-02 0.3656E-05 0.9958    
   8     -0.9592982E-02 0.9672E-05 -0.9597640E-02 0.3420E-05 0.8915    
   9     -0.9615883E-02 0.9684E-05 -0.9599669E-02 0.3225E-05  1.175    
  10     -0.9593263E-02 0.9672E-05 -0.9599029E-02 0.3059E-05  1.089    
  11     -0.9591300E-02 0.9661E-05 -0.9598326E-02 0.2916E-05  1.038    
  12     -0.9600666E-02 0.9677E-05 -0.9598521E-02 0.2792E-05 0.9485    
  13     -0.9598689E-02 0.9675E-05 -0.9598534E-02 0.2683E-05 0.8695    
  14     -0.9600387E-02 0.9688E-05 -0.9598666E-02 0.2585E-05 0.8052    
  15     -0.9593543E-02 0.9684E-05 -0.9598325E-02 0.2498E-05 0.7664    
  16     -0.9593131E-02 0.9693E-05 -0.9598002E-02 0.2419E-05 0.7333    
  17     -0.9592593E-02 0.9657E-05 -0.9597683E-02 0.2346E-05 0.7059    
  18     -0.9592507E-02 0.9670E-05 -0.9597395E-02 0.2280E-05 0.6803    
  19     -0.9593152E-02 0.9660E-05 -0.9597172E-02 0.2219E-05 0.6527    
  20     -0.9615524E-02 0.9694E-05 -0.9598089E-02 0.2163E-05 0.7981    
   
   
 Integral Plus:   1.6075771828749814E-004 +-   0.0000000000000000     
 with chisq    =  0.79810309387490075     
  
  
  
 For xq =          700 
  
   
   
 ~~~~~~~~~~~~~~~~~~~~~~~~~~~~~~~~~~~~~~~~~~~~
     Calculating PlusA distribution
 ~~~~~~~~~~~~~~~~~~~~~~~~~~~~~~~~~~~~~~~~~~~~
   
 RM48 INITIALIZED:        40           0         0



 INPUT PARAMETERS FOR VEGAS:  NDIM=  4  NCALL=   48020000.
                              IT=    0  ITMX=   10
                              MDS= -1   ND=  35
   1     -0.2479428E-01 0.7568E-03 -0.2479428E-01 0.7568E-03  0.000    
   2     -0.2482479E-01 0.1236E-03 -0.2482400E-01 0.1219E-03 0.1582E-02
   3     -0.2472019E-01 0.1016E-03 -0.2476291E-01 0.7811E-04 0.2147    
   4     -0.2483518E-01 0.9884E-04 -0.2479077E-01 0.6127E-04 0.2529    
   5     -0.2475258E-01 0.9820E-04 -0.2478009E-01 0.5199E-04 0.2169    
   6     -0.2464032E-01 0.9720E-04 -0.2474929E-01 0.4586E-04 0.4932    
   7     -0.2470880E-01 0.9818E-04 -0.2474206E-01 0.4155E-04 0.4344    
   8     -0.2476101E-01 0.9823E-04 -0.2474494E-01 0.3827E-04 0.3768    
   9     -0.2485825E-01 0.9824E-04 -0.2475998E-01 0.3565E-04 0.4747    
  10     -0.2488165E-01 0.9899E-04 -0.2477406E-01 0.3354E-04 0.5713    



 INPUT PARAMETERS FOR VEGAS:  NDIM=  4  NCALL=  457773282.
                              IT=    0  ITMX=   20
                              MDS= -1   ND=  41
   1     -0.2476211E-01 0.3064E-04 -0.2476211E-01 0.3064E-04  0.000    
   2     -0.2470734E-01 0.3058E-04 -0.2473474E-01 0.2165E-04  1.601    
   3     -0.2469071E-01 0.3065E-04 -0.2472012E-01 0.1768E-04  1.489    
   4     -0.2472345E-01 0.3060E-04 -0.2472095E-01 0.1531E-04 0.9956    
   5     -0.2475359E-01 0.3067E-04 -0.2472748E-01 0.1370E-04 0.9734    
   6     -0.2476608E-01 0.3065E-04 -0.2473392E-01 0.1251E-04  1.043    
   7     -0.2477663E-01 0.3066E-04 -0.2474003E-01 0.1158E-04  1.147    
   8     -0.2476390E-01 0.3065E-04 -0.2474302E-01 0.1083E-04  1.059    
   9     -0.2472399E-01 0.3062E-04 -0.2474091E-01 0.1021E-04 0.9695    
  10     -0.2470947E-01 0.3062E-04 -0.2473777E-01 0.9687E-05 0.9671    
  11     -0.2478982E-01 0.3065E-04 -0.2474251E-01 0.9237E-05  1.133    
  12     -0.2473409E-01 0.3062E-04 -0.2474181E-01 0.8843E-05  1.037    
  13     -0.2473835E-01 0.3061E-04 -0.2474154E-01 0.8496E-05 0.9511    
  14     -0.2477322E-01 0.3063E-04 -0.2474381E-01 0.8187E-05 0.9544    
  15     -0.2471177E-01 0.3060E-04 -0.2474168E-01 0.7909E-05 0.9593    
  16     -0.2473423E-01 0.3065E-04 -0.2474121E-01 0.7658E-05 0.8990    
  17     -0.2479523E-01 0.3066E-04 -0.2474440E-01 0.7430E-05  1.026    
  18     -0.2474627E-01 0.3057E-04 -0.2474450E-01 0.7219E-05 0.9658    
  19     -0.2479075E-01 0.3071E-04 -0.2474693E-01 0.7028E-05  1.032    
  20     -0.2474512E-01 0.3062E-04 -0.2474684E-01 0.6850E-05 0.9776    
   
   
 ~~~~~~~~~~~~~~~~~~~~~~~~~~~~~~~~~~~~~~~~~~~~
     Calculating PlusB distribution
 ~~~~~~~~~~~~~~~~~~~~~~~~~~~~~~~~~~~~~~~~~~~~
   
 RM48 INITIALIZED:        40           0         0



 INPUT PARAMETERS FOR VEGAS:  NDIM=  4  NCALL=   48020000.
                              IT=    0  ITMX=   10
                              MDS= -1   ND=  35
   1     -0.2572658E-01 0.7676E-03 -0.2572658E-01 0.7676E-03  0.000    
   2     -0.2515740E-01 0.1225E-03 -0.2517218E-01 0.1223E-03 0.5476    
   3     -0.2524579E-01 0.1040E-03 -0.2521461E-01 0.7939E-04 0.3802    
   4     -0.2527063E-01 0.1011E-03 -0.2523587E-01 0.6247E-04 0.3171    
   5     -0.2527874E-01 0.9984E-04 -0.2524788E-01 0.5297E-04 0.2711    
   6     -0.2521029E-01 0.9925E-04 -0.2523961E-01 0.4674E-04 0.2394    
   7     -0.2518765E-01 0.9898E-04 -0.2523022E-01 0.4228E-04 0.2371    
   8     -0.2529848E-01 0.9933E-04 -0.2524069E-01 0.3890E-04 0.2604    
   9     -0.2518344E-01 0.9970E-04 -0.2523318E-01 0.3624E-04 0.2636    
  10     -0.2514886E-01 0.9984E-04 -0.2522346E-01 0.3407E-04 0.3040    



 INPUT PARAMETERS FOR VEGAS:  NDIM=  4  NCALL=  457773282.
                              IT=    0  ITMX=   20
                              MDS= -1   ND=  41
   1     -0.2525008E-01 0.3138E-04 -0.2525008E-01 0.3138E-04  0.000    
   2     -0.2529634E-01 0.3145E-04 -0.2527320E-01 0.2221E-04  1.084    
   3     -0.2521731E-01 0.3132E-04 -0.2525455E-01 0.1812E-04  1.600    
   4     -0.2530543E-01 0.3139E-04 -0.2526730E-01 0.1569E-04  1.724    
   5     -0.2526945E-01 0.3145E-04 -0.2526773E-01 0.1404E-04  1.294    
   6     -0.2521018E-01 0.3138E-04 -0.2525816E-01 0.1282E-04  1.595    
   7     -0.2526101E-01 0.3136E-04 -0.2525857E-01 0.1186E-04  1.330    
   8     -0.2524724E-01 0.3135E-04 -0.2525715E-01 0.1110E-04  1.156    
   9     -0.2523632E-01 0.3140E-04 -0.2525484E-01 0.1046E-04  1.061    
  10     -0.2523417E-01 0.3144E-04 -0.2525279E-01 0.9927E-05 0.9864    
  11     -0.2522092E-01 0.3135E-04 -0.2524989E-01 0.9464E-05 0.9816    
  12     -0.2527652E-01 0.3147E-04 -0.2525210E-01 0.9063E-05 0.9521    
  13     -0.2523006E-01 0.3134E-04 -0.2525040E-01 0.8706E-05 0.9108    
  14     -0.2524601E-01 0.3137E-04 -0.2525009E-01 0.8389E-05 0.8422    
  15     -0.2524516E-01 0.3142E-04 -0.2524976E-01 0.8105E-05 0.7837    
  16     -0.2527367E-01 0.3135E-04 -0.2525126E-01 0.7847E-05 0.7678    
  17     -0.2527305E-01 0.3141E-04 -0.2525254E-01 0.7613E-05 0.7481    
  18     -0.2528288E-01 0.3140E-04 -0.2525423E-01 0.7399E-05 0.7559    
  19     -0.2526066E-01 0.3139E-04 -0.2525457E-01 0.7201E-05 0.7161    
  20     -0.2524602E-01 0.3138E-04 -0.2525414E-01 0.7019E-05 0.6822    
   
   
 Integral Plus:   5.0730226146514235E-004 +-   0.0000000000000000     
 with chisq    =  0.68216398546123946     
  
  
  
 For xq =         1000 
  
   
   
 ~~~~~~~~~~~~~~~~~~~~~~~~~~~~~~~~~~~~~~~~~~~~
     Calculating PlusA distribution
 ~~~~~~~~~~~~~~~~~~~~~~~~~~~~~~~~~~~~~~~~~~~~
   
 RM48 INITIALIZED:        40           0         0



 INPUT PARAMETERS FOR VEGAS:  NDIM=  4  NCALL=   48020000.
                              IT=    0  ITMX=   10
                              MDS= -1   ND=  35
   1     -0.3820055E-01 0.1001E-02 -0.3820055E-01 0.1001E-02  0.000    
   2     -0.3766295E-01 0.2062E-03 -0.3768546E-01 0.2033E-03 0.2805    
   3     -0.3745641E-01 0.1712E-03 -0.3755285E-01 0.1314E-03 0.5119    
   4     -0.3740887E-01 0.1671E-03 -0.3749850E-01 0.1034E-03 0.4948    
   5     -0.3741358E-01 0.1654E-03 -0.3747488E-01 0.8773E-04 0.4192    
   6     -0.3783762E-01 0.1683E-03 -0.3755307E-01 0.7778E-04  1.070    
   7     -0.3750843E-01 0.1655E-03 -0.3754505E-01 0.7040E-04 0.9029    
   8     -0.3782846E-01 0.1678E-03 -0.3758783E-01 0.6491E-04  1.122    
   9     -0.3755356E-01 0.1671E-03 -0.3758336E-01 0.6051E-04 0.9870    
  10     -0.3761143E-01 0.1684E-03 -0.3758656E-01 0.5694E-04 0.8802    



 INPUT PARAMETERS FOR VEGAS:  NDIM=  4  NCALL=  457773282.
                              IT=    0  ITMX=   20
                              MDS= -1   ND=  41
   1     -0.3755434E-01 0.5257E-04 -0.3755434E-01 0.5257E-04  0.000    
   2     -0.3757674E-01 0.5261E-04 -0.3756554E-01 0.3719E-04 0.9065E-01
   3     -0.3756533E-01 0.5259E-04 -0.3756547E-01 0.3036E-04 0.4533E-01
   4     -0.3758016E-01 0.5269E-04 -0.3756913E-01 0.2631E-04 0.4968E-01
   5     -0.3757636E-01 0.5269E-04 -0.3757058E-01 0.2354E-04 0.4102E-01
   6     -0.3755461E-01 0.5266E-04 -0.3756792E-01 0.2149E-04 0.4814E-01
   7     -0.3760334E-01 0.5259E-04 -0.3757300E-01 0.1989E-04 0.1050    
   8     -0.3753338E-01 0.5254E-04 -0.3756804E-01 0.1860E-04 0.1609    
   9     -0.3758569E-01 0.5267E-04 -0.3757000E-01 0.1754E-04 0.1533    
  10     -0.3756007E-01 0.5269E-04 -0.3756901E-01 0.1664E-04 0.1398    
  11     -0.3760656E-01 0.5264E-04 -0.3757243E-01 0.1587E-04 0.1721    
  12     -0.3752586E-01 0.5263E-04 -0.3756856E-01 0.1519E-04 0.2216    
  13     -0.3762779E-01 0.5263E-04 -0.3757313E-01 0.1460E-04 0.3008    
  14     -0.3764667E-01 0.5265E-04 -0.3757839E-01 0.1407E-04 0.4174    
  15     -0.3767217E-01 0.5270E-04 -0.3758466E-01 0.1359E-04 0.5995    
  16     -0.3770548E-01 0.5275E-04 -0.3759223E-01 0.1316E-04 0.8891    
  17     -0.3753612E-01 0.5263E-04 -0.3758893E-01 0.1277E-04 0.9004    
  18     -0.3760345E-01 0.5268E-04 -0.3758974E-01 0.1241E-04 0.8516    
  19     -0.3758652E-01 0.5253E-04 -0.3758957E-01 0.1208E-04 0.8045    
  20     -0.3752126E-01 0.5260E-04 -0.3758616E-01 0.1177E-04 0.8463    
   
   
 ~~~~~~~~~~~~~~~~~~~~~~~~~~~~~~~~~~~~~~~~~~~~
     Calculating PlusB distribution
 ~~~~~~~~~~~~~~~~~~~~~~~~~~~~~~~~~~~~~~~~~~~~
   
 RM48 INITIALIZED:        40           0         0



 INPUT PARAMETERS FOR VEGAS:  NDIM=  4  NCALL=   48020000.
                              IT=    0  ITMX=   10
                              MDS= -1   ND=  35
   1     -0.3845093E-01 0.9957E-03 -0.3845093E-01 0.9957E-03  0.000    
   2     -0.3819511E-01 0.2097E-03 -0.3820611E-01 0.2058E-03 0.6360E-01
   3     -0.3810959E-01 0.1748E-03 -0.3815031E-01 0.1334E-03 0.9574E-01
   4     -0.3789957E-01 0.1694E-03 -0.3805540E-01 0.1049E-03 0.5118    
   5     -0.3867496E-01 0.1700E-03 -0.3822965E-01 0.8921E-04  2.820    
   6     -0.3852569E-01 0.1711E-03 -0.3829356E-01 0.7908E-04  2.725    
   7     -0.3876436E-01 0.1709E-03 -0.3837825E-01 0.7174E-04  3.322    
   8     -0.3872430E-01 0.1698E-03 -0.3843146E-01 0.6607E-04  3.351    
   9     -0.3839799E-01 0.1710E-03 -0.3842712E-01 0.6163E-04  2.937    
  10     -0.3861986E-01 0.1725E-03 -0.3844913E-01 0.5803E-04  2.732    



 INPUT PARAMETERS FOR VEGAS:  NDIM=  4  NCALL=  457773282.
                              IT=    0  ITMX=   20
                              MDS= -1   ND=  41
   1     -0.3849037E-01 0.5454E-04 -0.3849037E-01 0.5454E-04  0.000    
   2     -0.3848846E-01 0.5448E-04 -0.3848941E-01 0.3854E-04 0.6092E-03
   3     -0.3859046E-01 0.5457E-04 -0.3852316E-01 0.3148E-04  1.146    
   4     -0.3855883E-01 0.5459E-04 -0.3853207E-01 0.2727E-04 0.8705    
   5     -0.3843892E-01 0.5445E-04 -0.3851346E-01 0.2439E-04  1.237    
   6     -0.3848819E-01 0.5451E-04 -0.3850925E-01 0.2226E-04  1.025    
   7     -0.3847667E-01 0.5453E-04 -0.3850461E-01 0.2061E-04 0.9057    
   8     -0.3844024E-01 0.5450E-04 -0.3849658E-01 0.1928E-04 0.9505    
   9     -0.3844161E-01 0.5454E-04 -0.3849049E-01 0.1817E-04 0.9446    
  10     -0.3847180E-01 0.5457E-04 -0.3848863E-01 0.1724E-04 0.8514    
  11     -0.3850499E-01 0.5453E-04 -0.3849011E-01 0.1644E-04 0.7744    
  12     -0.3843289E-01 0.5459E-04 -0.3848537E-01 0.1574E-04 0.7955    
  13     -0.3843916E-01 0.5447E-04 -0.3848181E-01 0.1512E-04 0.7846    
  14     -0.3846179E-01 0.5450E-04 -0.3848038E-01 0.1457E-04 0.7339    
  15     -0.3852744E-01 0.5457E-04 -0.3848352E-01 0.1408E-04 0.7311    
  16     -0.3843819E-01 0.5446E-04 -0.3848069E-01 0.1363E-04 0.7256    
  17     -0.3843994E-01 0.5448E-04 -0.3847829E-01 0.1322E-04 0.7132    
  18     -0.3842840E-01 0.5448E-04 -0.3847552E-01 0.1285E-04 0.7179    
  19     -0.3841283E-01 0.5449E-04 -0.3847223E-01 0.1251E-04 0.7476    
  20     -0.3854642E-01 0.5453E-04 -0.3847595E-01 0.1219E-04 0.8009    
   
   
 Integral Plus:   8.8979232398254254E-004 +-   0.0000000000000000     
 with chisq    =  0.80093928664707137     
  
  
  
 For xq =         1300 
  
   
   
 ~~~~~~~~~~~~~~~~~~~~~~~~~~~~~~~~~~~~~~~~~~~~
     Calculating PlusA distribution
 ~~~~~~~~~~~~~~~~~~~~~~~~~~~~~~~~~~~~~~~~~~~~
   
 RM48 INITIALIZED:        40           0         0



 INPUT PARAMETERS FOR VEGAS:  NDIM=  4  NCALL=   48020000.
                              IT=    0  ITMX=   10
                              MDS= -1   ND=  35
   1     -0.4438156E-01 0.1098E-02 -0.4438156E-01 0.1098E-02  0.000    
   2     -0.4579570E-01 0.2637E-03 -0.4572298E-01 0.2529E-03  1.525    
   3     -0.4591425E-01 0.2249E-03 -0.4583149E-01 0.1674E-03 0.9134    
   4     -0.4577357E-01 0.2196E-03 -0.4580997E-01 0.1330E-03 0.6210    
   5     -0.4605833E-01 0.2196E-03 -0.4587787E-01 0.1137E-03 0.7005    
   6     -0.4548643E-01 0.2178E-03 -0.4579439E-01 0.1008E-03  1.067    
   7     -0.4598688E-01 0.2192E-03 -0.4582847E-01 0.9154E-04 0.9943    
   8     -0.4599103E-01 0.2194E-03 -0.4585291E-01 0.8446E-04 0.9182    
   9     -0.4585102E-01 0.2193E-03 -0.4585266E-01 0.7881E-04 0.8027    
  10     -0.4579929E-01 0.2222E-03 -0.4584667E-01 0.7428E-04 0.7189    



 INPUT PARAMETERS FOR VEGAS:  NDIM=  4  NCALL=  457773282.
                              IT=    0  ITMX=   20
                              MDS= -1   ND=  41
   1     -0.4583288E-01 0.6989E-04 -0.4583288E-01 0.6989E-04  0.000    
   2     -0.4598056E-01 0.7010E-04 -0.4590673E-01 0.4949E-04  2.226    
   3     -0.4582452E-01 0.6997E-04 -0.4587938E-01 0.4041E-04  1.574    
   4     -0.4598839E-01 0.6992E-04 -0.4590677E-01 0.3499E-04  1.657    
   5     -0.4588177E-01 0.6992E-04 -0.4590177E-01 0.3129E-04  1.268    
   6     -0.4604380E-01 0.7012E-04 -0.4592547E-01 0.2857E-04  1.701    
   7     -0.4591350E-01 0.6997E-04 -0.4592376E-01 0.2645E-04  1.422    
   8     -0.4595770E-01 0.7006E-04 -0.4592800E-01 0.2475E-04  1.248    
   9     -0.4602212E-01 0.7008E-04 -0.4593847E-01 0.2333E-04  1.292    
  10     -0.4595449E-01 0.6995E-04 -0.4594008E-01 0.2214E-04  1.154    
  11     -0.4587774E-01 0.7002E-04 -0.4593443E-01 0.2111E-04  1.111    
  12     -0.4593299E-01 0.6989E-04 -0.4593431E-01 0.2020E-04  1.010    
  13     -0.4590846E-01 0.6991E-04 -0.4593232E-01 0.1941E-04 0.9362    
  14     -0.4602145E-01 0.7013E-04 -0.4593868E-01 0.1871E-04 0.9797    
  15     -0.4588579E-01 0.6994E-04 -0.4593516E-01 0.1807E-04 0.9479    
  16     -0.4582705E-01 0.6994E-04 -0.4592842E-01 0.1750E-04  1.034    
  17     -0.4583932E-01 0.6999E-04 -0.4592320E-01 0.1697E-04  1.064    
  18     -0.4602748E-01 0.7010E-04 -0.4592900E-01 0.1650E-04  1.125    
  19     -0.4589048E-01 0.6996E-04 -0.4592698E-01 0.1606E-04  1.078    
  20     -0.4594360E-01 0.6990E-04 -0.4592781E-01 0.1565E-04  1.024    
   
   
 ~~~~~~~~~~~~~~~~~~~~~~~~~~~~~~~~~~~~~~~~~~~~
     Calculating PlusB distribution
 ~~~~~~~~~~~~~~~~~~~~~~~~~~~~~~~~~~~~~~~~~~~~
   
 RM48 INITIALIZED:        40           0         0



 INPUT PARAMETERS FOR VEGAS:  NDIM=  4  NCALL=   48020000.
                              IT=    0  ITMX=   10
                              MDS= -1   ND=  35
   1     -0.4750612E-01 0.1125E-02 -0.4750612E-01 0.1125E-02  0.000    
   2     -0.4714150E-01 0.2718E-03 -0.4716189E-01 0.2651E-03 0.9990E-01
   3     -0.4699340E-01 0.2302E-03 -0.4706641E-01 0.1741E-03 0.1652    
   4     -0.4700690E-01 0.2256E-03 -0.4704433E-01 0.1379E-03 0.1249    
   5     -0.4660103E-01 0.2214E-03 -0.4692255E-01 0.1172E-03 0.8071    
   6     -0.4703890E-01 0.2227E-03 -0.4694778E-01 0.1037E-03 0.6884    
   7     -0.4751278E-01 0.2258E-03 -0.4704780E-01 0.9420E-04  1.446    
   8     -0.4703530E-01 0.2213E-03 -0.4704588E-01 0.8668E-04  1.240    
   9     -0.4689170E-01 0.2252E-03 -0.4702615E-01 0.8090E-04  1.137    
  10     -0.4680250E-01 0.2251E-03 -0.4700083E-01 0.7614E-04  1.108    



 INPUT PARAMETERS FOR VEGAS:  NDIM=  4  NCALL=  457773282.
                              IT=    0  ITMX=   20
                              MDS= -1   ND=  41
   1     -0.4710199E-01 0.7152E-04 -0.4710199E-01 0.7152E-04  0.000    
   2     -0.4694887E-01 0.7141E-04 -0.4702556E-01 0.5054E-04  2.295    
   3     -0.4715755E-01 0.7166E-04 -0.4706957E-01 0.4130E-04  2.280    
   4     -0.4707918E-01 0.7165E-04 -0.4707197E-01 0.3578E-04  1.525    
   5     -0.4705926E-01 0.7159E-04 -0.4706943E-01 0.3201E-04  1.150    
   6     -0.4705820E-01 0.7159E-04 -0.4706756E-01 0.2922E-04 0.9241    
   7     -0.4712675E-01 0.7162E-04 -0.4707602E-01 0.2705E-04 0.8676    
   8     -0.4706603E-01 0.7155E-04 -0.4707477E-01 0.2530E-04 0.7461    
   9     -0.4708751E-01 0.7153E-04 -0.4707619E-01 0.2386E-04 0.6563    
  10     -0.4707200E-01 0.7156E-04 -0.4707577E-01 0.2263E-04 0.5838    
  11     -0.4704254E-01 0.7152E-04 -0.4707275E-01 0.2158E-04 0.5451    
  12     -0.4708061E-01 0.7162E-04 -0.4707341E-01 0.2066E-04 0.4965    
  13     -0.4693603E-01 0.7147E-04 -0.4706287E-01 0.1985E-04 0.7381    
  14     -0.4695514E-01 0.7146E-04 -0.4705518E-01 0.1912E-04 0.8432    
  15     -0.4698876E-01 0.7136E-04 -0.4705075E-01 0.1847E-04 0.8408    
  16     -0.4707114E-01 0.7155E-04 -0.4705202E-01 0.1789E-04 0.7897    
  17     -0.4704639E-01 0.7151E-04 -0.4705169E-01 0.1735E-04 0.7408    
  18     -0.4704393E-01 0.7156E-04 -0.4705126E-01 0.1686E-04 0.6979    
  19     -0.4717206E-01 0.7152E-04 -0.4705765E-01 0.1641E-04 0.8097    
  20     -0.4702263E-01 0.7153E-04 -0.4705590E-01 0.1600E-04 0.7791    
   
   
 Integral Plus:   1.1280927914896280E-003 +-   0.0000000000000000     
 with chisq    =  0.77914401208307738     
  
  
  
 For xq =         1600 
  
   
   
 ~~~~~~~~~~~~~~~~~~~~~~~~~~~~~~~~~~~~~~~~~~~~
     Calculating PlusA distribution
 ~~~~~~~~~~~~~~~~~~~~~~~~~~~~~~~~~~~~~~~~~~~~
   
 RM48 INITIALIZED:        40           0         0



 INPUT PARAMETERS FOR VEGAS:  NDIM=  4  NCALL=   48020000.
                              IT=    0  ITMX=   10
                              MDS= -1   ND=  35
   1     -0.4939668E-01 0.1134E-02 -0.4939668E-01 0.1134E-02  0.000    
   2     -0.5069459E-01 0.3026E-03 -0.5061248E-01 0.2891E-03  1.194    
   3     -0.5034113E-01 0.2594E-03 -0.5046139E-01 0.1928E-03 0.8391    
   4     -0.5059432E-01 0.2551E-03 -0.5051027E-01 0.1537E-03 0.6149    
   5     -0.5039372E-01 0.2535E-03 -0.5047882E-01 0.1314E-03 0.4994    
   6     -0.5048321E-01 0.2530E-03 -0.5047976E-01 0.1166E-03 0.3991    
   7     -0.5089446E-01 0.2569E-03 -0.5055193E-01 0.1061E-03 0.6972    
   8     -0.5091914E-01 0.2557E-03 -0.5060686E-01 0.9800E-04 0.8512    
   9     -0.5045216E-01 0.2556E-03 -0.5058704E-01 0.9151E-04 0.7847    
  10     -0.5053780E-01 0.2587E-03 -0.5058155E-01 0.8627E-04 0.7009    



 INPUT PARAMETERS FOR VEGAS:  NDIM=  4  NCALL=  457773282.
                              IT=    0  ITMX=   20
                              MDS= -1   ND=  41
   1     -0.5046169E-01 0.8176E-04 -0.5046169E-01 0.8176E-04  0.000    
   2     -0.5062982E-01 0.8199E-04 -0.5054580E-01 0.5789E-04  2.108    
   3     -0.5055085E-01 0.8184E-04 -0.5054748E-01 0.4726E-04  1.055    
   4     -0.5061994E-01 0.8180E-04 -0.5056566E-01 0.4092E-04 0.8994    
   5     -0.5070545E-01 0.8179E-04 -0.5059377E-01 0.3660E-04  1.260    
   6     -0.5070567E-01 0.8190E-04 -0.5061246E-01 0.3341E-04  1.319    
   7     -0.5049077E-01 0.8174E-04 -0.5059511E-01 0.3093E-04  1.416    
   8     -0.5068362E-01 0.8181E-04 -0.5060621E-01 0.2893E-04  1.359    
   9     -0.5058688E-01 0.8176E-04 -0.5060406E-01 0.2727E-04  1.196    
  10     -0.5052168E-01 0.8169E-04 -0.5059582E-01 0.2587E-04  1.165    
  11     -0.5068560E-01 0.8199E-04 -0.5060398E-01 0.2467E-04  1.157    
  12     -0.5072000E-01 0.8189E-04 -0.5061367E-01 0.2362E-04  1.220    
  13     -0.5063378E-01 0.8193E-04 -0.5061522E-01 0.2270E-04  1.123    
  14     -0.5072482E-01 0.8193E-04 -0.5062306E-01 0.2187E-04  1.164    
  15     -0.5065323E-01 0.8185E-04 -0.5062507E-01 0.2113E-04  1.090    
  16     -0.5066647E-01 0.8192E-04 -0.5062766E-01 0.2046E-04  1.033    
  17     -0.5063021E-01 0.8194E-04 -0.5062781E-01 0.1985E-04 0.9687    
  18     -0.5067221E-01 0.8181E-04 -0.5063028E-01 0.1929E-04 0.9280    
  19     -0.5051413E-01 0.8160E-04 -0.5062416E-01 0.1878E-04 0.9828    
  20     -0.5065817E-01 0.8185E-04 -0.5062586E-01 0.1830E-04 0.9397    
   
   
 ~~~~~~~~~~~~~~~~~~~~~~~~~~~~~~~~~~~~~~~~~~~~
     Calculating PlusB distribution
 ~~~~~~~~~~~~~~~~~~~~~~~~~~~~~~~~~~~~~~~~~~~~
   
 RM48 INITIALIZED:        40           0         0



 INPUT PARAMETERS FOR VEGAS:  NDIM=  4  NCALL=   48020000.
                              IT=    0  ITMX=   10
                              MDS= -1   ND=  35
   1     -0.5062484E-01 0.1139E-02 -0.5062484E-01 0.1139E-02  0.000    
   2     -0.5224688E-01 0.3109E-03 -0.5214076E-01 0.2959E-03  1.837    
   3     -0.5215249E-01 0.2680E-03 -0.5214729E-01 0.1981E-03 0.9104    
   4     -0.5155731E-01 0.2613E-03 -0.5193265E-01 0.1579E-03  1.685    
   5     -0.5220021E-01 0.2613E-03 -0.5200532E-01 0.1350E-03  1.453    
   6     -0.5187598E-01 0.2605E-03 -0.5197782E-01 0.1199E-03  1.200    
   7     -0.5201899E-01 0.2617E-03 -0.5198502E-01 0.1090E-03  1.002    
   8     -0.5196194E-01 0.2616E-03 -0.5198159E-01 0.1006E-03 0.8594    
   9     -0.5191840E-01 0.2620E-03 -0.5197345E-01 0.9390E-04 0.7581    
  10     -0.5186173E-01 0.2634E-03 -0.5196084E-01 0.8844E-04 0.6915    



 INPUT PARAMETERS FOR VEGAS:  NDIM=  4  NCALL=  457773282.
                              IT=    0  ITMX=   20
                              MDS= -1   ND=  41
   1     -0.5189577E-01 0.8336E-04 -0.5189577E-01 0.8336E-04  0.000    
   2     -0.5198431E-01 0.8360E-04 -0.5193999E-01 0.5903E-04 0.5625    
   3     -0.5207085E-01 0.8366E-04 -0.5198363E-01 0.4823E-04  1.099    
   4     -0.5203043E-01 0.8359E-04 -0.5199534E-01 0.4178E-04 0.8108    
   5     -0.5202306E-01 0.8357E-04 -0.5200089E-01 0.3737E-04 0.6300    
   6     -0.5204370E-01 0.8362E-04 -0.5200802E-01 0.3412E-04 0.5476    
   7     -0.5205306E-01 0.8364E-04 -0.5201446E-01 0.3159E-04 0.4977    
   8     -0.5204093E-01 0.8351E-04 -0.5201777E-01 0.2955E-04 0.4391    
   9     -0.5193798E-01 0.8341E-04 -0.5200890E-01 0.2785E-04 0.4858    
  10     -0.5216040E-01 0.8375E-04 -0.5202406E-01 0.2643E-04 0.7604    
  11     -0.5206127E-01 0.8365E-04 -0.5202744E-01 0.2520E-04 0.7023    
  12     -0.5202413E-01 0.8350E-04 -0.5202717E-01 0.2412E-04 0.6386    
  13     -0.5195189E-01 0.8361E-04 -0.5202140E-01 0.2318E-04 0.6477    
  14     -0.5210099E-01 0.8365E-04 -0.5202709E-01 0.2234E-04 0.6626    
  15     -0.5196803E-01 0.8339E-04 -0.5202314E-01 0.2158E-04 0.6488    
  16     -0.5203481E-01 0.8355E-04 -0.5202387E-01 0.2089E-04 0.6067    
  17     -0.5221668E-01 0.8379E-04 -0.5203524E-01 0.2027E-04 0.8821    
  18     -0.5207744E-01 0.8351E-04 -0.5203759E-01 0.1970E-04 0.8444    
  19     -0.5213243E-01 0.8361E-04 -0.5204259E-01 0.1917E-04 0.8652    
  20     -0.5207625E-01 0.8363E-04 -0.5204428E-01 0.1869E-04 0.8278    
   
   
 Integral Plus:   1.4184129683417548E-003 +-   0.0000000000000000     
 with chisq    =  0.82776359203311600     
  
  
  
 For xq =         1900 
  
   
   
 ~~~~~~~~~~~~~~~~~~~~~~~~~~~~~~~~~~~~~~~~~~~~
     Calculating PlusA distribution
 ~~~~~~~~~~~~~~~~~~~~~~~~~~~~~~~~~~~~~~~~~~~~
   
 RM48 INITIALIZED:        40           0         0



 INPUT PARAMETERS FOR VEGAS:  NDIM=  4  NCALL=   48020000.
                              IT=    0  ITMX=   10
                              MDS= -1   ND=  35
   1     -0.5423044E-01 0.1178E-02 -0.5423044E-01 0.1178E-02  0.000    
   2     -0.5413152E-01 0.3261E-03 -0.5413858E-01 0.3146E-03 0.6561E-02
   3     -0.5381982E-01 0.2866E-03 -0.5396550E-01 0.2122E-03 0.2833    
   4     -0.5402949E-01 0.2835E-03 -0.5398845E-01 0.1699E-03 0.1998    
   5     -0.5394913E-01 0.2821E-03 -0.5397802E-01 0.1456E-03 0.1535    
   6     -0.5355564E-01 0.2797E-03 -0.5388924E-01 0.1292E-03 0.4782    
   7     -0.5434715E-01 0.2838E-03 -0.5396877E-01 0.1175E-03 0.7607    
   8     -0.5380176E-01 0.2822E-03 -0.5394424E-01 0.1085E-03 0.6951    
   9     -0.5366382E-01 0.2823E-03 -0.5390851E-01 0.1013E-03 0.7155    
  10     -0.5385952E-01 0.2844E-03 -0.5390301E-01 0.9542E-04 0.6391    



 INPUT PARAMETERS FOR VEGAS:  NDIM=  4  NCALL=  457773282.
                              IT=    0  ITMX=   20
                              MDS= -1   ND=  41
   1     -0.5404044E-01 0.9038E-04 -0.5404044E-01 0.9038E-04  0.000    
   2     -0.5405321E-01 0.9060E-04 -0.5404681E-01 0.6399E-04 0.9961E-02
   3     -0.5405329E-01 0.9070E-04 -0.5404897E-01 0.5229E-04 0.6680E-02
   4     -0.5416881E-01 0.9060E-04 -0.5407901E-01 0.4529E-04 0.4430    
   5     -0.5406266E-01 0.9062E-04 -0.5407574E-01 0.4051E-04 0.3388    
   6     -0.5420533E-01 0.9082E-04 -0.5409733E-01 0.3700E-04 0.6115    
   7     -0.5415340E-01 0.9070E-04 -0.5410534E-01 0.3426E-04 0.5641    
   8     -0.5397313E-01 0.9028E-04 -0.5408877E-01 0.3203E-04 0.7507    
   9     -0.5426011E-01 0.9071E-04 -0.5410787E-01 0.3020E-04  1.055    
  10     -0.5414317E-01 0.9074E-04 -0.5411140E-01 0.2866E-04 0.9527    
  11     -0.5397728E-01 0.9059E-04 -0.5409925E-01 0.2732E-04  1.056    
  12     -0.5406559E-01 0.9039E-04 -0.5409644E-01 0.2615E-04 0.9718    
  13     -0.5408709E-01 0.9075E-04 -0.5409572E-01 0.2513E-04 0.8917    
  14     -0.5416226E-01 0.9050E-04 -0.5410049E-01 0.2421E-04 0.8616    
  15     -0.5409015E-01 0.9056E-04 -0.5409980E-01 0.2339E-04 0.8010    
  16     -0.5399109E-01 0.9048E-04 -0.5409302E-01 0.2265E-04 0.8377    
  17     -0.5404939E-01 0.9059E-04 -0.5409046E-01 0.2197E-04 0.7990    
  18     -0.5404885E-01 0.9036E-04 -0.5408814E-01 0.2135E-04 0.7638    
  19     -0.5397829E-01 0.9044E-04 -0.5408236E-01 0.2078E-04 0.7989    
  20     -0.5404071E-01 0.9046E-04 -0.5408028E-01 0.2025E-04 0.7675    
   
   
 ~~~~~~~~~~~~~~~~~~~~~~~~~~~~~~~~~~~~~~~~~~~~
     Calculating PlusB distribution
 ~~~~~~~~~~~~~~~~~~~~~~~~~~~~~~~~~~~~~~~~~~~~
   
 RM48 INITIALIZED:        40           0         0



 INPUT PARAMETERS FOR VEGAS:  NDIM=  4  NCALL=   48020000.
                              IT=    0  ITMX=   10
                              MDS= -1   ND=  35
   1     -0.5494422E-01 0.1175E-02 -0.5494422E-01 0.1175E-02  0.000    
   2     -0.5600752E-01 0.3381E-03 -0.5592906E-01 0.3223E-03 0.7440    
   3     -0.5526760E-01 0.2955E-03 -0.5557092E-01 0.2180E-03  1.516    
   4     -0.5590103E-01 0.2918E-03 -0.5569051E-01 0.1744E-03  1.282    
   5     -0.5546173E-01 0.2875E-03 -0.5562907E-01 0.1492E-03  1.078    
   6     -0.5563634E-01 0.2883E-03 -0.5563061E-01 0.1325E-03 0.8616    
   7     -0.5503883E-01 0.2896E-03 -0.5552972E-01 0.1205E-03  1.288    
   8     -0.5569988E-01 0.2899E-03 -0.5555496E-01 0.1113E-03  1.145    
   9     -0.5587311E-01 0.2917E-03 -0.5559584E-01 0.1039E-03  1.132    
  10     -0.5567515E-01 0.2918E-03 -0.5560481E-01 0.9791E-04  1.013    



 INPUT PARAMETERS FOR VEGAS:  NDIM=  4  NCALL=  457773282.
                              IT=    0  ITMX=   20
                              MDS= -1   ND=  41
   1     -0.5565236E-01 0.9315E-04 -0.5565236E-01 0.9315E-04  0.000    
   2     -0.5568647E-01 0.9318E-04 -0.5566942E-01 0.6588E-04 0.6703E-01
   3     -0.5580356E-01 0.9344E-04 -0.5571410E-01 0.5384E-04 0.7229    
   4     -0.5562965E-01 0.9311E-04 -0.5569299E-01 0.4661E-04 0.6875    
   5     -0.5569990E-01 0.9311E-04 -0.5569437E-01 0.4168E-04 0.5167    
   6     -0.5578750E-01 0.9338E-04 -0.5570989E-01 0.3806E-04 0.5794    
   7     -0.5586531E-01 0.9347E-04 -0.5573210E-01 0.3525E-04 0.8793    
   8     -0.5565532E-01 0.9306E-04 -0.5572249E-01 0.3296E-04 0.8388    
   9     -0.5582227E-01 0.9350E-04 -0.5573356E-01 0.3109E-04 0.8606    
  10     -0.5581691E-01 0.9353E-04 -0.5574187E-01 0.2950E-04 0.8444    
  11     -0.5572938E-01 0.9328E-04 -0.5574074E-01 0.2813E-04 0.7616    
  12     -0.5577427E-01 0.9337E-04 -0.5574353E-01 0.2693E-04 0.7031    
  13     -0.5557154E-01 0.9325E-04 -0.5573036E-01 0.2588E-04 0.9051    
  14     -0.5571697E-01 0.9313E-04 -0.5572940E-01 0.2493E-04 0.8370    
  15     -0.5591762E-01 0.9330E-04 -0.5574202E-01 0.2409E-04  1.050    
  16     -0.5565106E-01 0.9313E-04 -0.5573634E-01 0.2332E-04  1.039    
  17     -0.5574820E-01 0.9332E-04 -0.5573704E-01 0.2262E-04 0.9754    
  18     -0.5580290E-01 0.9320E-04 -0.5574071E-01 0.2198E-04 0.9457    
  19     -0.5586727E-01 0.9335E-04 -0.5574739E-01 0.2140E-04 0.9901    
  20     -0.5571607E-01 0.9315E-04 -0.5574582E-01 0.2086E-04 0.9437    
   
   
 Integral Plus:   1.6655428076462822E-003 +-   0.0000000000000000     
 with chisq    =  0.94366504443073118     
  
  
  
 For xq =         2200 
  
   
   
 ~~~~~~~~~~~~~~~~~~~~~~~~~~~~~~~~~~~~~~~~~~~~
     Calculating PlusA distribution
 ~~~~~~~~~~~~~~~~~~~~~~~~~~~~~~~~~~~~~~~~~~~~
   
 RM48 INITIALIZED:        40           0         0



 INPUT PARAMETERS FOR VEGAS:  NDIM=  4  NCALL=   48020000.
                              IT=    0  ITMX=   10
                              MDS= -1   ND=  35
   1     -0.6042017E-01 0.1296E-02 -0.6042017E-01 0.1296E-02  0.000    
   2     -0.6155219E-01 0.3791E-03 -0.6146596E-01 0.3611E-03 0.6917    
   3     -0.6132367E-01 0.3359E-03 -0.6138929E-01 0.2457E-03 0.3863    
   4     -0.6083134E-01 0.3295E-03 -0.6119112E-01 0.1970E-03 0.8702    
   5     -0.6086321E-01 0.3279E-03 -0.6110449E-01 0.1689E-03 0.8365    
   6     -0.6109086E-01 0.3271E-03 -0.6110161E-01 0.1501E-03 0.6691    
   7     -0.6144005E-01 0.3323E-03 -0.6115961E-01 0.1368E-03 0.7014    
   8     -0.6153773E-01 0.3307E-03 -0.6121554E-01 0.1264E-03 0.7613    
   9     -0.6156800E-01 0.3338E-03 -0.6126028E-01 0.1182E-03 0.7883    
  10     -0.6088359E-01 0.3361E-03 -0.6121920E-01 0.1115E-03 0.8247    



 INPUT PARAMETERS FOR VEGAS:  NDIM=  4  NCALL=  457773282.
                              IT=    0  ITMX=   20
                              MDS= -1   ND=  41
   1     -0.6127020E-01 0.1063E-03 -0.6127020E-01 0.1063E-03  0.000    
   2     -0.6116033E-01 0.1062E-03 -0.6121531E-01 0.7512E-04 0.5348    
   3     -0.6106977E-01 0.1062E-03 -0.6116695E-01 0.6133E-04 0.8925    
   4     -0.6121160E-01 0.1065E-03 -0.6117809E-01 0.5314E-04 0.6388    
   5     -0.6139170E-01 0.1065E-03 -0.6122093E-01 0.4755E-04  1.287    
   6     -0.6121429E-01 0.1063E-03 -0.6121982E-01 0.4341E-04  1.031    
   7     -0.6103399E-01 0.1062E-03 -0.6119334E-01 0.4018E-04  1.295    
   8     -0.6132845E-01 0.1064E-03 -0.6121027E-01 0.3759E-04  1.312    
   9     -0.6136886E-01 0.1065E-03 -0.6122791E-01 0.3544E-04  1.395    
  10     -0.6133611E-01 0.1065E-03 -0.6123873E-01 0.3363E-04  1.343    
  11     -0.6105432E-01 0.1062E-03 -0.6122201E-01 0.3206E-04  1.482    
  12     -0.6123401E-01 0.1066E-03 -0.6122301E-01 0.3070E-04  1.348    
  13     -0.6114608E-01 0.1061E-03 -0.6121708E-01 0.2949E-04  1.276    
  14     -0.6129556E-01 0.1063E-03 -0.6122270E-01 0.2842E-04  1.217    
  15     -0.6114628E-01 0.1062E-03 -0.6121760E-01 0.2745E-04  1.165    
  16     -0.6120107E-01 0.1063E-03 -0.6121657E-01 0.2658E-04  1.089    
  17     -0.6121131E-01 0.1063E-03 -0.6121626E-01 0.2579E-04  1.021    
  18     -0.6117030E-01 0.1062E-03 -0.6121370E-01 0.2506E-04 0.9712    
  19     -0.6107331E-01 0.1062E-03 -0.6120633E-01 0.2439E-04  1.009    
  20     -0.6114897E-01 0.1063E-03 -0.6120346E-01 0.2377E-04 0.9706    
   
   
 ~~~~~~~~~~~~~~~~~~~~~~~~~~~~~~~~~~~~~~~~~~~~
     Calculating PlusB distribution
 ~~~~~~~~~~~~~~~~~~~~~~~~~~~~~~~~~~~~~~~~~~~~
   
 RM48 INITIALIZED:        40           0         0



 INPUT PARAMETERS FOR VEGAS:  NDIM=  4  NCALL=   48020000.
                              IT=    0  ITMX=   10
                              MDS= -1   ND=  35
   1     -0.6238894E-01 0.1302E-02 -0.6238894E-01 0.1302E-02  0.000    
   2     -0.6338212E-01 0.3907E-03 -0.6330239E-01 0.3718E-03 0.5268    
   3     -0.6359719E-01 0.3454E-03 -0.6346227E-01 0.2525E-03 0.4306    
   4     -0.6344953E-01 0.3413E-03 -0.6345773E-01 0.2029E-03 0.2867    
   5     -0.6252990E-01 0.3364E-03 -0.6321413E-01 0.1738E-03  1.595    
   6     -0.6283060E-01 0.3389E-03 -0.6313472E-01 0.1547E-03  1.479    
   7     -0.6330210E-01 0.3400E-03 -0.6316363E-01 0.1408E-03  1.265    
   8     -0.6282063E-01 0.3404E-03 -0.6311385E-01 0.1301E-03  1.208    
   9     -0.6299860E-01 0.3430E-03 -0.6309937E-01 0.1217E-03  1.070    
  10     -0.6333917E-01 0.3443E-03 -0.6312621E-01 0.1147E-03 0.9982    



 INPUT PARAMETERS FOR VEGAS:  NDIM=  4  NCALL=  457773282.
                              IT=    0  ITMX=   20
                              MDS= -1   ND=  41
   1     -0.6322551E-01 0.1085E-03 -0.6322551E-01 0.1085E-03  0.000    
   2     -0.6322797E-01 0.1084E-03 -0.6322674E-01 0.7668E-04 0.2574E-03
   3     -0.6307997E-01 0.1086E-03 -0.6317807E-01 0.6264E-04 0.6085    
   4     -0.6310250E-01 0.1083E-03 -0.6315917E-01 0.5423E-04 0.5273    
   5     -0.6318408E-01 0.1084E-03 -0.6316416E-01 0.4850E-04 0.4060    
   6     -0.6302849E-01 0.1083E-03 -0.6314157E-01 0.4426E-04 0.5858    
   7     -0.6310562E-01 0.1083E-03 -0.6313642E-01 0.4097E-04 0.5040    
   8     -0.6341425E-01 0.1087E-03 -0.6317123E-01 0.3834E-04  1.254    
   9     -0.6321495E-01 0.1086E-03 -0.6317609E-01 0.3615E-04  1.115    
  10     -0.6327002E-01 0.1085E-03 -0.6318549E-01 0.3430E-04  1.066    
  11     -0.6307036E-01 0.1082E-03 -0.6317501E-01 0.3270E-04  1.062    
  12     -0.6325138E-01 0.1086E-03 -0.6318137E-01 0.3131E-04  1.007    
  13     -0.6321073E-01 0.1084E-03 -0.6318364E-01 0.3008E-04 0.9283    
  14     -0.6284641E-01 0.1082E-03 -0.6315967E-01 0.2898E-04  1.545    
  15     -0.6306080E-01 0.1084E-03 -0.6315310E-01 0.2800E-04  1.490    
  16     -0.6325607E-01 0.1086E-03 -0.6315954E-01 0.2711E-04  1.447    
  17     -0.6322206E-01 0.1085E-03 -0.6316322E-01 0.2630E-04  1.376    
  18     -0.6301564E-01 0.1084E-03 -0.6315505E-01 0.2556E-04  1.398    
  19     -0.6330565E-01 0.1087E-03 -0.6316297E-01 0.2488E-04  1.421    
  20     -0.6316397E-01 0.1086E-03 -0.6316302E-01 0.2425E-04  1.347    
   
   
 Integral Plus:   1.9595554358928444E-003 +-   0.0000000000000000     
 with chisq    =   1.3466791907460436     
  
  
  
 For xq =         2500 
  
   
   
 ~~~~~~~~~~~~~~~~~~~~~~~~~~~~~~~~~~~~~~~~~~~~
     Calculating PlusA distribution
 ~~~~~~~~~~~~~~~~~~~~~~~~~~~~~~~~~~~~~~~~~~~~
   
 RM48 INITIALIZED:        40           0         0



 INPUT PARAMETERS FOR VEGAS:  NDIM=  4  NCALL=   48020000.
                              IT=    0  ITMX=   10
                              MDS= -1   ND=  35
   1     -0.1983455     0.6001E-02 -0.1983455     0.6001E-02  0.000    
   2     -0.1951783     0.1748E-02 -0.1954336     0.1690E-02 0.2602    
   3     -0.1937844     0.1592E-02 -0.1945722     0.1162E-02 0.3826    
   4     -0.1939384     0.1570E-02 -0.1943506     0.9351E-03 0.2911    
   5     -0.1931916     0.1555E-02 -0.1940477     0.8019E-03 0.3201    
   6     -0.1903539     0.1555E-02 -0.1933005     0.7134E-03  1.123    
   7     -0.1953515     0.1587E-02 -0.1936488     0.6506E-03  1.168    
   8     -0.1935583     0.1576E-02 -0.1936357     0.6015E-03  1.002    
   9     -0.1911738     0.1564E-02 -0.1933270     0.5615E-03  1.144    
  10     -0.1901127     0.1568E-02 -0.1929743     0.5288E-03  1.421    



 INPUT PARAMETERS FOR VEGAS:  NDIM=  4  NCALL=  457773282.
                              IT=    0  ITMX=   20
                              MDS= -1   ND=  41
   1     -0.1925631     0.5054E-03 -0.1925631     0.5054E-03  0.000    
   2     -0.1929276     0.5077E-03 -0.1927448     0.3582E-03 0.2589    
   3     -0.1926095     0.5056E-03 -0.1926996     0.2923E-03 0.1534    
   4     -0.1943276     0.5090E-03 -0.1931084     0.2535E-03  2.687    
   5     -0.1925742     0.5070E-03 -0.1930020     0.2267E-03  2.239    
   6     -0.1930479     0.5074E-03 -0.1930097     0.2070E-03  1.792    
   7     -0.1923301     0.5050E-03 -0.1929125     0.1915E-03  1.752    
   8     -0.1926873     0.5079E-03 -0.1928846     0.1792E-03  1.527    
   9     -0.1930577     0.5084E-03 -0.1929037     0.1690E-03  1.349    
  10     -0.1928365     0.5065E-03 -0.1928970     0.1603E-03  1.201    
  11     -0.1932397     0.5084E-03 -0.1929281     0.1529E-03  1.122    
  12     -0.1921145     0.5050E-03 -0.1928603     0.1463E-03  1.235    
  13     -0.1923443     0.5055E-03 -0.1928206     0.1406E-03  1.212    
  14     -0.1934465     0.5078E-03 -0.1928654     0.1355E-03  1.228    
  15     -0.1928747     0.5060E-03 -0.1928660     0.1309E-03  1.140    
  16     -0.1926997     0.5063E-03 -0.1928556     0.1267E-03  1.071    
  17     -0.1922266     0.5056E-03 -0.1928187     0.1229E-03  1.095    
  18     -0.1930728     0.5076E-03 -0.1928328     0.1194E-03  1.044    
  19     -0.1926170     0.5068E-03 -0.1928215     0.1163E-03 0.9959    
  20     -0.1928918     0.5077E-03 -0.1928250     0.1133E-03 0.9445    
   
   
 ~~~~~~~~~~~~~~~~~~~~~~~~~~~~~~~~~~~~~~~~~~~~
     Calculating PlusB distribution
 ~~~~~~~~~~~~~~~~~~~~~~~~~~~~~~~~~~~~~~~~~~~~
   
 RM48 INITIALIZED:        40           0         0



 INPUT PARAMETERS FOR VEGAS:  NDIM=  4  NCALL=   48020000.
                              IT=    0  ITMX=   10
                              MDS= -1   ND=  35
   1     -0.2048138     0.6107E-02 -0.2048138     0.6107E-02  0.000    
   2     -0.1992728     0.1794E-02 -0.1997356     0.1741E-02 0.7753    
   3     -0.2001627     0.1630E-02 -0.1999612     0.1192E-02 0.4061    
   4     -0.1997436     0.1652E-02 -0.1998875     0.9675E-03 0.2756    
   5     -0.2018909     0.1641E-02 -0.2004075     0.8333E-03 0.4841    
   6     -0.2000845     0.1627E-02 -0.2003410     0.7419E-03 0.3942    
   7     -0.2017438     0.1626E-02 -0.2005843     0.6748E-03 0.4314    
   8     -0.1964204     0.1596E-02 -0.1999779     0.6219E-03  1.169    
   9     -0.2010249     0.1651E-02 -0.2001086     0.5820E-03  1.066    
  10     -0.1993275     0.1631E-02 -0.2000214     0.5482E-03 0.9713    



 INPUT PARAMETERS FOR VEGAS:  NDIM=  4  NCALL=  457773282.
                              IT=    0  ITMX=   20
                              MDS= -1   ND=  41
   1     -0.1987524     0.5215E-03 -0.1987524     0.5215E-03  0.000    
   2     -0.1989798     0.5229E-03 -0.1988659     0.3693E-03 0.9482E-01
   3     -0.1996285     0.5242E-03 -0.1991201     0.3019E-03 0.7563    
   4     -0.2001020     0.5231E-03 -0.1993672     0.2615E-03  1.388    
   5     -0.1990526     0.5223E-03 -0.1993043     0.2338E-03  1.114    
   6     -0.2000611     0.5249E-03 -0.1994304     0.2136E-03  1.239    
   7     -0.1996496     0.5233E-03 -0.1994618     0.1977E-03  1.057    
   8     -0.1996866     0.5243E-03 -0.1994898     0.1850E-03 0.9289    
   9     -0.1996026     0.5237E-03 -0.1995024     0.1745E-03 0.8179    
  10     -0.2001977     0.5253E-03 -0.1995719     0.1656E-03 0.9028    
  11     -0.1998794     0.5238E-03 -0.1995999     0.1579E-03 0.8437    
  12     -0.1998188     0.5231E-03 -0.1996182     0.1511E-03 0.7815    
  13     -0.1993597     0.5242E-03 -0.1995984     0.1452E-03 0.7352    
  14     -0.1992054     0.5234E-03 -0.1995704     0.1399E-03 0.7190    
  15     -0.1994905     0.5242E-03 -0.1995651     0.1352E-03 0.6692    
  16     -0.2002388     0.5257E-03 -0.1996072     0.1309E-03 0.7276    
  17     -0.2005021     0.5247E-03 -0.1996601     0.1270E-03 0.8543    
  18     -0.2003404     0.5260E-03 -0.1996978     0.1235E-03 0.8973    
  19     -0.1992969     0.5231E-03 -0.1996767     0.1202E-03 0.8784    
  20     -0.1988753     0.5213E-03 -0.1996366     0.1171E-03 0.9498    
   
   
 Integral Plus:   6.8116240595779143E-003 +-   0.0000000000000000     
 with chisq    =  0.94980119610001768     
  
  
  
    xq         Integral Plus                 error
    100      0.131517828873420E-05      0.244114471488735E-07
    400      0.160757718287498E-03      0.424819653156978E-05
    700      0.507302261465142E-03      0.138687212688781E-04
   1000      0.889792323982543E-03      0.239608818237059E-04
   1300      0.112809279148963E-02      0.316465032769052E-04
   1600      0.141841296834175E-02      0.369887179426495E-04
   1900      0.166554280764628E-02      0.411066524148159E-04
   2200      0.195955543589284E-02      0.480226974298686E-04
   2500      0.681162405957791E-02      0.230446311740177E-03
Thanks for using LHAPDF 6.5.4. Please make sure to cite the paper:
  Eur.Phys.J. C75 (2015) 3, 132  (http://arxiv.org/abs/1412.7420)
