   100.00000000000000        6.5413314292911336E-007   2.0049290798832448E-008
   400.00000000000000        8.2972699082099234E-005   3.1690712837099080E-006
   700.00000000000000        2.4224929814021037E-004   1.0209779583760438E-005
   1000.0000000000000        4.6550327004346234E-004   1.7392692907590008E-005
   1300.0000000000000        5.7994320094705357E-004   2.2919152945417973E-005
   1600.0000000000000        6.7895393906763218E-004   2.6539533095324464E-005
   1900.0000000000000        8.1543032211148919E-004   2.9591157974957655E-005
   2200.0000000000000        9.6668986118411682E-004   3.4618661842997805E-005
   2500.0000000000000        3.8701216560557000E-003   1.8838273178388220E-004
 File  already exist  ../summary/run2_01/PK_actual_st.dat                                                                 
 All previous data for this run will be lost. Overwrite ?     [y/n]
 Overwriting data in../summary/run2_01/PK_actual_st.dat                                                                 
LHAPDF 6.5.4 loading /home/niraj/1TB-Disc/Workspace-IITG/Packages/Install/LHAPDF-6.5.4/install/share/LHAPDF/MMHT2014nlo68cl/MMHT2014nlo68cl_0000.dat
MMHT2014nlo68cl PDF set, member #0, version 3; LHAPDF ID = 25100
   
   
 ~~~~~~~~~~~~~~~~~~~~~~~~~~~~~~~~~~~~~~~~~~~~
     Calculating P and K terms
 ~~~~~~~~~~~~~~~~~~~~~~~~~~~~~~~~~~~~~~~~~~~~
   
   
   
 ~~~~~~~~~~~~~~~~~~~~~~~~~~~~~~~~~~~~~~~~~~~~
     Calculating [+] distribution
 ~~~~~~~~~~~~~~~~~~~~~~~~~~~~~~~~~~~~~~~~~~~~
   
 ~~~~~~~~~~~~~~~~~~~~~~~~~~~~~~~~~~~~~~~~
using vegas points:                   5.E+07
         iteration:                   10
 ~~~~~~~~~~~~~~~~~~~~~~~~~~~~~~~~~~~~~~~~
  
 For xq =          100 
  
   
   
 ~~~~~~~~~~~~~~~~~~~~~~~~~~~~~~~~~~~~~~~~~~~~
     Calculating PlusA distribution
 ~~~~~~~~~~~~~~~~~~~~~~~~~~~~~~~~~~~~~~~~~~~~
   
 RM48 INITIALIZED:        40           0         0



 INPUT PARAMETERS FOR VEGAS:  NDIM=  4  NCALL=   48020000.
                              IT=    0  ITMX=   10
                              MDS= -1   ND=  35
   1     -0.5754791E-04 0.6061E-05 -0.5754791E-04 0.6061E-05  0.000    
   2     -0.5718417E-04 0.2837E-06 -0.5718497E-04 0.2843E-06 0.3617E-02
   3     -0.5745025E-04 0.1716E-06 -0.5737958E-04 0.1468E-06 0.3210    
   4     -0.5739981E-04 0.1841E-06 -0.5738745E-04 0.1148E-06 0.2164    
   5     -0.5729363E-04 0.1615E-06 -0.5735605E-04 0.9357E-07 0.2184    
   6     -0.5751230E-04 0.1572E-06 -0.5739707E-04 0.8039E-07 0.3209    
   7     -0.5737603E-04 0.1513E-06 -0.5739244E-04 0.7099E-07 0.2699    
   8     -0.5734799E-04 0.1445E-06 -0.5738381E-04 0.6373E-07 0.2423    
   9     -0.5742032E-04 0.1900E-06 -0.5738750E-04 0.6042E-07 0.2161    
  10     -0.5723757E-04 0.1699E-06 -0.5737075E-04 0.5693E-07 0.2687    



 INPUT PARAMETERS FOR VEGAS:  NDIM=  4  NCALL=  457773282.
                              IT=    0  ITMX=   20
                              MDS= -1   ND=  41
   1     -0.5750881E-04 0.4576E-07 -0.5750881E-04 0.4576E-07  0.000    
   2     -0.5755063E-04 0.4573E-07 -0.5752975E-04 0.3235E-07 0.4178    
   3     -0.5744509E-04 0.4570E-07 -0.5750154E-04 0.2640E-07  1.351    
   4     -0.5746202E-04 0.4571E-07 -0.5749167E-04 0.2286E-07  1.088    
   5     -0.5738653E-04 0.4559E-07 -0.5747060E-04 0.2044E-07  1.876    
   6     -0.5741771E-04 0.4577E-07 -0.5746182E-04 0.1866E-07  1.724    
   7     -0.5748037E-04 0.4571E-07 -0.5746447E-04 0.1728E-07  1.460    
   8     -0.5744678E-04 0.4581E-07 -0.5746227E-04 0.1617E-07  1.270    
   9     -0.5743321E-04 0.4570E-07 -0.5745904E-04 0.1524E-07  1.156    
  10     -0.5748123E-04 0.4571E-07 -0.5746126E-04 0.1446E-07  1.051    
  11     -0.5750576E-04 0.4580E-07 -0.5746530E-04 0.1379E-07  1.032    
  12     -0.5742603E-04 0.4575E-07 -0.5746204E-04 0.1320E-07 0.9997    
  13     -0.5747409E-04 0.4574E-07 -0.5746296E-04 0.1268E-07 0.9218    
  14     -0.5748688E-04 0.4578E-07 -0.5746467E-04 0.1222E-07 0.8703    
  15     -0.5748237E-04 0.4579E-07 -0.5746585E-04 0.1181E-07 0.8181    
  16     -0.5741981E-04 0.4572E-07 -0.5746297E-04 0.1143E-07 0.8269    
  17     -0.5751832E-04 0.4578E-07 -0.5746623E-04 0.1109E-07 0.8613    
  18     -0.5746740E-04 0.4578E-07 -0.5746629E-04 0.1078E-07 0.8107    
  19     -0.5746223E-04 0.4576E-07 -0.5746608E-04 0.1049E-07 0.7660    
  20     -0.5746078E-04 0.4563E-07 -0.5746581E-04 0.1023E-07 0.7264    
   
   
 ~~~~~~~~~~~~~~~~~~~~~~~~~~~~~~~~~~~~~~~~~~~~
     Calculating PlusB distribution
 ~~~~~~~~~~~~~~~~~~~~~~~~~~~~~~~~~~~~~~~~~~~~
   
 RM48 INITIALIZED:        40           0         0



 INPUT PARAMETERS FOR VEGAS:  NDIM=  4  NCALL=   48020000.
                              IT=    0  ITMX=   10
                              MDS= -1   ND=  35
   1     -0.5645744E-04 0.6080E-05 -0.5645744E-04 0.6080E-05  0.000    
   2     -0.5798493E-04 0.2646E-06 -0.5798219E-04 0.2609E-06 0.6132E-01
   3     -0.5782240E-04 0.2018E-06 -0.5788145E-04 0.1591E-06 0.1479    
   4     -0.5796633E-04 0.1625E-06 -0.5792339E-04 0.1134E-06 0.1448    
   5     -0.5810980E-04 0.2287E-06 -0.5796077E-04 0.1016E-06 0.2430    
   6     -0.5826115E-04 0.1883E-06 -0.5802962E-04 0.8938E-07 0.5928    
   7     -0.5783595E-04 0.1819E-06 -0.5799188E-04 0.8021E-07 0.6463    
   8     -0.5816167E-04 0.1658E-06 -0.5802442E-04 0.7218E-07 0.6755    
   9     -0.5816401E-04 0.1503E-06 -0.5805083E-04 0.6503E-07 0.6787    
  10     -0.5805637E-04 0.1535E-06 -0.5805168E-04 0.5987E-07 0.6030    



 INPUT PARAMETERS FOR VEGAS:  NDIM=  4  NCALL=  457773282.
                              IT=    0  ITMX=   20
                              MDS= -1   ND=  41
   1     -0.5808054E-04 0.4369E-07 -0.5808054E-04 0.4369E-07  0.000    
   2     -0.5810597E-04 0.4402E-07 -0.5809316E-04 0.3101E-07 0.1681    
   3     -0.5810612E-04 0.4403E-07 -0.5809746E-04 0.2535E-07 0.1130    
   4     -0.5812367E-04 0.4390E-07 -0.5810402E-04 0.2195E-07 0.1645    
   5     -0.5806372E-04 0.4382E-07 -0.5809594E-04 0.1963E-07 0.2923    
   6     -0.5819015E-04 0.4411E-07 -0.5811156E-04 0.1793E-07 0.9968    
   7     -0.5817019E-04 0.4402E-07 -0.5811991E-04 0.1661E-07  1.084    
   8     -0.5810560E-04 0.4394E-07 -0.5811813E-04 0.1554E-07 0.9428    
   9     -0.5815119E-04 0.4408E-07 -0.5812178E-04 0.1465E-07 0.8875    
  10     -0.5822016E-04 0.4413E-07 -0.5813158E-04 0.1391E-07  1.287    
  11     -0.5808626E-04 0.4376E-07 -0.5812743E-04 0.1325E-07  1.256    
  12     -0.5806232E-04 0.4404E-07 -0.5812204E-04 0.1269E-07  1.324    
  13     -0.5815330E-04 0.4392E-07 -0.5812445E-04 0.1219E-07  1.253    
  14     -0.5813503E-04 0.4397E-07 -0.5812520E-04 0.1175E-07  1.160    
  15     -0.5805610E-04 0.4390E-07 -0.5812059E-04 0.1135E-07  1.242    
  16     -0.5812697E-04 0.4394E-07 -0.5812099E-04 0.1099E-07  1.161    
  17     -0.5811797E-04 0.4379E-07 -0.5812081E-04 0.1066E-07  1.089    
  18     -0.5813505E-04 0.4384E-07 -0.5812161E-04 0.1036E-07  1.030    
  19     -0.5810888E-04 0.4385E-07 -0.5812094E-04 0.1008E-07 0.9776    
  20     -0.5810124E-04 0.4381E-07 -0.5811995E-04 0.9822E-08 0.9363    
   
   
 Integral Plus:   6.5413314292911336E-007 +-   0.0000000000000000     
 with chisq    =  0.93630268696328234     
  
  
  
 For xq =          400 
  
   
   
 ~~~~~~~~~~~~~~~~~~~~~~~~~~~~~~~~~~~~~~~~~~~~
     Calculating PlusA distribution
 ~~~~~~~~~~~~~~~~~~~~~~~~~~~~~~~~~~~~~~~~~~~~
   
 RM48 INITIALIZED:        40           0         0



 INPUT PARAMETERS FOR VEGAS:  NDIM=  4  NCALL=   48020000.
                              IT=    0  ITMX=   10
                              MDS= -1   ND=  35
   1     -0.5024942E-02 0.2674E-03 -0.5024942E-02 0.2674E-03  0.000    
   2     -0.4740261E-02 0.2766E-04 -0.4743643E-02 0.2833E-04  1.185    
   3     -0.4729694E-02 0.2275E-04 -0.4735377E-02 0.1790E-04 0.6784    
   4     -0.4729716E-02 0.2286E-04 -0.4733284E-02 0.1413E-04 0.4696    
   5     -0.4689051E-02 0.2213E-04 -0.4720918E-02 0.1194E-04  1.047    
   6     -0.4698760E-02 0.2235E-04 -0.4716139E-02 0.1054E-04 0.9922    
   7     -0.4721350E-02 0.2237E-04 -0.4717070E-02 0.9538E-05 0.8366    
   8     -0.4733869E-02 0.2237E-04 -0.4719627E-02 0.8775E-05 0.7857    
   9     -0.4706139E-02 0.2224E-04 -0.4717845E-02 0.8165E-05 0.7284    
  10     -0.4735092E-02 0.2285E-04 -0.4719784E-02 0.7689E-05 0.7037    



 INPUT PARAMETERS FOR VEGAS:  NDIM=  4  NCALL=  457773282.
                              IT=    0  ITMX=   20
                              MDS= -1   ND=  41
   1     -0.4715933E-02 0.7042E-05 -0.4715933E-02 0.7042E-05  0.000    
   2     -0.4711783E-02 0.7035E-05 -0.4713858E-02 0.4977E-05 0.1738    
   3     -0.4716069E-02 0.7035E-05 -0.4714596E-02 0.4063E-05 0.1198    
   4     -0.4727837E-02 0.7056E-05 -0.4717907E-02 0.3521E-05 0.9638    
   5     -0.4727719E-02 0.7034E-05 -0.4719880E-02 0.3149E-05  1.112    
   6     -0.4711628E-02 0.7028E-05 -0.4718505E-02 0.2873E-05  1.119    
   7     -0.4716699E-02 0.7033E-05 -0.4718247E-02 0.2660E-05 0.9423    
   8     -0.4719884E-02 0.7041E-05 -0.4718451E-02 0.2488E-05 0.8144    
   9     -0.4720256E-02 0.7038E-05 -0.4718652E-02 0.2346E-05 0.7198    
  10     -0.4724379E-02 0.7059E-05 -0.4719223E-02 0.2226E-05 0.7057    
  11     -0.4714002E-02 0.7035E-05 -0.4718748E-02 0.2123E-05 0.6852    
  12     -0.4714904E-02 0.7039E-05 -0.4718428E-02 0.2032E-05 0.6478    
  13     -0.4708538E-02 0.7026E-05 -0.4717668E-02 0.1952E-05 0.7459    
  14     -0.4718313E-02 0.7041E-05 -0.4717714E-02 0.1881E-05 0.6891    
  15     -0.4703832E-02 0.7028E-05 -0.4716791E-02 0.1817E-05 0.8988    
  16     -0.4709924E-02 0.7035E-05 -0.4716363E-02 0.1759E-05 0.8985    
  17     -0.4722946E-02 0.7042E-05 -0.4716751E-02 0.1707E-05 0.8937    
  18     -0.4719359E-02 0.7044E-05 -0.4716895E-02 0.1659E-05 0.8487    
  19     -0.4716206E-02 0.7039E-05 -0.4716859E-02 0.1615E-05 0.8021    
  20     -0.4720029E-02 0.7041E-05 -0.4717018E-02 0.1574E-05 0.7700    
   
   
 ~~~~~~~~~~~~~~~~~~~~~~~~~~~~~~~~~~~~~~~~~~~~
     Calculating PlusB distribution
 ~~~~~~~~~~~~~~~~~~~~~~~~~~~~~~~~~~~~~~~~~~~~
   
 RM48 INITIALIZED:        40           0         0



 INPUT PARAMETERS FOR VEGAS:  NDIM=  4  NCALL=   48020000.
                              IT=    0  ITMX=   10
                              MDS= -1   ND=  35
   1     -0.5003404E-02 0.2653E-03 -0.5003404E-02 0.2653E-03  0.000    
   2     -0.4836385E-02 0.2670E-04 -0.4838177E-02 0.2702E-04 0.4055    
   3     -0.4784470E-02 0.2381E-04 -0.4808686E-02 0.1798E-04  1.311    
   4     -0.4794839E-02 0.2298E-04 -0.4803536E-02 0.1419E-04 0.9555    
   5     -0.4807524E-02 0.2259E-04 -0.4804649E-02 0.1203E-04 0.7250    
   6     -0.4804100E-02 0.2245E-04 -0.4804528E-02 0.1061E-04 0.5817    
   7     -0.4772011E-02 0.2271E-04 -0.4798839E-02 0.9615E-05 0.7619    
   8     -0.4802275E-02 0.2271E-04 -0.4799356E-02 0.8855E-05 0.6567    
   9     -0.4819005E-02 0.2299E-04 -0.4801889E-02 0.8263E-05 0.6542    
  10     -0.4812684E-02 0.2299E-04 -0.4803118E-02 0.7777E-05 0.6034    



 INPUT PARAMETERS FOR VEGAS:  NDIM=  4  NCALL=  457773282.
                              IT=    0  ITMX=   20
                              MDS= -1   ND=  41
   1     -0.4792953E-02 0.7136E-05 -0.4792953E-02 0.7136E-05  0.000    
   2     -0.4797088E-02 0.7131E-05 -0.4795024E-02 0.5044E-05 0.1681    
   3     -0.4791651E-02 0.7121E-05 -0.4793898E-02 0.4116E-05 0.1587    
   4     -0.4785359E-02 0.7123E-05 -0.4791766E-02 0.3564E-05 0.4644    
   5     -0.4792357E-02 0.7126E-05 -0.4791884E-02 0.3188E-05 0.3496    
   6     -0.4800047E-02 0.7131E-05 -0.4793247E-02 0.2910E-05 0.4984    
   7     -0.4804483E-02 0.7131E-05 -0.4794858E-02 0.2694E-05 0.7710    
   8     -0.4801528E-02 0.7142E-05 -0.4795691E-02 0.2521E-05 0.7699    
   9     -0.4801895E-02 0.7131E-05 -0.4796382E-02 0.2377E-05 0.7577    
  10     -0.4790745E-02 0.7126E-05 -0.4795818E-02 0.2255E-05 0.7362    
  11     -0.4800218E-02 0.7130E-05 -0.4796219E-02 0.2150E-05 0.6971    
  12     -0.4805595E-02 0.7130E-05 -0.4797003E-02 0.2058E-05 0.7781    
  13     -0.4808894E-02 0.7136E-05 -0.4797921E-02 0.1978E-05 0.9275    
  14     -0.4819895E-02 0.7157E-05 -0.4799493E-02 0.1906E-05  1.535    
  15     -0.4798392E-02 0.7128E-05 -0.4799419E-02 0.1841E-05  1.427    
  16     -0.4797965E-02 0.7135E-05 -0.4799329E-02 0.1783E-05  1.334    
  17     -0.4811832E-02 0.7138E-05 -0.4800067E-02 0.1730E-05  1.432    
  18     -0.4795596E-02 0.7131E-05 -0.4799819E-02 0.1681E-05  1.369    
  19     -0.4803364E-02 0.7158E-05 -0.4800004E-02 0.1637E-05  1.306    
  20     -0.4799729E-02 0.7136E-05 -0.4799990E-02 0.1595E-05  1.238    
   
   
 Integral Plus:   8.2972699082099234E-005 +-   0.0000000000000000     
 with chisq    =   1.2375711006098427     
  
  
  
 For xq =          700 
  
   
   
 ~~~~~~~~~~~~~~~~~~~~~~~~~~~~~~~~~~~~~~~~~~~~
     Calculating PlusA distribution
 ~~~~~~~~~~~~~~~~~~~~~~~~~~~~~~~~~~~~~~~~~~~~
   
 RM48 INITIALIZED:        40           0         0



 INPUT PARAMETERS FOR VEGAS:  NDIM=  4  NCALL=   48020000.
                              IT=    0  ITMX=   10
                              MDS= -1   ND=  35
   1     -0.1243421E-01 0.5480E-03 -0.1243421E-01 0.5480E-03  0.000    
   2     -0.1224900E-01 0.8827E-04 -0.1225383E-01 0.8777E-04 0.1129    
   3     -0.1238938E-01 0.7279E-04 -0.1233439E-01 0.5597E-04 0.7633    
   4     -0.1231086E-01 0.7125E-04 -0.1232545E-01 0.4404E-04 0.5323    
   5     -0.1252430E-01 0.7125E-04 -0.1238156E-01 0.3742E-04  1.827    
   6     -0.1240313E-01 0.7041E-04 -0.1238633E-01 0.3304E-04  1.475    
   7     -0.1231533E-01 0.6985E-04 -0.1237347E-01 0.2987E-04  1.371    
   8     -0.1236312E-01 0.7080E-04 -0.1237191E-01 0.2753E-04  1.178    
   9     -0.1232520E-01 0.7056E-04 -0.1236578E-01 0.2565E-04  1.079    
  10     -0.1232041E-01 0.7045E-04 -0.1236051E-01 0.2410E-04  1.000    



 INPUT PARAMETERS FOR VEGAS:  NDIM=  4  NCALL=  457773282.
                              IT=    0  ITMX=   20
                              MDS= -1   ND=  41
   1     -0.1238359E-01 0.2255E-04 -0.1238359E-01 0.2255E-04  0.000    
   2     -0.1241269E-01 0.2255E-04 -0.1239817E-01 0.1595E-04 0.8322    
   3     -0.1237852E-01 0.2245E-04 -0.1239160E-01 0.1300E-04 0.6711    
   4     -0.1237436E-01 0.2249E-04 -0.1238729E-01 0.1126E-04 0.5942    
   5     -0.1233091E-01 0.2244E-04 -0.1237604E-01 0.1006E-04  1.700    
   6     -0.1235660E-01 0.2250E-04 -0.1237281E-01 0.9185E-05  1.485    
   7     -0.1239949E-01 0.2251E-04 -0.1237663E-01 0.8504E-05  1.438    
   8     -0.1234958E-01 0.2246E-04 -0.1237325E-01 0.7953E-05  1.414    
   9     -0.1242357E-01 0.2259E-04 -0.1237884E-01 0.7502E-05  1.791    
  10     -0.1239968E-01 0.2251E-04 -0.1238093E-01 0.7117E-05  1.678    
  11     -0.1237322E-01 0.2247E-04 -0.1238023E-01 0.6785E-05  1.521    
  12     -0.1238043E-01 0.2255E-04 -0.1238025E-01 0.6497E-05  1.382    
  13     -0.1236506E-01 0.2248E-04 -0.1237908E-01 0.6242E-05  1.303    
  14     -0.1240137E-01 0.2248E-04 -0.1238068E-01 0.6014E-05  1.272    
  15     -0.1240282E-01 0.2256E-04 -0.1238215E-01 0.5811E-05  1.246    
  16     -0.1239530E-01 0.2253E-04 -0.1238297E-01 0.5627E-05  1.184    
  17     -0.1235566E-01 0.2249E-04 -0.1238137E-01 0.5459E-05  1.197    
  18     -0.1239705E-01 0.2253E-04 -0.1238224E-01 0.5305E-05  1.153    
  19     -0.1241366E-01 0.2259E-04 -0.1238389E-01 0.5165E-05  1.191    
  20     -0.1238015E-01 0.2253E-04 -0.1238371E-01 0.5034E-05  1.130    
   
   
 ~~~~~~~~~~~~~~~~~~~~~~~~~~~~~~~~~~~~~~~~~~~~
     Calculating PlusB distribution
 ~~~~~~~~~~~~~~~~~~~~~~~~~~~~~~~~~~~~~~~~~~~~
   
 RM48 INITIALIZED:        40           0         0



 INPUT PARAMETERS FOR VEGAS:  NDIM=  4  NCALL=   48020000.
                              IT=    0  ITMX=   10
                              MDS= -1   ND=  35
   1     -0.1259642E-01 0.5518E-03 -0.1259642E-01 0.5518E-03  0.000    
   2     -0.1264605E-01 0.8787E-04 -0.1264483E-01 0.8661E-04 0.7861E-02
   3     -0.1270890E-01 0.7410E-04 -0.1268205E-01 0.5621E-04 0.1621    
   4     -0.1263089E-01 0.7289E-04 -0.1266300E-01 0.4452E-04 0.2110    
   5     -0.1261654E-01 0.7130E-04 -0.1265001E-01 0.3777E-04 0.2346    
   6     -0.1258561E-01 0.7093E-04 -0.1263588E-01 0.3334E-04 0.3157    
   7     -0.1249856E-01 0.7220E-04 -0.1261216E-01 0.3028E-04 0.7537    
   8     -0.1269006E-01 0.7233E-04 -0.1262390E-01 0.2793E-04 0.7872    
   9     -0.1269528E-01 0.7290E-04 -0.1263313E-01 0.2608E-04 0.7934    
  10     -0.1257254E-01 0.7249E-04 -0.1262624E-01 0.2454E-04 0.7741    



 INPUT PARAMETERS FOR VEGAS:  NDIM=  4  NCALL=  457773282.
                              IT=    0  ITMX=   20
                              MDS= -1   ND=  41
   1     -0.1264875E-01 0.2318E-04 -0.1264875E-01 0.2318E-04  0.000    
   2     -0.1258542E-01 0.2311E-04 -0.1261715E-01 0.1637E-04  3.743    
   3     -0.1258346E-01 0.2304E-04 -0.1260589E-01 0.1335E-04  2.584    
   4     -0.1263013E-01 0.2316E-04 -0.1261195E-01 0.1156E-04  1.995    
   5     -0.1262338E-01 0.2320E-04 -0.1261423E-01 0.1035E-04  1.545    
   6     -0.1267514E-01 0.2317E-04 -0.1262444E-01 0.9449E-05  2.394    
   7     -0.1261145E-01 0.2318E-04 -0.1262259E-01 0.8750E-05  2.040    
   8     -0.1263401E-01 0.2317E-04 -0.1262402E-01 0.8186E-05  1.779    
   9     -0.1261874E-01 0.2312E-04 -0.1262343E-01 0.7716E-05  1.562    
  10     -0.1267812E-01 0.2316E-04 -0.1262894E-01 0.7321E-05  1.949    
  11     -0.1259761E-01 0.2313E-04 -0.1262610E-01 0.6980E-05  1.921    
  12     -0.1262613E-01 0.2317E-04 -0.1262610E-01 0.6683E-05  1.746    
  13     -0.1266518E-01 0.2321E-04 -0.1262911E-01 0.6422E-05  1.819    
  14     -0.1259292E-01 0.2308E-04 -0.1262653E-01 0.6187E-05  1.855    
  15     -0.1260240E-01 0.2309E-04 -0.1262491E-01 0.5976E-05  1.795    
  16     -0.1263386E-01 0.2323E-04 -0.1262547E-01 0.5788E-05  1.685    
  17     -0.1265289E-01 0.2317E-04 -0.1262709E-01 0.5615E-05  1.662    
  18     -0.1260625E-01 0.2309E-04 -0.1262593E-01 0.5456E-05  1.609    
  19     -0.1260642E-01 0.2310E-04 -0.1262490E-01 0.5310E-05  1.558    
  20     -0.1264600E-01 0.2316E-04 -0.1262596E-01 0.5176E-05  1.517    
   
   
 Integral Plus:   2.4224929814021037E-004 +-   0.0000000000000000     
 with chisq    =   1.5171565815748147     
  
  
  
 For xq =         1000 
  
   
   
 ~~~~~~~~~~~~~~~~~~~~~~~~~~~~~~~~~~~~~~~~~~~~
     Calculating PlusA distribution
 ~~~~~~~~~~~~~~~~~~~~~~~~~~~~~~~~~~~~~~~~~~~~
   
 RM48 INITIALIZED:        40           0         0



 INPUT PARAMETERS FOR VEGAS:  NDIM=  4  NCALL=   48020000.
                              IT=    0  ITMX=   10
                              MDS= -1   ND=  35
   1     -0.1970374E-01 0.7251E-03 -0.1970374E-01 0.7251E-03  0.000    
   2     -0.1889235E-01 0.1478E-03 -0.1892744E-01 0.1477E-03  1.248    
   3     -0.1870194E-01 0.1224E-03 -0.1879720E-01 0.9504E-04  1.324    
   4     -0.1851342E-01 0.1198E-03 -0.1869178E-01 0.7477E-04  2.017    
   5     -0.1897949E-01 0.1202E-03 -0.1877219E-01 0.6348E-04  2.547    
   6     -0.1872905E-01 0.1178E-03 -0.1876267E-01 0.5592E-04  2.066    
   7     -0.1858947E-01 0.1175E-03 -0.1873161E-01 0.5053E-04  2.019    
   8     -0.1873290E-01 0.1183E-03 -0.1873181E-01 0.4648E-04  1.733    
   9     -0.1881013E-01 0.1200E-03 -0.1874198E-01 0.4334E-04  1.564    
  10     -0.1885581E-01 0.1210E-03 -0.1875493E-01 0.4080E-04  1.477    



 INPUT PARAMETERS FOR VEGAS:  NDIM=  4  NCALL=  457773282.
                              IT=    0  ITMX=   20
                              MDS= -1   ND=  41
   1     -0.1872873E-01 0.3820E-04 -0.1872873E-01 0.3820E-04  0.000    
   2     -0.1879367E-01 0.3830E-04 -0.1876123E-01 0.2705E-04  1.441    
   3     -0.1881383E-01 0.3836E-04 -0.1877876E-01 0.2211E-04  1.348    
   4     -0.1876205E-01 0.3827E-04 -0.1877459E-01 0.1914E-04 0.9468    
   5     -0.1876592E-01 0.3834E-04 -0.1877286E-01 0.1713E-04 0.7204    
   6     -0.1876494E-01 0.3838E-04 -0.1877154E-01 0.1564E-04 0.5835    
   7     -0.1886495E-01 0.3845E-04 -0.1878492E-01 0.1449E-04  1.336    
   8     -0.1875360E-01 0.3829E-04 -0.1878101E-01 0.1355E-04  1.229    
   9     -0.1875193E-01 0.3825E-04 -0.1877778E-01 0.1277E-04  1.140    
  10     -0.1878753E-01 0.3843E-04 -0.1877875E-01 0.1212E-04  1.019    
  11     -0.1877190E-01 0.3837E-04 -0.1877813E-01 0.1156E-04 0.9203    
  12     -0.1874863E-01 0.3831E-04 -0.1877567E-01 0.1106E-04 0.8861    
  13     -0.1879443E-01 0.3839E-04 -0.1877712E-01 0.1063E-04 0.8306    
  14     -0.1877571E-01 0.3827E-04 -0.1877702E-01 0.1024E-04 0.7668    
  15     -0.1881198E-01 0.3834E-04 -0.1877935E-01 0.9897E-05 0.7674    
  16     -0.1879953E-01 0.3832E-04 -0.1878062E-01 0.9583E-05 0.7335    
  17     -0.1878636E-01 0.3840E-04 -0.1878095E-01 0.9297E-05 0.6890    
  18     -0.1879983E-01 0.3831E-04 -0.1878201E-01 0.9035E-05 0.6619    
  19     -0.1883216E-01 0.3846E-04 -0.1878464E-01 0.8796E-05 0.7149    
  20     -0.1876011E-01 0.3835E-04 -0.1878342E-01 0.8573E-05 0.6978    
   
   
 ~~~~~~~~~~~~~~~~~~~~~~~~~~~~~~~~~~~~~~~~~~~~
     Calculating PlusB distribution
 ~~~~~~~~~~~~~~~~~~~~~~~~~~~~~~~~~~~~~~~~~~~~
   
 RM48 INITIALIZED:        40           0         0



 INPUT PARAMETERS FOR VEGAS:  NDIM=  4  NCALL=   48020000.
                              IT=    0  ITMX=   10
                              MDS= -1   ND=  35
   1     -0.1922050E-01 0.7089E-03 -0.1922050E-01 0.7089E-03  0.000    
   2     -0.1951541E-01 0.1506E-03 -0.1950303E-01 0.1463E-03 0.1633    
   3     -0.1922945E-01 0.1265E-03 -0.1934744E-01 0.9588E-04  1.081    
   4     -0.1929346E-01 0.1230E-03 -0.1932707E-01 0.7562E-04 0.7608    
   5     -0.1954530E-01 0.1239E-03 -0.1938734E-01 0.6449E-04  1.140    
   6     -0.1914589E-01 0.1218E-03 -0.1933537E-01 0.5702E-04  1.521    
   7     -0.1932444E-01 0.1227E-03 -0.1933343E-01 0.5172E-04  1.269    
   8     -0.1943303E-01 0.1223E-03 -0.1934869E-01 0.4762E-04  1.167    
   9     -0.1920721E-01 0.1222E-03 -0.1933025E-01 0.4438E-04  1.167    
  10     -0.1941779E-01 0.1237E-03 -0.1934031E-01 0.4177E-04  1.086    



 INPUT PARAMETERS FOR VEGAS:  NDIM=  4  NCALL=  457773282.
                              IT=    0  ITMX=   20
                              MDS= -1   ND=  41
   1     -0.1921965E-01 0.3947E-04 -0.1921965E-01 0.3947E-04  0.000    
   2     -0.1926470E-01 0.3947E-04 -0.1924223E-01 0.2791E-04 0.6513    
   3     -0.1930299E-01 0.3951E-04 -0.1926254E-01 0.2280E-04  1.116    
   4     -0.1934807E-01 0.3955E-04 -0.1928401E-01 0.1975E-04  1.917    
   5     -0.1923071E-01 0.3939E-04 -0.1927335E-01 0.1766E-04  1.804    
   6     -0.1924087E-01 0.3942E-04 -0.1926794E-01 0.1611E-04  1.557    
   7     -0.1924569E-01 0.3937E-04 -0.1926475E-01 0.1491E-04  1.343    
   8     -0.1918051E-01 0.3939E-04 -0.1925427E-01 0.1395E-04  1.720    
   9     -0.1919554E-01 0.3935E-04 -0.1924775E-01 0.1315E-04  1.753    
  10     -0.1924078E-01 0.3947E-04 -0.1924706E-01 0.1247E-04  1.561    
  11     -0.1928832E-01 0.3956E-04 -0.1925080E-01 0.1190E-04  1.504    
  12     -0.1921980E-01 0.3945E-04 -0.1924823E-01 0.1139E-04  1.419    
  13     -0.1920544E-01 0.3938E-04 -0.1924494E-01 0.1094E-04  1.391    
  14     -0.1927344E-01 0.3943E-04 -0.1924698E-01 0.1054E-04  1.321    
  15     -0.1924878E-01 0.3939E-04 -0.1924710E-01 0.1018E-04  1.227    
  16     -0.1926440E-01 0.3945E-04 -0.1924818E-01 0.9860E-05  1.157    
  17     -0.1923434E-01 0.3944E-04 -0.1924737E-01 0.9566E-05  1.092    
  18     -0.1928918E-01 0.3946E-04 -0.1924970E-01 0.9297E-05  1.090    
  19     -0.1922086E-01 0.3944E-04 -0.1924819E-01 0.9049E-05  1.058    
  20     -0.1926291E-01 0.3944E-04 -0.1924892E-01 0.8820E-05  1.009    
   
   
 Integral Plus:   4.6550327004346234E-004 +-   0.0000000000000000     
 with chisq    =   1.0092681499881280     
  
  
  
 For xq =         1300 
  
   
   
 ~~~~~~~~~~~~~~~~~~~~~~~~~~~~~~~~~~~~~~~~~~~~
     Calculating PlusA distribution
 ~~~~~~~~~~~~~~~~~~~~~~~~~~~~~~~~~~~~~~~~~~~~
   
 RM48 INITIALIZED:        40           0         0



 INPUT PARAMETERS FOR VEGAS:  NDIM=  4  NCALL=   48020000.
                              IT=    0  ITMX=   10
                              MDS= -1   ND=  35
   1     -0.2312338E-01 0.8132E-03 -0.2312338E-01 0.8132E-03  0.000    
   2     -0.2301552E-01 0.1880E-03 -0.2302105E-01 0.1836E-03 0.1677E-01
   3     -0.2309353E-01 0.1613E-03 -0.2306199E-01 0.1211E-03 0.5237E-01
   4     -0.2298608E-01 0.1586E-03 -0.2303415E-01 0.9631E-04 0.8307E-01
   5     -0.2290078E-01 0.1555E-03 -0.2299753E-01 0.8192E-04 0.1945    
   6     -0.2331096E-01 0.1598E-03 -0.2306407E-01 0.7286E-04 0.7738    
   7     -0.2278730E-01 0.1557E-03 -0.2301536E-01 0.6602E-04  1.072    
   8     -0.2296848E-01 0.1563E-03 -0.2300829E-01 0.6082E-04 0.9302    
   9     -0.2300895E-01 0.1569E-03 -0.2300838E-01 0.5671E-04 0.8140    
  10     -0.2274742E-01 0.1581E-03 -0.2297925E-01 0.5339E-04 0.9885    



 INPUT PARAMETERS FOR VEGAS:  NDIM=  4  NCALL=  457773282.
                              IT=    0  ITMX=   20
                              MDS= -1   ND=  41
   1     -0.2297643E-01 0.5076E-04 -0.2297643E-01 0.5076E-04  0.000    
   2     -0.2291469E-01 0.5051E-04 -0.2294549E-01 0.3580E-04 0.7435    
   3     -0.2287168E-01 0.5043E-04 -0.2292086E-01 0.2919E-04  1.083    
   4     -0.2301528E-01 0.5063E-04 -0.2294456E-01 0.2529E-04  1.594    
   5     -0.2292159E-01 0.5048E-04 -0.2293996E-01 0.2261E-04  1.238    
   6     -0.2293777E-01 0.5053E-04 -0.2293959E-01 0.2064E-04 0.9904    
   7     -0.2294556E-01 0.5052E-04 -0.2294045E-01 0.1911E-04 0.8272    
   8     -0.2293768E-01 0.5055E-04 -0.2294010E-01 0.1787E-04 0.7094    
   9     -0.2299738E-01 0.5063E-04 -0.2294648E-01 0.1685E-04 0.7632    
  10     -0.2301561E-01 0.5060E-04 -0.2295342E-01 0.1599E-04 0.8656    
  11     -0.2297669E-01 0.5059E-04 -0.2295553E-01 0.1525E-04 0.7982    
  12     -0.2303918E-01 0.5064E-04 -0.2296253E-01 0.1460E-04 0.9540    
  13     -0.2295218E-01 0.5044E-04 -0.2296173E-01 0.1402E-04 0.8778    
  14     -0.2303053E-01 0.5073E-04 -0.2296664E-01 0.1352E-04 0.9420    
  15     -0.2293357E-01 0.5055E-04 -0.2296444E-01 0.1306E-04 0.9033    
  16     -0.2295025E-01 0.5060E-04 -0.2296356E-01 0.1264E-04 0.8481    
  17     -0.2291824E-01 0.5053E-04 -0.2296090E-01 0.1227E-04 0.8424    
  18     -0.2302909E-01 0.5067E-04 -0.2296469E-01 0.1192E-04 0.8938    
  19     -0.2292398E-01 0.5050E-04 -0.2296255E-01 0.1160E-04 0.8784    
  20     -0.2295182E-01 0.5051E-04 -0.2296201E-01 0.1131E-04 0.8344    
   
   
 ~~~~~~~~~~~~~~~~~~~~~~~~~~~~~~~~~~~~~~~~~~~~
     Calculating PlusB distribution
 ~~~~~~~~~~~~~~~~~~~~~~~~~~~~~~~~~~~~~~~~~~~~
   
 RM48 INITIALIZED:        40           0         0



 INPUT PARAMETERS FOR VEGAS:  NDIM=  4  NCALL=   48020000.
                              IT=    0  ITMX=   10
                              MDS= -1   ND=  35
   1     -0.2450120E-01 0.8234E-03 -0.2450120E-01 0.8234E-03  0.000    
   2     -0.2332297E-01 0.1915E-03 -0.2338936E-01 0.1908E-03  2.028    
   3     -0.2368029E-01 0.1660E-03 -0.2355352E-01 0.1255E-03  1.681    
   4     -0.2371273E-01 0.1624E-03 -0.2361266E-01 0.9939E-04  1.323    
   5     -0.2336652E-01 0.1584E-03 -0.2354500E-01 0.8433E-04  1.424    
   6     -0.2354913E-01 0.1614E-03 -0.2354587E-01 0.7476E-04  1.142    
   7     -0.2354960E-01 0.1612E-03 -0.2354653E-01 0.6784E-04 0.9536    
   8     -0.2368832E-01 0.1607E-03 -0.2356799E-01 0.6250E-04 0.9117    
   9     -0.2345418E-01 0.1617E-03 -0.2355344E-01 0.5830E-04 0.8525    
  10     -0.2347121E-01 0.1623E-03 -0.2354416E-01 0.5488E-04 0.7839    



 INPUT PARAMETERS FOR VEGAS:  NDIM=  4  NCALL=  457773282.
                              IT=    0  ITMX=   20
                              MDS= -1   ND=  41
   1     -0.2350787E-01 0.5188E-04 -0.2350787E-01 0.5188E-04  0.000    
   2     -0.2350293E-01 0.5196E-04 -0.2350540E-01 0.3671E-04 0.4529E-02
   3     -0.2356448E-01 0.5194E-04 -0.2352515E-01 0.2998E-04 0.4343    
   4     -0.2356392E-01 0.5197E-04 -0.2353486E-01 0.2597E-04 0.4286    
   5     -0.2349349E-01 0.5191E-04 -0.2352660E-01 0.2323E-04 0.4484    
   6     -0.2351347E-01 0.5194E-04 -0.2352441E-01 0.2120E-04 0.3695    
   7     -0.2351448E-01 0.5190E-04 -0.2352299E-01 0.1963E-04 0.3131    
   8     -0.2354321E-01 0.5202E-04 -0.2352552E-01 0.1836E-04 0.2873    
   9     -0.2349070E-01 0.5192E-04 -0.2352166E-01 0.1731E-04 0.3013    
  10     -0.2353268E-01 0.5182E-04 -0.2352276E-01 0.1642E-04 0.2723    
  11     -0.2360963E-01 0.5196E-04 -0.2353070E-01 0.1566E-04 0.5006    
  12     -0.2356246E-01 0.5201E-04 -0.2353335E-01 0.1499E-04 0.4861    
  13     -0.2353055E-01 0.5189E-04 -0.2353313E-01 0.1440E-04 0.4458    
  14     -0.2346400E-01 0.5181E-04 -0.2352820E-01 0.1388E-04 0.5382    
  15     -0.2357417E-01 0.5195E-04 -0.2353127E-01 0.1341E-04 0.5520    
  16     -0.2360967E-01 0.5199E-04 -0.2353619E-01 0.1298E-04 0.6580    
  17     -0.2361920E-01 0.5196E-04 -0.2354110E-01 0.1260E-04 0.7677    
  18     -0.2360764E-01 0.5203E-04 -0.2354481E-01 0.1224E-04 0.8137    
  19     -0.2355610E-01 0.5190E-04 -0.2354540E-01 0.1191E-04 0.7709    
  20     -0.2347651E-01 0.5179E-04 -0.2354196E-01 0.1161E-04 0.8185    
   
   
 Integral Plus:   5.7994320094705357E-004 +-   0.0000000000000000     
 with chisq    =  0.81854555589890432     
  
  
  
 For xq =         1600 
  
   
   
 ~~~~~~~~~~~~~~~~~~~~~~~~~~~~~~~~~~~~~~~~~~~~
     Calculating PlusA distribution
 ~~~~~~~~~~~~~~~~~~~~~~~~~~~~~~~~~~~~~~~~~~~~
   
 RM48 INITIALIZED:        40           0         0



 INPUT PARAMETERS FOR VEGAS:  NDIM=  4  NCALL=   48020000.
                              IT=    0  ITMX=   10
                              MDS= -1   ND=  35
   1     -0.2429654E-01 0.8026E-03 -0.2429654E-01 0.8026E-03  0.000    
   2     -0.2499152E-01 0.2161E-03 -0.2494696E-01 0.2062E-03 0.6820    
   3     -0.2547229E-01 0.1869E-03 -0.2524378E-01 0.1375E-03  2.127    
   4     -0.2514425E-01 0.1815E-03 -0.2520709E-01 0.1095E-03  1.476    
   5     -0.2506615E-01 0.1806E-03 -0.2516900E-01 0.9360E-04  1.217    
   6     -0.2535530E-01 0.1821E-03 -0.2520881E-01 0.8320E-04  1.138    
   7     -0.2530781E-01 0.1815E-03 -0.2522629E-01 0.7561E-04 0.9868    
   8     -0.2522224E-01 0.1821E-03 -0.2522569E-01 0.6982E-04 0.8448    
   9     -0.2519588E-01 0.1814E-03 -0.2522182E-01 0.6516E-04 0.7416    
  10     -0.2527420E-01 0.1829E-03 -0.2522778E-01 0.6138E-04 0.6665    



 INPUT PARAMETERS FOR VEGAS:  NDIM=  4  NCALL=  457773282.
                              IT=    0  ITMX=   20
                              MDS= -1   ND=  41
   1     -0.2530982E-01 0.5864E-04 -0.2530982E-01 0.5864E-04  0.000    
   2     -0.2534593E-01 0.5882E-04 -0.2532784E-01 0.4153E-04 0.1890    
   3     -0.2537324E-01 0.5881E-04 -0.2534298E-01 0.3392E-04 0.2935    
   4     -0.2544565E-01 0.5872E-04 -0.2536883E-01 0.2937E-04 0.9623    
   5     -0.2527965E-01 0.5849E-04 -0.2535097E-01 0.2625E-04  1.185    
   6     -0.2540675E-01 0.5898E-04 -0.2536022E-01 0.2398E-04  1.097    
   7     -0.2538630E-01 0.5884E-04 -0.2536394E-01 0.2221E-04 0.9420    
   8     -0.2531429E-01 0.5871E-04 -0.2535775E-01 0.2077E-04 0.8969    
   9     -0.2529581E-01 0.5862E-04 -0.2535087E-01 0.1958E-04 0.9088    
  10     -0.2530882E-01 0.5867E-04 -0.2534667E-01 0.1857E-04 0.8593    
  11     -0.2529771E-01 0.5863E-04 -0.2534222E-01 0.1771E-04 0.8368    
  12     -0.2528900E-01 0.5861E-04 -0.2533779E-01 0.1695E-04 0.8294    
  13     -0.2538655E-01 0.5898E-04 -0.2534152E-01 0.1629E-04 0.8129    
  14     -0.2531299E-01 0.5877E-04 -0.2533949E-01 0.1570E-04 0.7673    
  15     -0.2529437E-01 0.5859E-04 -0.2533648E-01 0.1516E-04 0.7520    
  16     -0.2536129E-01 0.5873E-04 -0.2533803E-01 0.1468E-04 0.7130    
  17     -0.2526580E-01 0.5863E-04 -0.2533379E-01 0.1424E-04 0.7575    
  18     -0.2540828E-01 0.5870E-04 -0.2533796E-01 0.1384E-04 0.8026    
  19     -0.2535983E-01 0.5885E-04 -0.2533910E-01 0.1347E-04 0.7652    
  20     -0.2527031E-01 0.5864E-04 -0.2533567E-01 0.1313E-04 0.7936    
   
   
 ~~~~~~~~~~~~~~~~~~~~~~~~~~~~~~~~~~~~~~~~~~~~
     Calculating PlusB distribution
 ~~~~~~~~~~~~~~~~~~~~~~~~~~~~~~~~~~~~~~~~~~~~
   
 RM48 INITIALIZED:        40           0         0



 INPUT PARAMETERS FOR VEGAS:  NDIM=  4  NCALL=   48020000.
                              IT=    0  ITMX=   10
                              MDS= -1   ND=  35
   1     -0.2517194E-01 0.8099E-03 -0.2517194E-01 0.8099E-03  0.000    
   2     -0.2600731E-01 0.2234E-03 -0.2595176E-01 0.2124E-03 0.9606    
   3     -0.2571055E-01 0.1906E-03 -0.2581765E-01 0.1417E-03 0.8364    
   4     -0.2599682E-01 0.1886E-03 -0.2588349E-01 0.1131E-03 0.7480    
   5     -0.2578119E-01 0.1865E-03 -0.2585589E-01 0.9671E-04 0.6156    
   6     -0.2572115E-01 0.1847E-03 -0.2582693E-01 0.8568E-04 0.5760    
   7     -0.2632601E-01 0.1869E-03 -0.2591690E-01 0.7783E-04  1.490    
   8     -0.2614929E-01 0.1875E-03 -0.2595181E-01 0.7186E-04  1.463    
   9     -0.2580202E-01 0.1863E-03 -0.2593248E-01 0.6705E-04  1.351    
  10     -0.2583609E-01 0.1873E-03 -0.2592155E-01 0.6313E-04  1.227    



 INPUT PARAMETERS FOR VEGAS:  NDIM=  4  NCALL=  457773282.
                              IT=    0  ITMX=   20
                              MDS= -1   ND=  41
   1     -0.2608600E-01 0.6007E-04 -0.2608600E-01 0.6007E-04  0.000    
   2     -0.2599054E-01 0.5989E-04 -0.2603829E-01 0.4241E-04  1.266    
   3     -0.2599380E-01 0.5998E-04 -0.2602349E-01 0.3463E-04 0.8171    
   4     -0.2611149E-01 0.6005E-04 -0.2604557E-01 0.3000E-04  1.083    
   5     -0.2600373E-01 0.5993E-04 -0.2603720E-01 0.2683E-04 0.9098    
   6     -0.2593973E-01 0.5993E-04 -0.2602104E-01 0.2448E-04  1.167    
   7     -0.2600308E-01 0.5994E-04 -0.2601847E-01 0.2267E-04 0.9857    
   8     -0.2611229E-01 0.6016E-04 -0.2603021E-01 0.2121E-04  1.150    
   9     -0.2595489E-01 0.5987E-04 -0.2602185E-01 0.1999E-04  1.182    
  10     -0.2613983E-01 0.6012E-04 -0.2603370E-01 0.1897E-04  1.438    
  11     -0.2601104E-01 0.6005E-04 -0.2603164E-01 0.1809E-04  1.307    
  12     -0.2596722E-01 0.5987E-04 -0.2602628E-01 0.1732E-04  1.285    
  13     -0.2604454E-01 0.5992E-04 -0.2602769E-01 0.1664E-04  1.185    
  14     -0.2589653E-01 0.5981E-04 -0.2601836E-01 0.1603E-04  1.435    
  15     -0.2591847E-01 0.5974E-04 -0.2601170E-01 0.1548E-04  1.518    
  16     -0.2611130E-01 0.6012E-04 -0.2601794E-01 0.1499E-04  1.589    
  17     -0.2596927E-01 0.5986E-04 -0.2601507E-01 0.1454E-04  1.529    
  18     -0.2608651E-01 0.6010E-04 -0.2601905E-01 0.1413E-04  1.517    
  19     -0.2600017E-01 0.6013E-04 -0.2601806E-01 0.1376E-04  1.438    
  20     -0.2594948E-01 0.5978E-04 -0.2601463E-01 0.1341E-04  1.428    
   
   
 Integral Plus:   6.7895393906763218E-004 +-   0.0000000000000000     
 with chisq    =   1.4283507647219786     
  
  
  
 For xq =         1900 
  
   
   
 ~~~~~~~~~~~~~~~~~~~~~~~~~~~~~~~~~~~~~~~~~~~~
     Calculating PlusA distribution
 ~~~~~~~~~~~~~~~~~~~~~~~~~~~~~~~~~~~~~~~~~~~~
   
 RM48 INITIALIZED:        40           0         0



 INPUT PARAMETERS FOR VEGAS:  NDIM=  4  NCALL=   48020000.
                              IT=    0  ITMX=   10
                              MDS= -1   ND=  35
   1     -0.2618434E-01 0.8150E-03 -0.2618434E-01 0.8150E-03  0.000    
   2     -0.2697672E-01 0.2339E-03 -0.2691966E-01 0.2220E-03 0.8511    
   3     -0.2697196E-01 0.2052E-03 -0.2694824E-01 0.1503E-03 0.4364    
   4     -0.2702352E-01 0.2021E-03 -0.2697543E-01 0.1204E-03 0.3193    
   5     -0.2712618E-01 0.2021E-03 -0.2701568E-01 0.1034E-03 0.3423    
   6     -0.2675199E-01 0.2003E-03 -0.2696056E-01 0.9188E-04 0.5466    
   7     -0.2676688E-01 0.2003E-03 -0.2692705E-01 0.8352E-04 0.5841    
   8     -0.2690492E-01 0.2018E-03 -0.2692380E-01 0.7717E-04 0.5017    
   9     -0.2698221E-01 0.2020E-03 -0.2693131E-01 0.7208E-04 0.4477    
  10     -0.2701595E-01 0.2039E-03 -0.2694081E-01 0.6796E-04 0.4147    



 INPUT PARAMETERS FOR VEGAS:  NDIM=  4  NCALL=  457773282.
                              IT=    0  ITMX=   20
                              MDS= -1   ND=  41
   1     -0.2698998E-01 0.6525E-04 -0.2698998E-01 0.6525E-04  0.000    
   2     -0.2707386E-01 0.6537E-04 -0.2703198E-01 0.4618E-04 0.8248    
   3     -0.2698343E-01 0.6520E-04 -0.2701580E-01 0.3769E-04 0.5973    
   4     -0.2707659E-01 0.6546E-04 -0.2703098E-01 0.3266E-04 0.6141    
   5     -0.2699407E-01 0.6532E-04 -0.2702362E-01 0.2921E-04 0.5246    
   6     -0.2711435E-01 0.6540E-04 -0.2703879E-01 0.2667E-04 0.7415    
   7     -0.2710990E-01 0.6549E-04 -0.2704895E-01 0.2470E-04 0.7867    
   8     -0.2693038E-01 0.6513E-04 -0.2703416E-01 0.2310E-04  1.086    
   9     -0.2709330E-01 0.6534E-04 -0.2704075E-01 0.2178E-04  1.041    
  10     -0.2711529E-01 0.6534E-04 -0.2704824E-01 0.2066E-04  1.056    
  11     -0.2694525E-01 0.6506E-04 -0.2703887E-01 0.1969E-04  1.177    
  12     -0.2717898E-01 0.6564E-04 -0.2705055E-01 0.1886E-04  1.452    
  13     -0.2703008E-01 0.6552E-04 -0.2704899E-01 0.1812E-04  1.339    
  14     -0.2706490E-01 0.6540E-04 -0.2705012E-01 0.1747E-04  1.240    
  15     -0.2694822E-01 0.6504E-04 -0.2704332E-01 0.1687E-04  1.315    
  16     -0.2711014E-01 0.6550E-04 -0.2704749E-01 0.1634E-04  1.292    
  17     -0.2697960E-01 0.6518E-04 -0.2704350E-01 0.1585E-04  1.275    
  18     -0.2704079E-01 0.6532E-04 -0.2704335E-01 0.1540E-04  1.200    
  19     -0.2693365E-01 0.6507E-04 -0.2703758E-01 0.1498E-04  1.282    
  20     -0.2703563E-01 0.6550E-04 -0.2703748E-01 0.1461E-04  1.215    
   
   
 ~~~~~~~~~~~~~~~~~~~~~~~~~~~~~~~~~~~~~~~~~~~~
     Calculating PlusB distribution
 ~~~~~~~~~~~~~~~~~~~~~~~~~~~~~~~~~~~~~~~~~~~~
   
 RM48 INITIALIZED:        40           0         0



 INPUT PARAMETERS FOR VEGAS:  NDIM=  4  NCALL=   48020000.
                              IT=    0  ITMX=   10
                              MDS= -1   ND=  35
   1     -0.2745532E-01 0.8290E-03 -0.2745532E-01 0.8290E-03  0.000    
   2     -0.2785983E-01 0.2402E-03 -0.2782933E-01 0.2293E-03 0.2169    
   3     -0.2799212E-01 0.2128E-03 -0.2791776E-01 0.1556E-03 0.2434    
   4     -0.2825504E-01 0.2091E-03 -0.2804070E-01 0.1246E-03 0.7266    
   5     -0.2745603E-01 0.2060E-03 -0.2788765E-01 0.1067E-03  1.998    
   6     -0.2794042E-01 0.2072E-03 -0.2789880E-01 0.9486E-04  1.606    
   7     -0.2790574E-01 0.2101E-03 -0.2789998E-01 0.8644E-04  1.338    
   8     -0.2750396E-01 0.2065E-03 -0.2784215E-01 0.7976E-04  1.589    
   9     -0.2794557E-01 0.2081E-03 -0.2785551E-01 0.7447E-04  1.416    
  10     -0.2770751E-01 0.2074E-03 -0.2783872E-01 0.7010E-04  1.310    



 INPUT PARAMETERS FOR VEGAS:  NDIM=  4  NCALL=  457773282.
                              IT=    0  ITMX=   20
                              MDS= -1   ND=  41
   1     -0.2790274E-01 0.6708E-04 -0.2790274E-01 0.6708E-04  0.000    
   2     -0.2780654E-01 0.6702E-04 -0.2785476E-01 0.4741E-04  1.029    
   3     -0.2785409E-01 0.6700E-04 -0.2785454E-01 0.3870E-04 0.5146    
   4     -0.2777164E-01 0.6693E-04 -0.2783386E-01 0.3350E-04 0.7257    
   5     -0.2790832E-01 0.6716E-04 -0.2784876E-01 0.2998E-04 0.7905    
   6     -0.2779339E-01 0.6695E-04 -0.2783954E-01 0.2736E-04 0.7465    
   7     -0.2789467E-01 0.6693E-04 -0.2784746E-01 0.2533E-04 0.7189    
   8     -0.2794417E-01 0.6726E-04 -0.2785955E-01 0.2370E-04 0.8756    
   9     -0.2785628E-01 0.6705E-04 -0.2785918E-01 0.2235E-04 0.7665    
  10     -0.2786756E-01 0.6709E-04 -0.2786002E-01 0.2120E-04 0.6828    
  11     -0.2783174E-01 0.6709E-04 -0.2785746E-01 0.2022E-04 0.6308    
  12     -0.2782435E-01 0.6692E-04 -0.2785470E-01 0.1935E-04 0.5939    
  13     -0.2773679E-01 0.6683E-04 -0.2784564E-01 0.1859E-04 0.7824    
  14     -0.2779628E-01 0.6686E-04 -0.2784211E-01 0.1791E-04 0.7612    
  15     -0.2789441E-01 0.6707E-04 -0.2784561E-01 0.1730E-04 0.7473    
  16     -0.2777373E-01 0.6675E-04 -0.2784110E-01 0.1675E-04 0.7698    
  17     -0.2786113E-01 0.6694E-04 -0.2784228E-01 0.1625E-04 0.7269    
  18     -0.2788586E-01 0.6696E-04 -0.2784471E-01 0.1579E-04 0.7076    
  19     -0.2797906E-01 0.6727E-04 -0.2785179E-01 0.1537E-04 0.8798    
  20     -0.2787405E-01 0.6701E-04 -0.2785291E-01 0.1498E-04 0.8390    
   
   
 Integral Plus:   8.1543032211148919E-004 +-   0.0000000000000000     
 with chisq    =  0.83897328119099690     
  
  
  
 For xq =         2200 
  
   
   
 ~~~~~~~~~~~~~~~~~~~~~~~~~~~~~~~~~~~~~~~~~~~~
     Calculating PlusA distribution
 ~~~~~~~~~~~~~~~~~~~~~~~~~~~~~~~~~~~~~~~~~~~~
   
 RM48 INITIALIZED:        40           0         0



 INPUT PARAMETERS FOR VEGAS:  NDIM=  4  NCALL=   48020000.
                              IT=    0  ITMX=   10
                              MDS= -1   ND=  35
   1     -0.2993918E-01 0.9214E-03 -0.2993918E-01 0.9214E-03  0.000    
   2     -0.3069541E-01 0.2729E-03 -0.3063716E-01 0.2590E-03 0.6062    
   3     -0.3020761E-01 0.2382E-03 -0.3040527E-01 0.1755E-03  1.048    
   4     -0.3054708E-01 0.2374E-03 -0.3045595E-01 0.1410E-03 0.7732    
   5     -0.3070276E-01 0.2363E-03 -0.3052185E-01 0.1210E-03 0.7809    
   6     -0.3052636E-01 0.2348E-03 -0.3052280E-01 0.1075E-03 0.6240    
   7     -0.3108982E-01 0.2389E-03 -0.3062174E-01 0.9799E-04  1.321    
   8     -0.3085046E-01 0.2358E-03 -0.3065602E-01 0.9047E-04  1.245    
   9     -0.3039668E-01 0.2344E-03 -0.3062273E-01 0.8441E-04  1.223    
  10     -0.3026761E-01 0.2372E-03 -0.3058346E-01 0.7953E-04  1.307    



 INPUT PARAMETERS FOR VEGAS:  NDIM=  4  NCALL=  457773282.
                              IT=    0  ITMX=   20
                              MDS= -1   ND=  41
   1     -0.3056140E-01 0.7622E-04 -0.3056140E-01 0.7622E-04  0.000    
   2     -0.3055340E-01 0.7626E-04 -0.3055740E-01 0.5391E-04 0.5503E-02
   3     -0.3065376E-01 0.7640E-04 -0.3058957E-01 0.4405E-04 0.5348    
   4     -0.3046259E-01 0.7617E-04 -0.3055794E-01 0.3813E-04  1.049    
   5     -0.3062011E-01 0.7643E-04 -0.3057038E-01 0.3412E-04 0.9185    
   6     -0.3064038E-01 0.7632E-04 -0.3058208E-01 0.3115E-04 0.8749    
   7     -0.3065894E-01 0.7645E-04 -0.3059307E-01 0.2885E-04 0.8735    
   8     -0.3074883E-01 0.7663E-04 -0.3061257E-01 0.2700E-04  1.269    
   9     -0.3066505E-01 0.7637E-04 -0.3061842E-01 0.2545E-04  1.162    
  10     -0.3070180E-01 0.7659E-04 -0.3062675E-01 0.2415E-04  1.152    
  11     -0.3055195E-01 0.7633E-04 -0.3061998E-01 0.2303E-04  1.124    
  12     -0.3055255E-01 0.7614E-04 -0.3061435E-01 0.2204E-04  1.087    
  13     -0.3064618E-01 0.7642E-04 -0.3061680E-01 0.2118E-04  1.010    
  14     -0.3052154E-01 0.7614E-04 -0.3061000E-01 0.2040E-04  1.044    
  15     -0.3059021E-01 0.7630E-04 -0.3060868E-01 0.1971E-04 0.9737    
  16     -0.3052701E-01 0.7616E-04 -0.3060357E-01 0.1908E-04 0.9806    
  17     -0.3062968E-01 0.7628E-04 -0.3060512E-01 0.1851E-04 0.9261    
  18     -0.3052836E-01 0.7613E-04 -0.3060085E-01 0.1799E-04 0.9281    
  19     -0.3057865E-01 0.7615E-04 -0.3059968E-01 0.1751E-04 0.8810    
  20     -0.3063046E-01 0.7635E-04 -0.3060122E-01 0.1706E-04 0.8427    
   
   
 ~~~~~~~~~~~~~~~~~~~~~~~~~~~~~~~~~~~~~~~~~~~~
     Calculating PlusB distribution
 ~~~~~~~~~~~~~~~~~~~~~~~~~~~~~~~~~~~~~~~~~~~~
   
 RM48 INITIALIZED:        40           0         0



 INPUT PARAMETERS FOR VEGAS:  NDIM=  4  NCALL=   48020000.
                              IT=    0  ITMX=   10
                              MDS= -1   ND=  35
   1     -0.3084353E-01 0.9178E-03 -0.3084353E-01 0.9178E-03  0.000    
   2     -0.3218525E-01 0.2837E-03 -0.3207701E-01 0.2664E-03  1.881    
   3     -0.3155671E-01 0.2465E-03 -0.3179642E-01 0.1809E-03  1.967    
   4     -0.3155802E-01 0.2422E-03 -0.3171095E-01 0.1449E-03  1.519    
   5     -0.3148501E-01 0.2403E-03 -0.3165084E-01 0.1241E-03  1.301    
   6     -0.3167064E-01 0.2427E-03 -0.3165497E-01 0.1105E-03  1.041    
   7     -0.3191264E-01 0.2433E-03 -0.3169986E-01 0.1006E-03  1.022    
   8     -0.3118521E-01 0.2414E-03 -0.3162547E-01 0.9286E-04  1.421    
   9     -0.3161262E-01 0.2448E-03 -0.3162385E-01 0.8682E-04  1.243    
  10     -0.3172668E-01 0.2463E-03 -0.3163532E-01 0.8188E-04  1.121    



 INPUT PARAMETERS FOR VEGAS:  NDIM=  4  NCALL=  457773282.
                              IT=    0  ITMX=   20
                              MDS= -1   ND=  41
   1     -0.3153977E-01 0.7842E-04 -0.3153977E-01 0.7842E-04  0.000    
   2     -0.3140139E-01 0.7837E-04 -0.3147083E-01 0.5543E-04  1.558    
   3     -0.3164175E-01 0.7852E-04 -0.3152810E-01 0.4528E-04  2.363    
   4     -0.3157639E-01 0.7847E-04 -0.3154019E-01 0.3922E-04  1.669    
   5     -0.3160791E-01 0.7855E-04 -0.3155375E-01 0.3509E-04  1.400    
   6     -0.3162695E-01 0.7862E-04 -0.3156596E-01 0.3204E-04  1.264    
   7     -0.3150544E-01 0.7852E-04 -0.3155734E-01 0.2967E-04  1.139    
   8     -0.3166881E-01 0.7856E-04 -0.3157134E-01 0.2775E-04  1.228    
   9     -0.3163220E-01 0.7859E-04 -0.3157812E-01 0.2617E-04  1.141    
  10     -0.3160103E-01 0.7846E-04 -0.3158041E-01 0.2483E-04  1.023    
  11     -0.3151204E-01 0.7842E-04 -0.3157421E-01 0.2367E-04 0.9895    
  12     -0.3156949E-01 0.7844E-04 -0.3157382E-01 0.2266E-04 0.8999    
  13     -0.3154663E-01 0.7867E-04 -0.3157174E-01 0.2177E-04 0.8342    
  14     -0.3160780E-01 0.7865E-04 -0.3157431E-01 0.2098E-04 0.7849    
  15     -0.3150343E-01 0.7830E-04 -0.3156958E-01 0.2027E-04 0.7835    
  16     -0.3149188E-01 0.7856E-04 -0.3156475E-01 0.1963E-04 0.7923    
  17     -0.3150607E-01 0.7836E-04 -0.3156130E-01 0.1904E-04 0.7758    
  18     -0.3161524E-01 0.7867E-04 -0.3156429E-01 0.1850E-04 0.7563    
  19     -0.3164772E-01 0.7862E-04 -0.3156869E-01 0.1801E-04 0.7736    
  20     -0.3155302E-01 0.7838E-04 -0.3156791E-01 0.1755E-04 0.7349    
   
   
 Integral Plus:   9.6668986118411682E-004 +-   0.0000000000000000     
 with chisq    =  0.73493195297417369     
  
  
  
 For xq =         2500 
  
   
   
 ~~~~~~~~~~~~~~~~~~~~~~~~~~~~~~~~~~~~~~~~~~~~
     Calculating PlusA distribution
 ~~~~~~~~~~~~~~~~~~~~~~~~~~~~~~~~~~~~~~~~~~~~
   
 RM48 INITIALIZED:        40           0         0



 INPUT PARAMETERS FOR VEGAS:  NDIM=  4  NCALL=   48020000.
                              IT=    0  ITMX=   10
                              MDS= -1   ND=  35
   1     -0.1140883     0.4852E-02 -0.1140883     0.4852E-02  0.000    
   2     -0.1136195     0.1449E-02 -0.1136582     0.1391E-02 0.8598E-02
   3     -0.1112502     0.1285E-02 -0.1123867     0.9481E-03 0.8082    
   4     -0.1119876     0.1294E-02 -0.1122490     0.7655E-03 0.5617    
   5     -0.1107770     0.1270E-02 -0.1118668     0.6564E-03 0.6659    
   6     -0.1118363     0.1294E-02 -0.1118606     0.5855E-03 0.5336    
   7     -0.1125964     0.1290E-02 -0.1119868     0.5331E-03 0.4894    
   8     -0.1105257     0.1275E-02 -0.1117752     0.4920E-03 0.5772    
   9     -0.1123940     0.1278E-02 -0.1118554     0.4592E-03 0.5304    
  10     -0.1114373     0.1294E-02 -0.1118091     0.4328E-03 0.4822    



 INPUT PARAMETERS FOR VEGAS:  NDIM=  4  NCALL=  457773282.
                              IT=    0  ITMX=   20
                              MDS= -1   ND=  41
   1     -0.1116451     0.4142E-03 -0.1116451     0.4142E-03  0.000    
   2     -0.1110949     0.4163E-03 -0.1113727     0.2936E-03 0.8776    
   3     -0.1107839     0.4128E-03 -0.1111764     0.2393E-03  1.113    
   4     -0.1108029     0.4132E-03 -0.1110830     0.2071E-03 0.9468    
   5     -0.1103623     0.4126E-03 -0.1109396     0.1851E-03  1.317    
   6     -0.1109244     0.4132E-03 -0.1109370     0.1689E-03  1.054    
   7     -0.1121013     0.4171E-03 -0.1111040     0.1566E-03  2.008    
   8     -0.1104283     0.4123E-03 -0.1110198     0.1464E-03  2.056    
   9     -0.1115800     0.4150E-03 -0.1110823     0.1380E-03  2.001    
  10     -0.1107904     0.4141E-03 -0.1110532     0.1309E-03  1.829    
  11     -0.1113050     0.4132E-03 -0.1110763     0.1248E-03  1.679    
  12     -0.1110866     0.4123E-03 -0.1110772     0.1195E-03  1.527    
  13     -0.1118816     0.4162E-03 -0.1111392     0.1148E-03  1.689    
  14     -0.1112220     0.4165E-03 -0.1111451     0.1107E-03  1.562    
  15     -0.1110942     0.4132E-03 -0.1111417     0.1069E-03  1.451    
  16     -0.1105481     0.4120E-03 -0.1111046     0.1035E-03  1.484    
  17     -0.1109886     0.4135E-03 -0.1110977     0.1004E-03  1.396    
  18     -0.1111415     0.4158E-03 -0.1111002     0.9760E-04  1.314    
  19     -0.1113756     0.4161E-03 -0.1111146     0.9502E-04  1.264    
  20     -0.1114439     0.4152E-03 -0.1111311     0.9263E-04  1.229    
   
   
 ~~~~~~~~~~~~~~~~~~~~~~~~~~~~~~~~~~~~~~~~~~~~
     Calculating PlusB distribution
 ~~~~~~~~~~~~~~~~~~~~~~~~~~~~~~~~~~~~~~~~~~~~
   
 RM48 INITIALIZED:        40           0         0



 INPUT PARAMETERS FOR VEGAS:  NDIM=  4  NCALL=   48020000.
                              IT=    0  ITMX=   10
                              MDS= -1   ND=  35
   1     -0.1169143     0.4924E-02 -0.1169143     0.4924E-02  0.000    
   2     -0.1164951     0.1468E-02 -0.1165295     0.1409E-02 0.6674E-02
   3     -0.1149683     0.1339E-02 -0.1157211     0.9732E-03 0.3246    
   4     -0.1143876     0.1297E-02 -0.1152498     0.7797E-03 0.4408    
   5     -0.1157802     0.1317E-02 -0.1153876     0.6709E-03 0.3606    
   6     -0.1163619     0.1328E-02 -0.1155874     0.5987E-03 0.3742    
   7     -0.1166794     0.1331E-02 -0.1157735     0.5459E-03 0.4055    
   8     -0.1166417     0.1337E-02 -0.1158989     0.5053E-03 0.3992    
   9     -0.1149516     0.1322E-02 -0.1157801     0.4721E-03 0.4052    
  10     -0.1153189     0.1321E-02 -0.1157284     0.4446E-03 0.3724    



 INPUT PARAMETERS FOR VEGAS:  NDIM=  4  NCALL=  457773282.
                              IT=    0  ITMX=   20
                              MDS= -1   ND=  41
   1     -0.1149199     0.4276E-03 -0.1149199     0.4276E-03  0.000    
   2     -0.1149009     0.4283E-03 -0.1149104     0.3026E-03 0.9877E-03
   3     -0.1153099     0.4296E-03 -0.1150436     0.2474E-03 0.2902    
   4     -0.1154186     0.4289E-03 -0.1151376     0.2143E-03 0.3850    
   5     -0.1148084     0.4276E-03 -0.1150719     0.1916E-03 0.4071    
   6     -0.1150232     0.4280E-03 -0.1150637     0.1749E-03 0.3279    
   7     -0.1150550     0.4284E-03 -0.1150625     0.1619E-03 0.2733    
   8     -0.1146170     0.4265E-03 -0.1150068     0.1514E-03 0.3699    
   9     -0.1146063     0.4277E-03 -0.1149625     0.1427E-03 0.4208    
  10     -0.1149526     0.4289E-03 -0.1149615     0.1354E-03 0.3741    
  11     -0.1147930     0.4281E-03 -0.1149462     0.1291E-03 0.3508    
  12     -0.1143414     0.4262E-03 -0.1148959     0.1235E-03 0.4854    
  13     -0.1148514     0.4280E-03 -0.1148925     0.1187E-03 0.4458    
  14     -0.1146934     0.4280E-03 -0.1148783     0.1144E-03 0.4270    
  15     -0.1149316     0.4272E-03 -0.1148819     0.1105E-03 0.3975    
  16     -0.1161687     0.4315E-03 -0.1149627     0.1070E-03 0.9380    
  17     -0.1154069     0.4284E-03 -0.1149890     0.1038E-03 0.9426    
  18     -0.1147632     0.4278E-03 -0.1149765     0.1009E-03 0.9028    
  19     -0.1149325     0.4277E-03 -0.1149742     0.9822E-04 0.8532    
  20     -0.1155146     0.4301E-03 -0.1150012     0.9575E-04 0.8876    
   
   
 Integral Plus:   3.8701216560557000E-003 +-   0.0000000000000000     
 with chisq    =  0.88757694999769621     
  
  
  
    xq         Integral Plus                 error
    100      0.654133142929113E-06      0.200492907988324E-07
    400      0.829726990820992E-04      0.316907128370991E-05
    700      0.242249298140210E-03      0.102097795837604E-04
   1000      0.465503270043462E-03      0.173926929075900E-04
   1300      0.579943200947054E-03      0.229191529454180E-04
   1600      0.678953939067632E-03      0.265395330953245E-04
   1900      0.815430322111489E-03      0.295911579749577E-04
   2200      0.966689861184117E-03      0.346186618429978E-04
   2500      0.387012165605570E-02      0.188382731783882E-03
Thanks for using LHAPDF 6.5.4. Please make sure to cite the paper:
  Eur.Phys.J. C75 (2015) 3, 132  (http://arxiv.org/abs/1412.7420)
