   100.00000000000000        1.2501672528087943E-007   1.8551661023747802E-009
   400.00000000000000        2.0965068957147287E-005   4.0076118725920581E-007
   700.00000000000000        7.5226646296966724E-005   1.4614808933298253E-006
   1000.0000000000000        1.4033338228796178E-004   2.6911017266669064E-006
   1300.0000000000000        1.9628542174215558E-004   3.7251107467719570E-006
   1600.0000000000000        2.5268375364103539E-004   4.5061170921662570E-006
   1900.0000000000000        3.0420728927603620E-004   5.1994431199137029E-006
   2200.0000000000000        3.7712038166660017E-004   6.2425647477017781E-006
   2500.0000000000000        1.5916235213827726E-003   4.1015295192917906E-005
   2800.0000000000000                            NaN                       NaN
   3100.0000000000000                            NaN                       NaN
   3400.0000000000000                            NaN                       NaN
   3700.0000000000000                            NaN                       NaN
   4000.0000000000000                            NaN                       NaN
   4300.0000000000000                            NaN                       NaN
   4600.0000000000000                            NaN                       NaN
   4900.0000000000000                            NaN                       NaN
  
 Writing data in the file  ../summary/run2_01/PK_Plus_Plus.dat                                                                 
  
LHAPDF 6.5.4 loading /home/niraj/1TB-Disc/Workspace-IITG/Packages/Install/LHAPDF-6.5.4/install/share/LHAPDF/MMHT2014nlo68cl/MMHT2014nlo68cl_0000.dat
MMHT2014nlo68cl PDF set, member #0, version 3; LHAPDF ID = 25100
   
   
 ~~~~~~~~~~~~~~~~~~~~~~~~~~~~~~~~~~~~~~~~~~~~
     Calculating P and K terms
 ~~~~~~~~~~~~~~~~~~~~~~~~~~~~~~~~~~~~~~~~~~~~
   
   
   
 ~~~~~~~~~~~~~~~~~~~~~~~~~~~~~~~~~~~~~~~~~~~~
     Calculating [+] distribution with delta 1d-5
 ~~~~~~~~~~~~~~~~~~~~~~~~~~~~~~~~~~~~~~~~~~~~
   
 ~~~~~~~~~~~~~~~~~~~~~~~~~~~~~~~~~~~~~~~~
using vegas points:                   8.E+07
         iteration:                   10
 ~~~~~~~~~~~~~~~~~~~~~~~~~~~~~~~~~~~~~~~~
  
 For xq =          100 
  
 RM48 INITIALIZED:        40           0         0



 INPUT PARAMETERS FOR VEGAS:  NDIM=  4  NCALL=   74030112.
                              IT=    0  ITMX=   10
                              MDS= -1   ND=  39
   1     -0.2963675E-06 0.1098E-05 -0.2963675E-06 0.1098E-05  0.000    
   2      0.2538004E-07 0.5638E-07 -0.5973919E-07 0.4007E-06 0.1255    
   3      0.1059973E-06 0.3409E-07  0.1014036E-06 0.5782E-07 0.1942    
   4      0.1318696E-06 0.2998E-07  0.1215277E-06 0.3162E-07 0.2164    
   5      0.1075620E-06 0.2965E-07  0.1171983E-06 0.2462E-07 0.2018    
   6      0.1436543E-06 0.2939E-07  0.1267247E-06 0.1937E-07 0.2530    
   7      0.1705735E-06 0.2922E-07  0.1416090E-06 0.1593E-07 0.4890    
   8      0.1049369E-06 0.2907E-07  0.1373963E-06 0.1445E-07 0.5447    
   9      0.1134378E-06 0.2789E-07  0.1343472E-06 0.1315E-07 0.5482    
  10      0.8058442E-07 0.2716E-07  0.1309375E-06 0.1226E-07 0.6514    



 INPUT PARAMETERS FOR VEGAS:  NDIM=  4  NCALL=  790508322.
                              IT=    0  ITMX=   20
                              MDS= -1   ND=  47
   1      0.1173375E-06 0.8301E-08  0.1173375E-06 0.8301E-08  0.000    
   2      0.1255980E-06 0.8277E-08  0.1217604E-06 0.5861E-08 0.4942    
   3      0.1063805E-06 0.8402E-08  0.1175845E-06 0.4803E-08  1.282    
   4      0.1316593E-06 0.8327E-08  0.1217716E-06 0.4161E-08  1.597    
   5      0.1120764E-06 0.8309E-08  0.1200460E-06 0.3720E-08  1.480    
   6      0.1147286E-06 0.8274E-08  0.1192042E-06 0.3393E-08  1.263    
   7      0.1197464E-06 0.8280E-08  0.1192839E-06 0.3140E-08  1.050    
   8      0.1159646E-06 0.8280E-08  0.1188819E-06 0.2936E-08 0.9239    
   9      0.1270758E-06 0.8283E-08  0.1199215E-06 0.2767E-08 0.9160    
  10      0.1406954E-06 0.8311E-08  0.1227012E-06 0.2626E-08  1.590    
  11      0.1329869E-06 0.8226E-08  0.1238199E-06 0.2501E-08  1.569    
  12      0.1209582E-06 0.8294E-08  0.1235872E-06 0.2394E-08  1.440    
  13      0.1256186E-06 0.8299E-08  0.1237508E-06 0.2301E-08  1.319    
  14      0.1280887E-06 0.8256E-08  0.1240892E-06 0.2216E-08  1.231    
  15      0.1335155E-06 0.8295E-08  0.1248193E-06 0.2141E-08  1.229    
  16      0.1107473E-06 0.8330E-08  0.1241130E-06 0.2073E-08  1.308    
  17      0.1251646E-06 0.8274E-08  0.1241771E-06 0.2011E-08  1.225    
  18      0.1278559E-06 0.8336E-08  0.1243942E-06 0.1955E-08  1.159    
  19      0.1272747E-06 0.8291E-08  0.1245550E-06 0.1903E-08  1.098    
  20      0.1326857E-06 0.8323E-08  0.1250167E-06 0.1855E-08  1.086    
   
   
 Integral Plus:   1.2501672528087943E-007 +-   1.8551661023747802E-009
 with chisq    =   1.0863780498357940     
  
  
  
 For xq =          400 
  
 RM48 INITIALIZED:        40           0         0



 INPUT PARAMETERS FOR VEGAS:  NDIM=  4  NCALL=   74030112.
                              IT=    0  ITMX=   10
                              MDS= -1   ND=  39
   1      0.4013512E-04 0.7089E-04  0.4013512E-04 0.7089E-04  0.000    
   2      0.2240076E-04 0.7591E-05  0.2303037E-04 0.1082E-04 0.9206E-01
   3      0.1823536E-04 0.6219E-05  0.2069155E-04 0.6800E-05 0.1218    
   4      0.2080931E-04 0.6142E-05  0.2073799E-04 0.4972E-05 0.9200E-01
   5      0.1825531E-04 0.5995E-05  0.2013819E-04 0.4091E-05 0.9417E-01
   6      0.1453638E-04 0.5800E-05  0.1935023E-04 0.3574E-05 0.1442    
   7      0.6997938E-05 0.6009E-05  0.1898616E-04 0.3283E-05 0.2057    
   8      0.1911229E-04 0.5953E-05  0.1900924E-04 0.2918E-05 0.1824    
   9      0.5581139E-05 0.5959E-05  0.1880330E-04 0.2741E-05 0.2234    
  10      0.2195624E-04 0.5947E-05  0.1940999E-04 0.2478E-05 0.2241    



 INPUT PARAMETERS FOR VEGAS:  NDIM=  4  NCALL=  790508322.
                              IT=    0  ITMX=   20
                              MDS= -1   ND=  47
   1      0.1649542E-04 0.1792E-05  0.1649542E-04 0.1792E-05  0.000    
   2      0.2023127E-04 0.1798E-05  0.1873306E-04 0.1270E-05  2.080    
   3      0.2331592E-04 0.1798E-05  0.2076412E-04 0.1037E-05  3.276    
   4      0.1592003E-04 0.1787E-05  0.1992617E-04 0.8974E-06  3.803    
   5      0.2084047E-04 0.1782E-05  0.2013614E-04 0.8013E-06  2.813    
   6      0.2340220E-04 0.1790E-05  0.2086409E-04 0.7314E-06  2.790    
   7      0.1978699E-04 0.1798E-05  0.2071718E-04 0.6775E-06  2.390    
   8      0.1763488E-04 0.1791E-05  0.2041358E-04 0.6336E-06  2.411    
   9      0.1929915E-04 0.1785E-05  0.2029531E-04 0.5971E-06  2.165    
  10      0.2065717E-04 0.1786E-05  0.2033450E-04 0.5663E-06  1.912    
  11      0.2087111E-04 0.1794E-05  0.2038749E-04 0.5400E-06  1.714    
  12      0.2038566E-04 0.1797E-05  0.2038733E-04 0.5172E-06  1.553    
  13      0.2274311E-04 0.1788E-05  0.2061679E-04 0.4968E-06  1.558    
  14      0.2281089E-04 0.1794E-05  0.2081135E-04 0.4788E-06  1.541    
  15      0.2286479E-04 0.1799E-05  0.2097853E-04 0.4627E-06  1.513    
  16      0.2261324E-04 0.1784E-05  0.2110093E-04 0.4479E-06  1.456    
  17      0.2070704E-04 0.1797E-05  0.2107797E-04 0.4346E-06  1.368    
  18      0.1830177E-04 0.1796E-05  0.2095698E-04 0.4224E-06  1.409    
  19      0.2178293E-04 0.1790E-05  0.2100534E-04 0.4111E-06  1.335    
  20      0.2015314E-04 0.1799E-05  0.2096507E-04 0.4008E-06  1.279    
   
   
 Integral Plus:   2.0965068957147287E-005 +-   4.0076118725920581E-007
 with chisq    =   1.2788898212631536     
  
  
  
 For xq =          700 
  
 RM48 INITIALIZED:        40           0         0



 INPUT PARAMETERS FOR VEGAS:  NDIM=  4  NCALL=   74030112.
                              IT=    0  ITMX=   10
                              MDS= -1   ND=  39
   1      0.8685806E-04 0.1642E-03  0.8685806E-04 0.1642E-03  0.000    
   2      0.8218563E-04 0.2700E-04  0.8232257E-04 0.2737E-04 0.8292E-03
   3      0.7787819E-04 0.2245E-04  0.7984375E-04 0.1773E-04 0.8183E-02
   4      0.5049579E-04 0.2162E-04  0.7392099E-04 0.1456E-04 0.2248    
   5      0.3540267E-04 0.2156E-04  0.7042788E-04 0.1275E-04 0.3880    
   6      0.5689102E-04 0.2167E-04  0.6788160E-04 0.1117E-04 0.3733    
   7      0.6557527E-04 0.2142E-04  0.6741153E-04 0.9922E-05 0.3152    
   8      0.5264656E-04 0.2154E-04  0.6571471E-04 0.9106E-05 0.3221    
   9      0.4735006E-04 0.2159E-04  0.6415961E-04 0.8476E-05 0.3432    
  10      0.5909507E-04 0.2124E-04  0.6355226E-04 0.7894E-05 0.3144    



 INPUT PARAMETERS FOR VEGAS:  NDIM=  4  NCALL=  790508322.
                              IT=    0  ITMX=   20
                              MDS= -1   ND=  47
   1      0.7240062E-04 0.6569E-05  0.7240062E-04 0.6569E-05  0.000    
   2      0.8005496E-04 0.6503E-05  0.7664928E-04 0.4619E-05 0.6781    
   3      0.7883086E-04 0.6516E-05  0.7741072E-04 0.3768E-05 0.3698    
   4      0.6410222E-04 0.6525E-05  0.7492087E-04 0.3263E-05  1.110    
   5      0.8077367E-04 0.6573E-05  0.7624629E-04 0.2923E-05 0.9782    
   6      0.7531369E-04 0.6491E-05  0.7608964E-04 0.2665E-05 0.7866    
   7      0.7042825E-04 0.6584E-05  0.7538237E-04 0.2470E-05 0.7635    
   8      0.7815695E-04 0.6590E-05  0.7575168E-04 0.2313E-05 0.6707    
   9      0.6282253E-04 0.6545E-05  0.7471465E-04 0.2181E-05 0.9313    
  10      0.8210190E-04 0.6551E-05  0.7560317E-04 0.2069E-05 0.9587    
  11      0.7403313E-04 0.6535E-05  0.7546268E-04 0.1973E-05 0.8696    
  12      0.7734568E-04 0.6484E-05  0.7563266E-04 0.1887E-05 0.7933    
  13      0.8305552E-04 0.6531E-05  0.7632324E-04 0.1813E-05 0.8325    
  14      0.8124333E-04 0.6530E-05  0.7672551E-04 0.1747E-05 0.8058    
  15      0.6308917E-04 0.6512E-05  0.7608132E-04 0.1688E-05 0.9740    
  16      0.6811127E-04 0.6554E-05  0.7567042E-04 0.1634E-05 0.9970    
  17      0.6346234E-04 0.6577E-05  0.7515086E-04 0.1586E-05  1.101    
  18      0.7818911E-04 0.6498E-05  0.7533942E-04 0.1541E-05  1.043    
  19      0.7882669E-04 0.6510E-05  0.7554566E-04 0.1499E-05 0.9959    
  20      0.6778639E-04 0.6574E-05  0.7522665E-04 0.1461E-05  1.010    
   
   
 Integral Plus:   7.5226646296966724E-005 +-   1.4614808933298253E-006
 with chisq    =   1.0103102952347709     
  
  
  
 For xq =         1000 
  
 RM48 INITIALIZED:        40           0         0



 INPUT PARAMETERS FOR VEGAS:  NDIM=  4  NCALL=   74030112.
                              IT=    0  ITMX=   10
                              MDS= -1   ND=  39
   1     -0.3506585E-04 0.2327E-03 -0.3506585E-04 0.2327E-03  0.000    
   2      0.2526329E-04 0.4915E-04  0.2048908E-04 0.5706E-04 0.8147E-01
   3      0.9943610E-04 0.4015E-04  0.9590919E-04 0.2470E-04 0.2277    
   4      0.1141275E-03 0.3978E-04  0.1061421E-03 0.2056E-04 0.1604    
   5      0.1029859E-03 0.3982E-04  0.1051529E-03 0.1821E-04 0.1069    
   6      0.1364750E-03 0.4001E-04  0.1162049E-03 0.1652E-04 0.2314    
   7      0.1585323E-03 0.3908E-04  0.1302984E-03 0.1512E-04 0.4435    
   8      0.1120928E-03 0.3892E-04  0.1276825E-03 0.1409E-04 0.4042    
   9      0.8656460E-04 0.3902E-04  0.1244521E-03 0.1326E-04 0.4548    
  10      0.1393319E-03 0.3994E-04  0.1268724E-03 0.1259E-04 0.3968    



 INPUT PARAMETERS FOR VEGAS:  NDIM=  4  NCALL=  790508322.
                              IT=    0  ITMX=   20
                              MDS= -1   ND=  47
   1      0.1295344E-03 0.1198E-04  0.1295344E-03 0.1198E-04  0.000    
   2      0.1308075E-03 0.1208E-04  0.1301715E-03 0.8507E-05 0.5598E-02
   3      0.1516221E-03 0.1202E-04  0.1388472E-03 0.6945E-05  1.152    
   4      0.1492305E-03 0.1205E-04  0.1417596E-03 0.6018E-05 0.9359    
   5      0.1389593E-03 0.1204E-04  0.1412103E-03 0.5382E-05 0.7160    
   6      0.1273812E-03 0.1204E-04  0.1392544E-03 0.4914E-05 0.7825    
   7      0.1293636E-03 0.1196E-04  0.1379801E-03 0.4545E-05 0.7524    
   8      0.1337026E-03 0.1197E-04  0.1374640E-03 0.4249E-05 0.6642    
   9      0.1401645E-03 0.1201E-04  0.1377784E-03 0.4006E-05 0.5836    
  10      0.1309043E-03 0.1203E-04  0.1371462E-03 0.3801E-05 0.5537    
  11      0.1494060E-03 0.1208E-04  0.1384485E-03 0.3626E-05 0.5980    
  12      0.1517268E-03 0.1211E-04  0.1397533E-03 0.3474E-05 0.6518    
  13      0.1440122E-03 0.1204E-04  0.1401032E-03 0.3338E-05 0.6042    
  14      0.1426339E-03 0.1202E-04  0.1402925E-03 0.3216E-05 0.5591    
  15      0.1717902E-03 0.1207E-04  0.1433550E-03 0.3108E-05  1.146    
  16      0.1330254E-03 0.1202E-04  0.1427814E-03 0.3009E-05  1.119    
  17      0.1236132E-03 0.1206E-04  0.1419103E-03 0.2919E-05  1.181    
  18      0.1265065E-03 0.1200E-04  0.1412034E-03 0.2836E-05  1.199    
  19      0.1335795E-03 0.1205E-04  0.1408355E-03 0.2761E-05  1.157    
  20      0.1292415E-03 0.1204E-04  0.1403334E-03 0.2691E-05  1.144    
   
   
 Integral Plus:   1.4033338228796178E-004 +-   2.6911017266669064E-006
 with chisq    =   1.1440888536240630     
  
  
  
 For xq =         1300 
  
 RM48 INITIALIZED:        40           0         0



 INPUT PARAMETERS FOR VEGAS:  NDIM=  4  NCALL=   74030112.
                              IT=    0  ITMX=   10
                              MDS= -1   ND=  39
   1      0.2053915E-03 0.2737E-03  0.2053915E-03 0.2737E-03  0.000    
   2      0.3265105E-03 0.6584E-04  0.3237992E-03 0.5438E-04 0.1086    
   3      0.2069976E-03 0.5606E-04  0.2827544E-03 0.4058E-04  1.007    
   4      0.1349572E-03 0.5527E-04  0.2630671E-03 0.3424E-04  1.535    
   5      0.2552768E-03 0.5485E-04  0.2605260E-03 0.2878E-04  1.102    
   6      0.2046133E-03 0.5469E-04  0.2507935E-03 0.2563E-04  1.055    
   7      0.1364797E-03 0.5401E-04  0.2423834E-03 0.2350E-04  1.238    
   8      0.2091351E-03 0.5360E-04  0.2374224E-03 0.2156E-04  1.116    
   9      0.1329348E-03 0.5424E-04  0.2316122E-03 0.2020E-04  1.225    
  10      0.1880489E-03 0.5411E-04  0.2272322E-03 0.1897E-04  1.164    



 INPUT PARAMETERS FOR VEGAS:  NDIM=  4  NCALL=  790508322.
                              IT=    0  ITMX=   20
                              MDS= -1   ND=  47
   1      0.2000000E-03 0.1657E-04  0.2000000E-03 0.1657E-04  0.000    
   2      0.2181834E-03 0.1662E-04  0.2098493E-03 0.1174E-04 0.5960    
   3      0.1952938E-03 0.1666E-04  0.2054561E-03 0.9592E-05 0.5540    
   4      0.1877092E-03 0.1665E-04  0.2015850E-03 0.8311E-05 0.6439    
   5      0.1842220E-03 0.1666E-04  0.1985745E-03 0.7437E-05 0.6938    
   6      0.2207968E-03 0.1669E-04  0.2029930E-03 0.6794E-05 0.8736    
   7      0.2181878E-03 0.1679E-04  0.2054411E-03 0.6299E-05 0.8416    
   8      0.1822646E-03 0.1667E-04  0.2030694E-03 0.5892E-05 0.9431    
   9      0.2080540E-03 0.1660E-04  0.2036600E-03 0.5553E-05 0.8296    
  10      0.1681568E-03 0.1671E-04  0.2011387E-03 0.5269E-05  1.094    
  11      0.1967948E-03 0.1670E-04  0.2007532E-03 0.5025E-05 0.9923    
  12      0.1762268E-03 0.1664E-04  0.1991132E-03 0.4810E-05  1.066    
  13      0.1851694E-03 0.1660E-04  0.1981509E-03 0.4620E-05  1.035    
  14      0.1802367E-03 0.1654E-04  0.1970433E-03 0.4450E-05  1.038    
  15      0.1674563E-03 0.1661E-04  0.1955562E-03 0.4299E-05  1.143    
  16      0.2001705E-03 0.1664E-04  0.1958644E-03 0.4162E-05  1.067    
  17      0.2248117E-03 0.1668E-04  0.1981027E-03 0.4039E-05  1.209    
  18      0.1629717E-03 0.1667E-04  0.1967296E-03 0.3925E-05  1.335    
  19      0.1775924E-03 0.1671E-04  0.1958846E-03 0.3821E-05  1.330    
  20      0.2032323E-03 0.1673E-04  0.1962854E-03 0.3725E-05  1.264    
   
   
 Integral Plus:   1.9628542174215558E-004 +-   3.7251107467719570E-006
 with chisq    =   1.2643323459952422     
  
  
  
 For xq =         1600 
  
 RM48 INITIALIZED:        40           0         0



 INPUT PARAMETERS FOR VEGAS:  NDIM=  4  NCALL=   74030112.
                              IT=    0  ITMX=   10
                              MDS= -1   ND=  39
   1      0.3577453E-03 0.2848E-03  0.3577453E-03 0.2848E-03  0.000    
   2      0.2912516E-03 0.7749E-04  0.2979339E-03 0.8231E-04 0.5899E-01
   3      0.2771022E-03 0.6735E-04  0.2871280E-03 0.5439E-04 0.5082E-01
   4      0.3630668E-03 0.6670E-04  0.3232660E-03 0.4114E-04 0.3144    
   5      0.2957016E-03 0.6537E-04  0.3164480E-03 0.3508E-04 0.2728    
   6      0.2102089E-03 0.6509E-04  0.3045522E-03 0.3146E-04 0.4678    
   7      0.2550474E-03 0.6604E-04  0.2977189E-03 0.2858E-04 0.4664    
   8      0.2542306E-03 0.6651E-04  0.2925393E-03 0.2638E-04 0.4544    
   9      0.1129576E-03 0.6591E-04  0.2883406E-03 0.2480E-04 0.5887    
  10      0.3738604E-03 0.6579E-04  0.3058293E-03 0.2300E-04 0.7341    



 INPUT PARAMETERS FOR VEGAS:  NDIM=  4  NCALL=  790508322.
                              IT=    0  ITMX=   20
                              MDS= -1   ND=  47
   1      0.2554670E-03 0.2025E-04  0.2554670E-03 0.2025E-04  0.000    
   2      0.2689339E-03 0.2009E-04  0.2625991E-03 0.1426E-04 0.2222    
   3      0.2310006E-03 0.2010E-04  0.2537287E-03 0.1163E-04 0.8650    
   4      0.2221202E-03 0.2014E-04  0.2472368E-03 0.1007E-04  1.147    
   5      0.2430602E-03 0.2014E-04  0.2464123E-03 0.9010E-05 0.8713    
   6      0.2358623E-03 0.2022E-04  0.2447694E-03 0.8230E-05 0.7486    
   7      0.2388792E-03 0.2019E-04  0.2439559E-03 0.7621E-05 0.6389    
   8      0.2570884E-03 0.2011E-04  0.2457801E-03 0.7126E-05 0.5974    
   9      0.2531890E-03 0.2025E-04  0.2466487E-03 0.6722E-05 0.5342    
  10      0.2617335E-03 0.2016E-04  0.2483414E-03 0.6377E-05 0.5304    
  11      0.2545498E-03 0.2016E-04  0.2489374E-03 0.6080E-05 0.4838    
  12      0.2455590E-03 0.2012E-04  0.2486594E-03 0.5820E-05 0.4428    
  13      0.2786714E-03 0.2013E-04  0.2515314E-03 0.5591E-05 0.6055    
  14      0.2634209E-03 0.2017E-04  0.2524647E-03 0.5388E-05 0.5817    
  15      0.2401484E-03 0.2019E-04  0.2517115E-03 0.5206E-05 0.5662    
  16      0.2698936E-03 0.2017E-04  0.2530174E-03 0.5040E-05 0.5810    
  17      0.2780311E-03 0.2005E-04  0.2548083E-03 0.4888E-05 0.6465    
  18      0.2358590E-03 0.2016E-04  0.2538897E-03 0.4750E-05 0.6562    
  19      0.2602152E-03 0.2014E-04  0.2542430E-03 0.4624E-05 0.6232    
  20      0.2099461E-03 0.2010E-04  0.2526838E-03 0.4506E-05 0.7724    
   
   
 Integral Plus:   2.5268375364103539E-004 +-   4.5061170921662570E-006
 with chisq    =  0.77240058786242016     
  
  
  
 For xq =         1900 
  
 RM48 INITIALIZED:        40           0         0



 INPUT PARAMETERS FOR VEGAS:  NDIM=  4  NCALL=   74030112.
                              IT=    0  ITMX=   10
                              MDS= -1   ND=  39
   1      0.1121684E-02 0.3025E-03  0.1121684E-02 0.3025E-03  0.000    
   2      0.2545472E-03 0.8783E-04  0.7927888E-03 0.1728E-03  5.927    
   3      0.2705198E-03 0.7699E-04  0.6058565E-03 0.1162E-03  6.535    
   4      0.3609793E-03 0.7591E-04  0.5088869E-03 0.8175E-04  6.028    
   5      0.2755125E-03 0.7462E-04  0.4639083E-03 0.6731E-04  5.851    
   6      0.4141366E-03 0.7499E-04  0.4489134E-03 0.5404E-04  5.110    
   7      0.2220220E-03 0.7532E-04  0.4309778E-03 0.4868E-04  5.097    
   8      0.4155017E-03 0.7491E-04  0.4275939E-03 0.4211E-04  4.565    
   9      0.3683753E-03 0.7524E-04  0.4189722E-03 0.3793E-04  4.245    
  10      0.3959058E-03 0.7663E-04  0.4157545E-03 0.3458E-04  3.911    



 INPUT PARAMETERS FOR VEGAS:  NDIM=  4  NCALL=  790508322.
                              IT=    0  ITMX=   20
                              MDS= -1   ND=  47
   1      0.3022618E-03 0.2322E-04  0.3022618E-03 0.2322E-04  0.000    
   2      0.3051192E-03 0.2336E-04  0.3036955E-03 0.1647E-04 0.7524E-02
   3      0.2523748E-03 0.2333E-04  0.2905567E-03 0.1345E-04  1.390    
   4      0.2775132E-03 0.2331E-04  0.2874683E-03 0.1165E-04  1.018    
   5      0.2813422E-03 0.2318E-04  0.2862584E-03 0.1041E-04 0.7815    
   6      0.2609191E-03 0.2320E-04  0.2825848E-03 0.9499E-05 0.8186    
   7      0.3236237E-03 0.2323E-04  0.2900527E-03 0.8792E-05  1.192    
   8      0.3103848E-03 0.2333E-04  0.2929466E-03 0.8227E-05  1.107    
   9      0.3001962E-03 0.2329E-04  0.2938012E-03 0.7757E-05 0.9726    
  10      0.3208354E-03 0.2327E-04  0.2970142E-03 0.7359E-05  1.004    
  11      0.3338962E-03 0.2326E-04  0.3012233E-03 0.7016E-05  1.160    
  12      0.2808278E-03 0.2324E-04  0.2996976E-03 0.6717E-05  1.122    
  13      0.3135012E-03 0.2319E-04  0.3008788E-03 0.6451E-05  1.049    
  14      0.3114753E-03 0.2325E-04  0.3017007E-03 0.6216E-05 0.9784    
  15      0.3198294E-03 0.2324E-04  0.3030720E-03 0.6005E-05 0.9454    
  16      0.3176730E-03 0.2328E-04  0.3040826E-03 0.5815E-05 0.9030    
  17      0.3291096E-03 0.2321E-04  0.3058230E-03 0.5640E-05 0.9168    
  18      0.3051436E-03 0.2324E-04  0.3057848E-03 0.5481E-05 0.8624    
  19      0.2911752E-03 0.2320E-04  0.3050701E-03 0.5334E-05 0.8372    
  20      0.2858084E-03 0.2325E-04  0.3042073E-03 0.5199E-05 0.8284    
   
   
 Integral Plus:   3.0420728927603620E-004 +-   5.1994431199137029E-006
 with chisq    =  0.82840980691038590     
  
  
  
 For xq =         2200 
  
 RM48 INITIALIZED:        40           0         0



 INPUT PARAMETERS FOR VEGAS:  NDIM=  4  NCALL=   74030112.
                              IT=    0  ITMX=   10
                              MDS= -1   ND=  39
   1      0.4631740E-03 0.3493E-03  0.4631740E-03 0.3493E-03  0.000    
   2      0.3992107E-03 0.1040E-03  0.4060296E-03 0.1065E-03 0.3437E-01
   3      0.4019911E-03 0.9177E-04  0.4038576E-03 0.7073E-04 0.1841E-01
   4      0.3798709E-03 0.9210E-04  0.3961129E-03 0.5679E-04 0.2589E-01
   5      0.4750215E-03 0.9359E-04  0.4220223E-03 0.4804E-04 0.1670    
   6      0.4020463E-03 0.9129E-04  0.4180630E-03 0.4263E-04 0.1430    
   7      0.3449311E-03 0.9100E-04  0.4086997E-03 0.3886E-04 0.1910    
   8      0.3309770E-03 0.9073E-04  0.4004603E-03 0.3592E-04 0.2346    
   9      0.3250441E-03 0.9045E-04  0.3934252E-03 0.3354E-04 0.2670    
  10      0.4379448E-03 0.9129E-04  0.3997713E-03 0.3141E-04 0.2593    



 INPUT PARAMETERS FOR VEGAS:  NDIM=  4  NCALL=  790508322.
                              IT=    0  ITMX=   20
                              MDS= -1   ND=  47
   1      0.3913137E-03 0.2790E-04  0.3913137E-03 0.2790E-04  0.000    
   2      0.3877070E-03 0.2785E-04  0.3895235E-03 0.1971E-04 0.8371E-02
   3      0.3380234E-03 0.2785E-04  0.3754212E-03 0.1609E-04  1.023    
   4      0.3691995E-03 0.2783E-04  0.3738868E-03 0.1393E-04 0.6980    
   5      0.3977421E-03 0.2796E-04  0.3791560E-03 0.1247E-04 0.6665    
   6      0.3608471E-03 0.2782E-04  0.3763164E-03 0.1138E-04 0.6088    
   7      0.3657861E-03 0.2802E-04  0.3748864E-03 0.1054E-04 0.5303    
   8      0.3728991E-03 0.2799E-04  0.3746402E-03 0.9866E-05 0.4553    
   9      0.4085076E-03 0.2802E-04  0.3790165E-03 0.9306E-05 0.5762    
  10      0.3385434E-03 0.2779E-04  0.3756672E-03 0.8826E-05 0.6997    
  11      0.3511361E-03 0.2793E-04  0.3736802E-03 0.8415E-05 0.6998    
  12      0.3826611E-03 0.2788E-04  0.3744709E-03 0.8056E-05 0.6421    
  13      0.3393961E-03 0.2795E-04  0.3722091E-03 0.7741E-05 0.6996    
  14      0.3565631E-03 0.2779E-04  0.3711585E-03 0.7457E-05 0.6704    
  15      0.3774283E-03 0.2797E-04  0.3715919E-03 0.7206E-05 0.6241    
  16      0.3921154E-03 0.2797E-04  0.3730175E-03 0.6978E-05 0.6153    
  17      0.3988455E-03 0.2794E-04  0.3747523E-03 0.6770E-05 0.6286    
  18      0.3651362E-03 0.2795E-04  0.3742402E-03 0.6580E-05 0.5994    
  19      0.3995845E-03 0.2795E-04  0.3757592E-03 0.6405E-05 0.6106    
  20      0.3997673E-03 0.2793E-04  0.3771204E-03 0.6243E-05 0.6160    
   
   
 Integral Plus:   3.7712038166660017E-004 +-   6.2425647477017781E-006
 with chisq    =  0.61602243696281755     
  
  
  
 For xq =         2500 
  
 RM48 INITIALIZED:        40           0         0



 INPUT PARAMETERS FOR VEGAS:  NDIM=  4  NCALL=   74030112.
                              IT=    0  ITMX=   10
                              MDS= -1   ND=  39
   1      0.5558321E-03 0.2106E-02  0.5558321E-03 0.2106E-02  0.000    
   2      0.1123263E-02 0.6623E-03  0.1109842E-02 0.5163E-03 0.2789E-01
   3      0.2477628E-02 0.6023E-03  0.2274796E-02 0.3596E-03 0.9177    
   4      0.1757743E-02 0.6009E-03  0.2119151E-02 0.3082E-03 0.7798    
   5      0.1794111E-02 0.5985E-03  0.2041070E-02 0.2737E-03 0.6275    
   6      0.1265203E-02 0.5901E-03  0.1956164E-02 0.2489E-03 0.7300    
   7      0.1109132E-02 0.5983E-03  0.1892106E-02 0.2301E-03 0.8158    
   8      0.3727415E-03 0.6062E-03  0.1879568E-02 0.2153E-03 0.8508    
   9      0.9093246E-03 0.5984E-03  0.1833019E-02 0.2028E-03 0.9293    
  10      0.1902035E-02 0.6017E-03  0.1844885E-02 0.1920E-03 0.7650    



 INPUT PARAMETERS FOR VEGAS:  NDIM=  4  NCALL=  790508322.
                              IT=    0  ITMX=   20
                              MDS= -1   ND=  47
   1      0.1354980E-02 0.1835E-03  0.1354980E-02 0.1835E-03  0.000    
   2      0.1490519E-02 0.1832E-03  0.1429281E-02 0.1296E-03 0.2707    
   3      0.1556003E-02 0.1839E-03  0.1476457E-02 0.1060E-03 0.2942    
   4      0.1563668E-02 0.1837E-03  0.1500319E-02 0.9180E-04 0.2497    
   5      0.1722412E-02 0.1833E-03  0.1555845E-02 0.8208E-04 0.5189    
   6      0.1346883E-02 0.1839E-03  0.1528270E-02 0.7495E-04 0.6103    
   7      0.1408893E-02 0.1833E-03  0.1513124E-02 0.6937E-04 0.5729    
   8      0.1590580E-02 0.1840E-03  0.1523838E-02 0.6491E-04 0.5076    
   9      0.1703431E-02 0.1832E-03  0.1548592E-02 0.6118E-04 0.5590    
  10      0.1387175E-02 0.1837E-03  0.1535135E-02 0.5805E-04 0.5716    
  11      0.1740406E-02 0.1834E-03  0.1559020E-02 0.5534E-04 0.6416    
  12      0.2027430E-02 0.1830E-03  0.1623162E-02 0.5296E-04  1.390    
  13      0.1681217E-02 0.1832E-03  0.1628146E-02 0.5088E-04  1.271    
  14      0.1435087E-02 0.1838E-03  0.1616852E-02 0.4903E-04  1.255    
  15      0.1495945E-02 0.1840E-03  0.1609641E-02 0.4738E-04  1.200    
  16      0.1546952E-02 0.1826E-03  0.1605827E-02 0.4586E-04  1.129    
  17      0.1593088E-02 0.1834E-03  0.1605062E-02 0.4449E-04  1.058    
  18      0.1590331E-02 0.1832E-03  0.1604228E-02 0.4323E-04 0.9948    
  19      0.1339919E-02 0.1836E-03  0.1594059E-02 0.4208E-04  1.035    
  20      0.1544112E-02 0.1833E-03  0.1591624E-02 0.4102E-04 0.9851    
   
   
 Integral Plus:   1.5916235213827726E-003 +-   4.1015295192917906E-005
 with chisq    =  0.98509396634653446     
  
  
  
 For xq =         2800 
  
 RM48 INITIALIZED:        40           0         0



 INPUT PARAMETERS FOR VEGAS:  NDIM=  4  NCALL=   74030112.
                              IT=    0  ITMX=   10
                              MDS= -1   ND=  39
   1       0.000000      0.000                NaN        NaN  0.000    
   2                NaN        NaN            NaN        NaN        NaN
   3                NaN        NaN            NaN        NaN        NaN
   4                NaN        NaN            NaN        NaN        NaN
   5                NaN        NaN            NaN        NaN        NaN
   6                NaN        NaN            NaN        NaN        NaN
   7                NaN        NaN            NaN        NaN        NaN
   8                NaN        NaN            NaN        NaN        NaN
   9                NaN        NaN            NaN        NaN        NaN
  10                NaN        NaN            NaN        NaN        NaN



 INPUT PARAMETERS FOR VEGAS:  NDIM=  4  NCALL=  790508322.
                              IT=    0  ITMX=   20
                              MDS= -1   ND=  47
   1                NaN        NaN            NaN        NaN  0.000    
   2                NaN        NaN            NaN        NaN        NaN
   3                NaN        NaN            NaN        NaN        NaN
   4                NaN        NaN            NaN        NaN        NaN
   5                NaN        NaN            NaN        NaN        NaN
   6                NaN        NaN            NaN        NaN        NaN
   7                NaN        NaN            NaN        NaN        NaN
   8                NaN        NaN            NaN        NaN        NaN
   9                NaN        NaN            NaN        NaN        NaN
  10                NaN        NaN            NaN        NaN        NaN
  11                NaN        NaN            NaN        NaN        NaN
  12                NaN        NaN            NaN        NaN        NaN
  13                NaN        NaN            NaN        NaN        NaN
  14                NaN        NaN            NaN        NaN        NaN
  15                NaN        NaN            NaN        NaN        NaN
  16                NaN        NaN            NaN        NaN        NaN
  17                NaN        NaN            NaN        NaN        NaN
  18                NaN        NaN            NaN        NaN        NaN
  19                NaN        NaN            NaN        NaN        NaN
  20                NaN        NaN            NaN        NaN        NaN
   
   
 Integral Plus:                       NaN +-                       NaN
 with chisq    =                       NaN
  
  
  
 For xq =         3100 
  
 RM48 INITIALIZED:        40           0         0



 INPUT PARAMETERS FOR VEGAS:  NDIM=  4  NCALL=   74030112.
                              IT=    0  ITMX=   10
                              MDS= -1   ND=  39
   1       0.000000      0.000                NaN        NaN  0.000    
   2                NaN        NaN            NaN        NaN        NaN
   3                NaN        NaN            NaN        NaN        NaN
   4                NaN        NaN            NaN        NaN        NaN
   5                NaN        NaN            NaN        NaN        NaN
   6                NaN        NaN            NaN        NaN        NaN
   7                NaN        NaN            NaN        NaN        NaN
   8                NaN        NaN            NaN        NaN        NaN
   9                NaN        NaN            NaN        NaN        NaN
  10                NaN        NaN            NaN        NaN        NaN



 INPUT PARAMETERS FOR VEGAS:  NDIM=  4  NCALL=  790508322.
                              IT=    0  ITMX=   20
                              MDS= -1   ND=  47
   1                NaN        NaN            NaN        NaN  0.000    
   2                NaN        NaN            NaN        NaN        NaN
   3                NaN        NaN            NaN        NaN        NaN
   4                NaN        NaN            NaN        NaN        NaN
   5                NaN        NaN            NaN        NaN        NaN
   6                NaN        NaN            NaN        NaN        NaN
   7                NaN        NaN            NaN        NaN        NaN
   8                NaN        NaN            NaN        NaN        NaN
   9                NaN        NaN            NaN        NaN        NaN
  10                NaN        NaN            NaN        NaN        NaN
  11                NaN        NaN            NaN        NaN        NaN
  12                NaN        NaN            NaN        NaN        NaN
  13                NaN        NaN            NaN        NaN        NaN
  14                NaN        NaN            NaN        NaN        NaN
  15                NaN        NaN            NaN        NaN        NaN
  16                NaN        NaN            NaN        NaN        NaN
  17                NaN        NaN            NaN        NaN        NaN
  18                NaN        NaN            NaN        NaN        NaN
  19                NaN        NaN            NaN        NaN        NaN
  20                NaN        NaN            NaN        NaN        NaN
   
   
 Integral Plus:                       NaN +-                       NaN
 with chisq    =                       NaN
  
  
  
 For xq =         3400 
  
 RM48 INITIALIZED:        40           0         0



 INPUT PARAMETERS FOR VEGAS:  NDIM=  4  NCALL=   74030112.
                              IT=    0  ITMX=   10
                              MDS= -1   ND=  39
   1       0.000000      0.000                NaN        NaN  0.000    
   2                NaN        NaN            NaN        NaN        NaN
   3                NaN        NaN            NaN        NaN        NaN
   4                NaN        NaN            NaN        NaN        NaN
   5                NaN        NaN            NaN        NaN        NaN
   6                NaN        NaN            NaN        NaN        NaN
   7                NaN        NaN            NaN        NaN        NaN
   8                NaN        NaN            NaN        NaN        NaN
   9                NaN        NaN            NaN        NaN        NaN
  10                NaN        NaN            NaN        NaN        NaN



 INPUT PARAMETERS FOR VEGAS:  NDIM=  4  NCALL=  790508322.
                              IT=    0  ITMX=   20
                              MDS= -1   ND=  47
   1                NaN        NaN            NaN        NaN  0.000    
   2                NaN        NaN            NaN        NaN        NaN
   3                NaN        NaN            NaN        NaN        NaN
   4                NaN        NaN            NaN        NaN        NaN
   5                NaN        NaN            NaN        NaN        NaN
   6                NaN        NaN            NaN        NaN        NaN
   7                NaN        NaN            NaN        NaN        NaN
   8                NaN        NaN            NaN        NaN        NaN
   9                NaN        NaN            NaN        NaN        NaN
  10                NaN        NaN            NaN        NaN        NaN
  11                NaN        NaN            NaN        NaN        NaN
  12                NaN        NaN            NaN        NaN        NaN
  13                NaN        NaN            NaN        NaN        NaN
  14                NaN        NaN            NaN        NaN        NaN
  15                NaN        NaN            NaN        NaN        NaN
  16                NaN        NaN            NaN        NaN        NaN
  17                NaN        NaN            NaN        NaN        NaN
  18                NaN        NaN            NaN        NaN        NaN
  19                NaN        NaN            NaN        NaN        NaN
  20                NaN        NaN            NaN        NaN        NaN
   
   
 Integral Plus:                       NaN +-                       NaN
 with chisq    =                       NaN
  
  
  
 For xq =         3700 
  
 RM48 INITIALIZED:        40           0         0



 INPUT PARAMETERS FOR VEGAS:  NDIM=  4  NCALL=   74030112.
                              IT=    0  ITMX=   10
                              MDS= -1   ND=  39
   1       0.000000      0.000                NaN        NaN  0.000    
   2                NaN        NaN            NaN        NaN        NaN
   3                NaN        NaN            NaN        NaN        NaN
   4                NaN        NaN            NaN        NaN        NaN
   5                NaN        NaN            NaN        NaN        NaN
   6                NaN        NaN            NaN        NaN        NaN
   7                NaN        NaN            NaN        NaN        NaN
   8                NaN        NaN            NaN        NaN        NaN
   9                NaN        NaN            NaN        NaN        NaN
  10                NaN        NaN            NaN        NaN        NaN



 INPUT PARAMETERS FOR VEGAS:  NDIM=  4  NCALL=  790508322.
                              IT=    0  ITMX=   20
                              MDS= -1   ND=  47
   1                NaN        NaN            NaN        NaN  0.000    
   2                NaN        NaN            NaN        NaN        NaN
   3                NaN        NaN            NaN        NaN        NaN
   4                NaN        NaN            NaN        NaN        NaN
   5                NaN        NaN            NaN        NaN        NaN
   6                NaN        NaN            NaN        NaN        NaN
   7                NaN        NaN            NaN        NaN        NaN
   8                NaN        NaN            NaN        NaN        NaN
   9                NaN        NaN            NaN        NaN        NaN
  10                NaN        NaN            NaN        NaN        NaN
  11                NaN        NaN            NaN        NaN        NaN
  12                NaN        NaN            NaN        NaN        NaN
  13                NaN        NaN            NaN        NaN        NaN
  14                NaN        NaN            NaN        NaN        NaN
  15                NaN        NaN            NaN        NaN        NaN
  16                NaN        NaN            NaN        NaN        NaN
  17                NaN        NaN            NaN        NaN        NaN
  18                NaN        NaN            NaN        NaN        NaN
  19                NaN        NaN            NaN        NaN        NaN
  20                NaN        NaN            NaN        NaN        NaN
   
   
 Integral Plus:                       NaN +-                       NaN
 with chisq    =                       NaN
  
  
  
 For xq =         4000 
  
 RM48 INITIALIZED:        40           0         0



 INPUT PARAMETERS FOR VEGAS:  NDIM=  4  NCALL=   74030112.
                              IT=    0  ITMX=   10
                              MDS= -1   ND=  39
   1       0.000000      0.000                NaN        NaN  0.000    
   2                NaN        NaN            NaN        NaN        NaN
   3                NaN        NaN            NaN        NaN        NaN
   4                NaN        NaN            NaN        NaN        NaN
   5                NaN        NaN            NaN        NaN        NaN
   6                NaN        NaN            NaN        NaN        NaN
   7                NaN        NaN            NaN        NaN        NaN
   8                NaN        NaN            NaN        NaN        NaN
   9                NaN        NaN            NaN        NaN        NaN
  10                NaN        NaN            NaN        NaN        NaN



 INPUT PARAMETERS FOR VEGAS:  NDIM=  4  NCALL=  790508322.
                              IT=    0  ITMX=   20
                              MDS= -1   ND=  47
   1                NaN        NaN            NaN        NaN  0.000    
   2                NaN        NaN            NaN        NaN        NaN
   3                NaN        NaN            NaN        NaN        NaN
   4                NaN        NaN            NaN        NaN        NaN
   5                NaN        NaN            NaN        NaN        NaN
   6                NaN        NaN            NaN        NaN        NaN
   7                NaN        NaN            NaN        NaN        NaN
   8                NaN        NaN            NaN        NaN        NaN
   9                NaN        NaN            NaN        NaN        NaN
  10                NaN        NaN            NaN        NaN        NaN
  11                NaN        NaN            NaN        NaN        NaN
  12                NaN        NaN            NaN        NaN        NaN
  13                NaN        NaN            NaN        NaN        NaN
  14                NaN        NaN            NaN        NaN        NaN
  15                NaN        NaN            NaN        NaN        NaN
  16                NaN        NaN            NaN        NaN        NaN
  17                NaN        NaN            NaN        NaN        NaN
  18                NaN        NaN            NaN        NaN        NaN
  19                NaN        NaN            NaN        NaN        NaN
  20                NaN        NaN            NaN        NaN        NaN
   
   
 Integral Plus:                       NaN +-                       NaN
 with chisq    =                       NaN
  
  
  
 For xq =         4300 
  
 RM48 INITIALIZED:        40           0         0



 INPUT PARAMETERS FOR VEGAS:  NDIM=  4  NCALL=   74030112.
                              IT=    0  ITMX=   10
                              MDS= -1   ND=  39
   1       0.000000      0.000                NaN        NaN  0.000    
   2                NaN        NaN            NaN        NaN        NaN
   3                NaN        NaN            NaN        NaN        NaN
   4                NaN        NaN            NaN        NaN        NaN
   5                NaN        NaN            NaN        NaN        NaN
   6                NaN        NaN            NaN        NaN        NaN
   7                NaN        NaN            NaN        NaN        NaN
   8                NaN        NaN            NaN        NaN        NaN
   9                NaN        NaN            NaN        NaN        NaN
  10                NaN        NaN            NaN        NaN        NaN



 INPUT PARAMETERS FOR VEGAS:  NDIM=  4  NCALL=  790508322.
                              IT=    0  ITMX=   20
                              MDS= -1   ND=  47
   1                NaN        NaN            NaN        NaN  0.000    
   2                NaN        NaN            NaN        NaN        NaN
   3                NaN        NaN            NaN        NaN        NaN
   4                NaN        NaN            NaN        NaN        NaN
   5                NaN        NaN            NaN        NaN        NaN
   6                NaN        NaN            NaN        NaN        NaN
   7                NaN        NaN            NaN        NaN        NaN
   8                NaN        NaN            NaN        NaN        NaN
   9                NaN        NaN            NaN        NaN        NaN
  10                NaN        NaN            NaN        NaN        NaN
  11                NaN        NaN            NaN        NaN        NaN
  12                NaN        NaN            NaN        NaN        NaN
  13                NaN        NaN            NaN        NaN        NaN
  14                NaN        NaN            NaN        NaN        NaN
  15                NaN        NaN            NaN        NaN        NaN
  16                NaN        NaN            NaN        NaN        NaN
  17                NaN        NaN            NaN        NaN        NaN
  18                NaN        NaN            NaN        NaN        NaN
  19                NaN        NaN            NaN        NaN        NaN
  20                NaN        NaN            NaN        NaN        NaN
   
   
 Integral Plus:                       NaN +-                       NaN
 with chisq    =                       NaN
  
  
  
 For xq =         4600 
  
 RM48 INITIALIZED:        40           0         0



 INPUT PARAMETERS FOR VEGAS:  NDIM=  4  NCALL=   74030112.
                              IT=    0  ITMX=   10
                              MDS= -1   ND=  39
   1       0.000000      0.000                NaN        NaN  0.000    
   2                NaN        NaN            NaN        NaN        NaN
   3                NaN        NaN            NaN        NaN        NaN
   4                NaN        NaN            NaN        NaN        NaN
   5                NaN        NaN            NaN        NaN        NaN
   6                NaN        NaN            NaN        NaN        NaN
   7                NaN        NaN            NaN        NaN        NaN
   8                NaN        NaN            NaN        NaN        NaN
   9                NaN        NaN            NaN        NaN        NaN
  10                NaN        NaN            NaN        NaN        NaN



 INPUT PARAMETERS FOR VEGAS:  NDIM=  4  NCALL=  790508322.
                              IT=    0  ITMX=   20
                              MDS= -1   ND=  47
   1                NaN        NaN            NaN        NaN  0.000    
   2                NaN        NaN            NaN        NaN        NaN
   3                NaN        NaN            NaN        NaN        NaN
   4                NaN        NaN            NaN        NaN        NaN
   5                NaN        NaN            NaN        NaN        NaN
   6                NaN        NaN            NaN        NaN        NaN
   7                NaN        NaN            NaN        NaN        NaN
   8                NaN        NaN            NaN        NaN        NaN
   9                NaN        NaN            NaN        NaN        NaN
  10                NaN        NaN            NaN        NaN        NaN
  11                NaN        NaN            NaN        NaN        NaN
  12                NaN        NaN            NaN        NaN        NaN
  13                NaN        NaN            NaN        NaN        NaN
  14                NaN        NaN            NaN        NaN        NaN
  15                NaN        NaN            NaN        NaN        NaN
  16                NaN        NaN            NaN        NaN        NaN
  17                NaN        NaN            NaN        NaN        NaN
  18                NaN        NaN            NaN        NaN        NaN
  19                NaN        NaN            NaN        NaN        NaN
  20                NaN        NaN            NaN        NaN        NaN
   
   
 Integral Plus:                       NaN +-                       NaN
 with chisq    =                       NaN
  
  
  
 For xq =         4900 
  
 RM48 INITIALIZED:        40           0         0



 INPUT PARAMETERS FOR VEGAS:  NDIM=  4  NCALL=   74030112.
                              IT=    0  ITMX=   10
                              MDS= -1   ND=  39
   1       0.000000      0.000                NaN        NaN  0.000    
   2                NaN        NaN            NaN        NaN        NaN
   3                NaN        NaN            NaN        NaN        NaN
   4                NaN        NaN            NaN        NaN        NaN
   5                NaN        NaN            NaN        NaN        NaN
   6                NaN        NaN            NaN        NaN        NaN
   7                NaN        NaN            NaN        NaN        NaN
   8                NaN        NaN            NaN        NaN        NaN
   9                NaN        NaN            NaN        NaN        NaN
  10                NaN        NaN            NaN        NaN        NaN



 INPUT PARAMETERS FOR VEGAS:  NDIM=  4  NCALL=  790508322.
                              IT=    0  ITMX=   20
                              MDS= -1   ND=  47
   1                NaN        NaN            NaN        NaN  0.000    
   2                NaN        NaN            NaN        NaN        NaN
   3                NaN        NaN            NaN        NaN        NaN
   4                NaN        NaN            NaN        NaN        NaN
   5                NaN        NaN            NaN        NaN        NaN
   6                NaN        NaN            NaN        NaN        NaN
   7                NaN        NaN            NaN        NaN        NaN
   8                NaN        NaN            NaN        NaN        NaN
   9                NaN        NaN            NaN        NaN        NaN
  10                NaN        NaN            NaN        NaN        NaN
  11                NaN        NaN            NaN        NaN        NaN
  12                NaN        NaN            NaN        NaN        NaN
  13                NaN        NaN            NaN        NaN        NaN
  14                NaN        NaN            NaN        NaN        NaN
  15                NaN        NaN            NaN        NaN        NaN
  16                NaN        NaN            NaN        NaN        NaN
  17                NaN        NaN            NaN        NaN        NaN
  18                NaN        NaN            NaN        NaN        NaN
  19                NaN        NaN            NaN        NaN        NaN
  20                NaN        NaN            NaN        NaN        NaN
   
   
 Integral Plus:                       NaN +-                       NaN
 with chisq    =                       NaN
  
  
  
    xq         Integral Plus                 error
    100      0.125016725280879E-06      0.185516610237478E-08
    400      0.209650689571473E-04      0.400761187259206E-06
    700      0.752266462969667E-04      0.146148089332983E-05
   1000      0.140333382287962E-03      0.269110172666691E-05
   1300      0.196285421742156E-03      0.372511074677196E-05
   1600      0.252683753641035E-03      0.450611709216626E-05
   1900      0.304207289276036E-03      0.519944311991370E-05
   2200      0.377120381666600E-03      0.624256474770178E-05
   2500      0.159162352138277E-02      0.410152951929179E-04
   2800                        NaN                        NaN
   3100                        NaN                        NaN
   3400                        NaN                        NaN
   3700                        NaN                        NaN
   4000                        NaN                        NaN
   4300                        NaN                        NaN
   4600                        NaN                        NaN
   4900                        NaN                        NaN
Thanks for using LHAPDF 6.5.4. Please make sure to cite the paper:
  Eur.Phys.J. C75 (2015) 3, 132  (http://arxiv.org/abs/1412.7420)
