   2100.0000000000000       -5.7973110401251694E-010   1.1683581868883638E-012
   2200.0000000000000       -4.0477816405839013E-010   8.0434479761256574E-013
   2300.0000000000000       -2.8542082846289541E-010   5.7345563130074414E-013
   2400.0000000000000       -2.0222124442177435E-010   3.9763647704209698E-013
   2500.0000000000000       -1.4421454779630150E-010   2.7929342500141124E-013
   2600.0000000000000       -1.0310602857597066E-010   2.0073315507009425E-013
   2700.0000000000000       -7.4069350425087040E-011   1.4849291458753681E-013
   2800.0000000000000       -5.3919593514060779E-011   1.5994441047499799E-013
   2900.0000000000000       -3.9002448682887801E-011   8.4539376008060338E-014
   3000.0000000000000       -2.8386029083890978E-011   5.6858136726575532E-014
LHAPDF 6.5.4 loading /home/niraj/1TB-Disc/Workspace-IITG/Packages/Install/LHAPDF-6.5.4/install/share/LHAPDF/MMHT2014nlo68cl/MMHT2014nlo68cl_0000.dat
MMHT2014nlo68cl PDF set, member #0, version 3; LHAPDF ID = 25100
   
   ----------------------------------
   |Initializing Dipole Subtraction  |
   ----------------------------------
  
  
  
 ~~~~~~~~~~~~~~~~~~~~~~~~~~~~~~~~~~~~~~~~
Using Vegas points:                   1.E+07
         Iteration:                   10
 ~~~~~~~~~~~~~~~~~~~~~~~~~~~~~~~~~~~~~~~~
 Directory not found ../summary/run_06                                                                                   
 Making new directory..
/home/niraj/OneDrive/WorkSpaceIITG/Generalfiles/integrators/DY1/summary/run_06
 Directory constructed successfully🤩
  
  
 For xq =         2100 
  
 RM48 INITIALIZED:        40           0         0



 INPUT PARAMETERS FOR VEGAS:  NDIM=  6  NCALL=    9653618.
                              IT=    0  ITMX=   10
                              MDS=  1   ND=  50
   1     -0.5685277E-09 0.4681E-10 -0.5685277E-09 0.4681E-10  0.000    
   2     -0.5704612E-09 0.1712E-10 -0.5702344E-09 0.1606E-10 0.1501E-02
   3     -0.5901115E-09 0.1562E-10 -0.5808000E-09 0.1113E-10 0.3981    
   4     -0.5892979E-09 0.2475E-10 -0.5822817E-09 0.1017E-10 0.2959    
   5     -0.5672433E-09 0.2019E-10 -0.5793446E-09 0.9082E-11 0.3316    
   6     -0.5571166E-09 0.1562E-10 -0.5740194E-09 0.7874E-11 0.5587    
   7     -0.5886086E-09 0.1498E-10 -0.5773038E-09 0.6957E-11 0.5900    
   8     -0.5826594E-09 0.1487E-10 -0.5782838E-09 0.6297E-11 0.5197    
   9     -0.5934074E-09 0.1462E-10 -0.5807659E-09 0.5776E-11 0.5694    
  10     -0.5902879E-09 0.1635E-10 -0.5818597E-09 0.5445E-11 0.5386    



 INPUT PARAMETERS FOR VEGAS:  NDIM=  6  NCALL=   94091762.
                              IT=    0  ITMX=   20
                              MDS=  1   ND=  50
   1     -0.5707512E-09 0.4901E-11 -0.5707512E-09 0.4901E-11  0.000    
   2     -0.5737247E-09 0.5378E-11 -0.5721079E-09 0.3623E-11 0.1671    
   3     -0.5794341E-09 0.5135E-11 -0.5745838E-09 0.2960E-11 0.7680    
   4     -0.5806110E-09 0.4965E-11 -0.5761887E-09 0.2542E-11 0.8753    
   5     -0.5816485E-09 0.4950E-11 -0.5773455E-09 0.2261E-11 0.8973    
   6     -0.5788418E-09 0.4963E-11 -0.5776039E-09 0.2058E-11 0.7323    
   7     -0.5814190E-09 0.6863E-11 -0.5779226E-09 0.1972E-11 0.6568    
   8     -0.5829961E-09 0.4992E-11 -0.5786175E-09 0.1834E-11 0.6910    
   9     -0.5693531E-09 0.5039E-11 -0.5775649E-09 0.1723E-11 0.9706    
  10     -0.5805424E-09 0.5022E-11 -0.5778815E-09 0.1630E-11 0.8971    
  11     -0.5803355E-09 0.6319E-11 -0.5780357E-09 0.1579E-11 0.8210    
  12     -0.5819442E-09 0.4981E-11 -0.5783968E-09 0.1505E-11 0.7970    
  13     -0.5789219E-09 0.4964E-11 -0.5784410E-09 0.1440E-11 0.7314    
  14     -0.5764704E-09 0.4962E-11 -0.5782890E-09 0.1383E-11 0.6866    
  15     -0.5777735E-09 0.5067E-11 -0.5782533E-09 0.1334E-11 0.6383    
  16     -0.5906895E-09 0.5017E-11 -0.5791079E-09 0.1289E-11 0.9911    
  17     -0.5947614E-09 0.9284E-11 -0.5794200E-09 0.1278E-11  1.109    
  18     -0.5745776E-09 0.4989E-11 -0.5791269E-09 0.1238E-11  1.096    
  19     -0.5817758E-09 0.4980E-11 -0.5792822E-09 0.1202E-11  1.050    
  20     -0.5872756E-09 0.4990E-11 -0.5797311E-09 0.1168E-11  1.124    
   
   
 Integral [real-dipole]:  -5.7973110401251694E-010 +-   1.1683581868883638E-012
 with chisq    =   1.1238775769841822     
  
  
  
 For xq =         2200 
  
 RM48 INITIALIZED:        40           0         0



 INPUT PARAMETERS FOR VEGAS:  NDIM=  6  NCALL=    9653618.
                              IT=    0  ITMX=   10
                              MDS=  1   ND=  50
   1     -0.4685107E-09 0.5771E-10 -0.4685107E-09 0.5771E-10  0.000    
   2     -0.3911441E-09 0.2198E-10 -0.4044677E-09 0.2206E-10  1.753    
   3     -0.4079652E-09 0.1246E-10 -0.4070450E-09 0.1111E-10 0.9184    
   4     -0.4086090E-09 0.1110E-10 -0.4077993E-09 0.7926E-11 0.6265    
   5     -0.4055736E-09 0.1079E-10 -0.4070541E-09 0.6420E-11 0.4830    
   6     -0.4154749E-09 0.1189E-10 -0.4089419E-09 0.5651E-11 0.4642    
   7     -0.4091722E-09 0.1275E-10 -0.4089785E-09 0.5168E-11 0.3889    
   8     -0.4019763E-09 0.1694E-10 -0.4084182E-09 0.4937E-11 0.3573    
   9     -0.3776423E-09 0.1347E-10 -0.4053274E-09 0.4638E-11 0.8157    
  10     -0.4110401E-09 0.1153E-10 -0.4061255E-09 0.4303E-11 0.7484    



 INPUT PARAMETERS FOR VEGAS:  NDIM=  6  NCALL=   94091762.
                              IT=    0  ITMX=   20
                              MDS=  1   ND=  50
   1     -0.3972096E-09 0.3565E-11 -0.3972096E-09 0.3565E-11  0.000    
   2     -0.4052511E-09 0.3513E-11 -0.4013697E-09 0.2502E-11  2.580    
   3     -0.4028921E-09 0.3443E-11 -0.4018984E-09 0.2024E-11  1.351    
   4     -0.4054325E-09 0.3484E-11 -0.4028020E-09 0.1750E-11  1.155    
   5     -0.4049983E-09 0.3479E-11 -0.4032496E-09 0.1563E-11 0.9444    
   6     -0.4044110E-09 0.3430E-11 -0.4034504E-09 0.1423E-11 0.7738    
   7     -0.4026313E-09 0.3478E-11 -0.4033334E-09 0.1317E-11 0.6531    
   8     -0.4102517E-09 0.3551E-11 -0.4041951E-09 0.1235E-11  1.047    
   9     -0.4043142E-09 0.3455E-11 -0.4042086E-09 0.1163E-11 0.9158    
  10     -0.4068607E-09 0.3427E-11 -0.4044856E-09 0.1101E-11 0.8732    
  11     -0.4080879E-09 0.3484E-11 -0.4048180E-09 0.1050E-11 0.8832    
  12     -0.4049944E-09 0.3460E-11 -0.4048329E-09 0.1005E-11 0.8031    
  13     -0.4114884E-09 0.3505E-11 -0.4053536E-09 0.9657E-12  1.020    
  14     -0.3957155E-09 0.8764E-11 -0.4052433E-09 0.9586E-12  1.032    
  15     -0.4026698E-09 0.3449E-11 -0.4050605E-09 0.9236E-12 0.9959    
  16     -0.4087695E-09 0.3492E-11 -0.4053078E-09 0.8929E-12 0.9998    
  17     -0.3994536E-09 0.4675E-11 -0.4051070E-09 0.8767E-12  1.031    
  18     -0.4088832E-09 0.3598E-11 -0.4053230E-09 0.8518E-12  1.032    
  19     -0.4072810E-09 0.3499E-11 -0.4054339E-09 0.8276E-12 0.9903    
  20     -0.3929940E-09 0.3406E-11 -0.4047782E-09 0.8043E-12  1.570    
   
   
 Integral [real-dipole]:  -4.0477816405839013E-010 +-   8.0434479761256574E-013
 with chisq    =   1.5695111326447353     
  
  
  
 For xq =         2300 
  
 RM48 INITIALIZED:        40           0         0



 INPUT PARAMETERS FOR VEGAS:  NDIM=  6  NCALL=    9653618.
                              IT=    0  ITMX=   10
                              MDS=  1   ND=  50
   1     -0.3423377E-09 0.3238E-10 -0.3423377E-09 0.3238E-10  0.000    
   2     -0.2695878E-09 0.1003E-10 -0.2793367E-09 0.1067E-10  5.397    
   3     -0.2843451E-09 0.7787E-11 -0.2824176E-09 0.6452E-11  2.910    
   4     -0.2967881E-09 0.8360E-11 -0.2877013E-09 0.5115E-11  2.564    
   5     -0.2797360E-09 0.7821E-11 -0.2855365E-09 0.4309E-11  2.142    
   6     -0.2903552E-09 0.7513E-11 -0.2866972E-09 0.3743E-11  1.784    
   7     -0.2764095E-09 0.7334E-11 -0.2847799E-09 0.3347E-11  1.752    
   8     -0.2869437E-09 0.7442E-11 -0.2851331E-09 0.3055E-11  1.518    
   9     -0.2844550E-09 0.7410E-11 -0.2850387E-09 0.2827E-11  1.336    
  10     -0.2754175E-09 0.7045E-11 -0.2838244E-09 0.2629E-11  1.364    



 INPUT PARAMETERS FOR VEGAS:  NDIM=  6  NCALL=   94091762.
                              IT=    0  ITMX=   20
                              MDS=  1   ND=  50
   1     -0.2900562E-09 0.2672E-11 -0.2900562E-09 0.2672E-11  0.000    
   2     -0.2853638E-09 0.2546E-11 -0.2876342E-09 0.1844E-11  1.617    
   3     -0.2839055E-09 0.2399E-11 -0.2862729E-09 0.1463E-11  1.569    
   4     -0.2831048E-09 0.2407E-11 -0.2854330E-09 0.1250E-11  1.469    
   5     -0.2850443E-09 0.2491E-11 -0.2853551E-09 0.1117E-11  1.107    
   6     -0.2883354E-09 0.2488E-11 -0.2858638E-09 0.1019E-11  1.125    
   7     -0.2843807E-09 0.2461E-11 -0.2856486E-09 0.9417E-12 0.9903    
   8     -0.2720485E-09 0.1013E-10 -0.2855428E-09 0.9326E-12  1.093    
   9     -0.2859973E-09 0.2503E-11 -0.2855989E-09 0.8738E-12 0.9589    
  10     -0.2851184E-09 0.2529E-11 -0.2855474E-09 0.8259E-12 0.8555    
  11     -0.2844761E-09 0.2443E-11 -0.2854374E-09 0.7824E-12 0.7872    
  12     -0.2852937E-09 0.2725E-11 -0.2854264E-09 0.7520E-12 0.7155    
  13     -0.2845924E-09 0.2494E-11 -0.2853568E-09 0.7200E-12 0.6643    
  14     -0.2857306E-09 0.2447E-11 -0.2853868E-09 0.6907E-12 0.6145    
  15     -0.2871160E-09 0.2463E-11 -0.2855151E-09 0.6650E-12 0.6031    
  16     -0.2805906E-09 0.2471E-11 -0.2851915E-09 0.6422E-12 0.8045    
  17     -0.2865151E-09 0.2445E-11 -0.2852781E-09 0.6211E-12 0.7709    
  18     -0.2899662E-09 0.2915E-11 -0.2854891E-09 0.6076E-12 0.8746    
  19     -0.2859824E-09 0.2437E-11 -0.2855182E-09 0.5895E-12 0.8279    
  20     -0.2836956E-09 0.2471E-11 -0.2854208E-09 0.5735E-12 0.8115    
   
   
 Integral [real-dipole]:  -2.8542082846289541E-010 +-   5.7345563130074414E-013
 with chisq    =  0.81152904127761538     
  
  
  
 For xq =         2400 
  
 RM48 INITIALIZED:        40           0         0



 INPUT PARAMETERS FOR VEGAS:  NDIM=  6  NCALL=    9653618.
                              IT=    0  ITMX=   10
                              MDS=  1   ND=  50
   1     -0.1642082E-09 0.1564E-10 -0.1642082E-09 0.1564E-10  0.000    
   2     -0.2120524E-09 0.7244E-11 -0.2065969E-09 0.6098E-11  6.219    
   3     -0.2867883E-09 0.7696E-10 -0.2077319E-09 0.7238E-11  3.032    
   4     -0.1891597E-09 0.1909E-10 -0.2060425E-09 0.6634E-11  2.404    
   5     -0.1888689E-09 0.7695E-11 -0.1998907E-09 0.5180E-11  2.529    
   6     -0.2002583E-09 0.5934E-11 -0.2000391E-09 0.3963E-11  2.062    
   7     -0.2013631E-09 0.5740E-11 -0.2004414E-09 0.3286E-11  1.745    
   8     -0.1921795E-09 0.5219E-11 -0.1983694E-09 0.2817E-11  1.756    
   9     -0.2034057E-09 0.5233E-11 -0.1994693E-09 0.2485E-11  1.630    
  10     -0.2048953E-09 0.5167E-11 -0.2004743E-09 0.2241E-11  1.550    



 INPUT PARAMETERS FOR VEGAS:  NDIM=  6  NCALL=   94091762.
                              IT=    0  ITMX=   20
                              MDS=  1   ND=  50
   1     -0.2011588E-09 0.1761E-11 -0.2011588E-09 0.1761E-11  0.000    
   2     -0.2009110E-09 0.1756E-11 -0.2010346E-09 0.1243E-11 0.9931E-02
   3     -0.1999552E-09 0.1762E-11 -0.2006784E-09 0.1016E-11 0.1298    
   4     -0.2036255E-09 0.1754E-11 -0.2014348E-09 0.8791E-12 0.8006    
   5     -0.2000371E-09 0.1810E-11 -0.2011709E-09 0.7907E-12 0.7218    
   6     -0.2031561E-09 0.1699E-11 -0.2015300E-09 0.7168E-12 0.8027    
   7     -0.2038423E-09 0.2010E-11 -0.2017963E-09 0.6754E-12 0.8657    
   8     -0.2030104E-09 0.1769E-11 -0.2019524E-09 0.6310E-12 0.8002    
   9     -0.2004717E-09 0.2364E-11 -0.2018553E-09 0.6095E-12 0.7465    
  10     -0.2014237E-09 0.1767E-11 -0.2018096E-09 0.5762E-12 0.6697    
  11     -0.2045464E-09 0.1717E-11 -0.2020933E-09 0.5462E-12 0.8346    
  12     -0.2022769E-09 0.1717E-11 -0.2021102E-09 0.5205E-12 0.7595    
  13     -0.2012151E-09 0.1775E-11 -0.2020399E-09 0.4994E-12 0.7160    
  14     -0.2022792E-09 0.1702E-11 -0.2020589E-09 0.4792E-12 0.6622    
  15     -0.2032847E-09 0.1812E-11 -0.2021401E-09 0.4633E-12 0.6453    
  16     -0.2020181E-09 0.1705E-11 -0.2021317E-09 0.4471E-12 0.6026    
  17     -0.2047071E-09 0.1823E-11 -0.2022814E-09 0.4342E-12 0.6845    
  18     -0.2000454E-09 0.1726E-11 -0.2021510E-09 0.4211E-12 0.7361    
  19     -0.2042175E-09 0.1707E-11 -0.2022719E-09 0.4088E-12 0.7726    
  20     -0.2013284E-09 0.1709E-11 -0.2022212E-09 0.3976E-12 0.7473    
   
   
 Integral [real-dipole]:  -2.0222124442177435E-010 +-   3.9763647704209698E-013
 with chisq    =  0.74726283100795676     
  
  
  
 For xq =         2500 
  
 RM48 INITIALIZED:        40           0         0



 INPUT PARAMETERS FOR VEGAS:  NDIM=  6  NCALL=    9653618.
                              IT=    0  ITMX=   10
                              MDS=  1   ND=  50
   1     -0.1297547E-09 0.1037E-10 -0.1297547E-09 0.1037E-10  0.000    
   2     -0.1509082E-09 0.8854E-11 -0.1435048E-09 0.6657E-11  2.297    
   3     -0.1418654E-09 0.5973E-11 -0.1425901E-09 0.4438E-11  1.159    
   4     -0.1371328E-09 0.4286E-11 -0.1398446E-09 0.3107E-11  1.041    
   5     -0.1478870E-09 0.4199E-11 -0.1428906E-09 0.2476E-11  1.384    
   6     -0.1449770E-09 0.3918E-11 -0.1435056E-09 0.2088E-11  1.140    
   7     -0.1404811E-09 0.3904E-11 -0.1428462E-09 0.1843E-11  1.030    
   8     -0.1441902E-09 0.3931E-11 -0.1430944E-09 0.1667E-11 0.8934    
   9     -0.1455948E-09 0.3849E-11 -0.1435050E-09 0.1528E-11 0.8236    
  10     -0.1437742E-09 0.3687E-11 -0.1435450E-09 0.1411E-11 0.7315    



 INPUT PARAMETERS FOR VEGAS:  NDIM=  6  NCALL=   94091762.
                              IT=    0  ITMX=   20
                              MDS=  1   ND=  50
   1     -0.1442812E-09 0.1238E-11 -0.1442812E-09 0.1238E-11  0.000    
   2     -0.1422215E-09 0.1221E-11 -0.1432523E-09 0.8696E-12  1.402    
   3     -0.1438166E-09 0.1213E-11 -0.1434449E-09 0.7067E-12 0.7711    
   4     -0.1437632E-09 0.1237E-11 -0.1435235E-09 0.6136E-12 0.5302    
   5     -0.1448389E-09 0.1244E-11 -0.1437847E-09 0.5503E-12 0.6235    
   6     -0.1455021E-09 0.1220E-11 -0.1440808E-09 0.5016E-12 0.8313    
   7     -0.1434535E-09 0.1407E-11 -0.1440106E-09 0.4724E-12 0.7228    
   8     -0.1456797E-09 0.1256E-11 -0.1442216E-09 0.4422E-12 0.8425    
   9     -0.1462805E-09 0.1257E-11 -0.1444541E-09 0.4172E-12  1.040    
  10     -0.1440396E-09 0.1228E-11 -0.1444114E-09 0.3950E-12 0.9361    
  11     -0.1438743E-09 0.1215E-11 -0.1443604E-09 0.3757E-12 0.8606    
  12     -0.1441218E-09 0.1225E-11 -0.1443400E-09 0.3591E-12 0.7857    
  13     -0.1427816E-09 0.1254E-11 -0.1442242E-09 0.3453E-12 0.8381    
  14     -0.1449144E-09 0.1229E-11 -0.1442752E-09 0.3324E-12 0.7958    
  15     -0.1443702E-09 0.1294E-11 -0.1442811E-09 0.3219E-12 0.7392    
  16     -0.1447099E-09 0.1272E-11 -0.1443070E-09 0.3121E-12 0.6969    
  17     -0.1432523E-09 0.1220E-11 -0.1442431E-09 0.3024E-12 0.6972    
  18     -0.1425569E-09 0.1260E-11 -0.1441534E-09 0.2940E-12 0.7545    
  19     -0.1456757E-09 0.1307E-11 -0.1442282E-09 0.2869E-12 0.7849    
  20     -0.1439648E-09 0.1224E-11 -0.1442145E-09 0.2793E-12 0.7461    
   
   
 Integral [real-dipole]:  -1.4421454779630150E-010 +-   2.7929342500141124E-013
 with chisq    =  0.74605546665429368     
  
  
  
 For xq =         2600 
  
 RM48 INITIALIZED:        40           0         0



 INPUT PARAMETERS FOR VEGAS:  NDIM=  6  NCALL=    9653618.
                              IT=    0  ITMX=   10
                              MDS=  1   ND=  50
   1     -0.9731882E-10 0.9872E-11 -0.9731882E-10 0.9872E-11  0.000    
   2     -0.1080311E-09 0.3733E-11 -0.1069173E-09 0.3363E-11 0.9452    
   3     -0.1049658E-09 0.3699E-11 -0.1060140E-09 0.2482E-11 0.5429    
   4     -0.1011642E-09 0.3124E-11 -0.1041903E-09 0.1950E-11 0.8501    
   5     -0.1046821E-09 0.2925E-11 -0.1043451E-09 0.1619E-11 0.6382    
   6     -0.1018781E-09 0.2728E-11 -0.1037155E-09 0.1394E-11 0.6319    
   7     -0.1032477E-09 0.2664E-11 -0.1036146E-09 0.1235E-11 0.5304    
   8     -0.1037901E-09 0.2726E-11 -0.1036449E-09 0.1125E-11 0.4543    
   9     -0.1002489E-09 0.2711E-11 -0.1031702E-09 0.1040E-11 0.5603    
  10     -0.1071339E-09 0.2738E-11 -0.1037066E-09 0.9711E-12 0.7104    



 INPUT PARAMETERS FOR VEGAS:  NDIM=  6  NCALL=   94091762.
                              IT=    0  ITMX=   20
                              MDS=  1   ND=  50
   1     -0.1025353E-09 0.8842E-12 -0.1025353E-09 0.8842E-12  0.000    
   2     -0.1016876E-09 0.8837E-12 -0.1021147E-09 0.6251E-12 0.4599    
   3     -0.1024474E-09 0.9023E-12 -0.1022231E-09 0.5138E-12 0.2755    
   4     -0.1038927E-09 0.8753E-12 -0.1026614E-09 0.4431E-12  1.099    
   5     -0.1024141E-09 0.8655E-12 -0.1026102E-09 0.3944E-12 0.8408    
   6     -0.1036553E-09 0.1019E-11 -0.1027488E-09 0.3679E-12 0.8559    
   7     -0.1040954E-09 0.9492E-12 -0.1029287E-09 0.3431E-12  1.008    
   8     -0.1056409E-09 0.8812E-12 -0.1033020E-09 0.3197E-12  2.079    
   9     -0.1047638E-09 0.8852E-12 -0.1034749E-09 0.3007E-12  2.121    
  10     -0.1036561E-09 0.8860E-12 -0.1034937E-09 0.2847E-12  1.889    
  11     -0.1020806E-09 0.8747E-12 -0.1033616E-09 0.2707E-12  1.935    
  12     -0.1024076E-09 0.8774E-12 -0.1032801E-09 0.2587E-12  1.859    
  13     -0.1025811E-09 0.9145E-12 -0.1032289E-09 0.2489E-12  1.750    
  14     -0.1022459E-09 0.8953E-12 -0.1031596E-09 0.2398E-12  1.702    
  15     -0.1028453E-09 0.8902E-12 -0.1031385E-09 0.2316E-12  1.590    
  16     -0.1028205E-09 0.9105E-12 -0.1031192E-09 0.2244E-12  1.492    
  17     -0.1021399E-09 0.8793E-12 -0.1030604E-09 0.2175E-12  1.472    
  18     -0.1031626E-09 0.8726E-12 -0.1030664E-09 0.2110E-12  1.386    
  19     -0.1021208E-09 0.8755E-12 -0.1030154E-09 0.2051E-12  1.370    
  20     -0.1050540E-09 0.9698E-12 -0.1031060E-09 0.2007E-12  1.526    
   
   
 Integral [real-dipole]:  -1.0310602857597066E-010 +-   2.0073315507009425E-013
 with chisq    =   1.5261708783860444     
  
  
  
 For xq =         2700 
  
 RM48 INITIALIZED:        40           0         0



 INPUT PARAMETERS FOR VEGAS:  NDIM=  6  NCALL=    9653618.
                              IT=    0  ITMX=   10
                              MDS=  1   ND=  50
   1     -0.8323979E-10 0.1034E-10 -0.8323979E-10 0.1034E-10  0.000    
   2     -0.7255199E-10 0.4421E-11 -0.7462524E-10 0.4271E-11 0.9790    
   3     -0.7498553E-10 0.2813E-11 -0.7487028E-10 0.2384E-11 0.5050    
   4     -0.7812989E-10 0.2302E-11 -0.7657946E-10 0.1650E-11 0.6588    
   5     -0.7290962E-10 0.1969E-11 -0.7516892E-10 0.1280E-11 0.9914    
   6     -0.7388697E-10 0.2571E-11 -0.7492799E-10 0.1147E-11 0.8401    
   7     -0.7214720E-10 0.2404E-11 -0.7445489E-10 0.1038E-11 0.8792    
   8     -0.7379313E-10 0.2070E-11 -0.7432683E-10 0.9292E-12 0.7692    
   9     -0.7641122E-10 0.2184E-11 -0.7465438E-10 0.8545E-12 0.7693    
  10     -0.7346624E-10 0.2035E-11 -0.7448411E-10 0.7889E-12 0.7182    



 INPUT PARAMETERS FOR VEGAS:  NDIM=  6  NCALL=   94091762.
                              IT=    0  ITMX=   20
                              MDS=  1   ND=  50
   1     -0.7373384E-10 0.6514E-12 -0.7373384E-10 0.6514E-12  0.000    
   2     -0.7341070E-10 0.6519E-12 -0.7357312E-10 0.4608E-12 0.1229    
   3     -0.7328824E-10 0.6481E-12 -0.7347795E-10 0.3755E-12 0.1256    
   4     -0.7468322E-10 0.6432E-12 -0.7379191E-10 0.3243E-12 0.9701    
   5     -0.7465854E-10 0.6369E-12 -0.7397372E-10 0.2890E-12  1.097    
   6     -0.7366438E-10 0.6359E-12 -0.7392113E-10 0.2631E-12 0.9177    
   7     -0.7425000E-10 0.6375E-12 -0.7396937E-10 0.2432E-12 0.8019    
   8     -0.7316836E-10 0.6423E-12 -0.7387082E-10 0.2274E-12 0.8804    
   9     -0.7529603E-10 0.6455E-12 -0.7403368E-10 0.2145E-12  1.325    
  10     -0.7353224E-10 0.6305E-12 -0.7398226E-10 0.2031E-12  1.242    
  11     -0.7386304E-10 0.6561E-12 -0.7397187E-10 0.1940E-12  1.121    
  12     -0.7369217E-10 0.6294E-12 -0.7394776E-10 0.1854E-12  1.036    
  13     -0.7386706E-10 0.6393E-12 -0.7394151E-10 0.1781E-12 0.9512    
  14     -0.7230997E-10 0.1941E-11 -0.7392849E-10 0.1771E-12 0.9325    
  15     -0.7363789E-10 0.7936E-12 -0.7391477E-10 0.1728E-12 0.8752    
  16     -0.7440850E-10 0.6642E-12 -0.7394655E-10 0.1672E-12 0.8511    
  17     -0.7429528E-10 0.6417E-12 -0.7396898E-10 0.1618E-12 0.8148    
  18     -0.7440448E-10 0.6619E-12 -0.7399389E-10 0.1572E-12 0.7906    
  19     -0.7461134E-10 0.6362E-12 -0.7403006E-10 0.1526E-12 0.7960    
  20     -0.7475500E-10 0.6445E-12 -0.7406935E-10 0.1485E-12 0.8176    
   
   
 Integral [real-dipole]:  -7.4069350425087040E-011 +-   1.4849291458753681E-013
 with chisq    =  0.81760731731391467     
  
  
  
 For xq =         2800 
  
 RM48 INITIALIZED:        40           0         0



 INPUT PARAMETERS FOR VEGAS:  NDIM=  6  NCALL=    9653618.
                              IT=    0  ITMX=   10
                              MDS=  1   ND=  50
   1     -0.6674196E-10 0.8393E-11 -0.6674196E-10 0.8393E-11  0.000    
   2     -0.5064351E-10 0.2407E-11 -0.5265615E-10 0.2634E-11  4.085    
   3     -0.5488568E-10 0.1597E-11 -0.5421751E-10 0.1408E-11  2.407    
   4     -0.5097874E-10 0.1523E-11 -0.5292561E-10 0.1061E-11  2.445    
   5     -0.5532541E-10 0.1625E-11 -0.5362714E-10 0.8894E-12  2.221    
   6     -0.5378776E-10 0.1608E-11 -0.5366248E-10 0.7804E-12  1.802    
   7     -0.5815975E-10 0.2511E-11 -0.5409146E-10 0.7471E-12  2.003    
   8     -0.5317670E-10 0.2007E-11 -0.5398990E-10 0.7000E-12  1.763    
   9     -0.5341918E-10 0.1586E-11 -0.5390306E-10 0.6417E-12  1.569    
  10     -0.5067037E-10 0.2845E-11 -0.5377120E-10 0.6233E-12  1.535    



 INPUT PARAMETERS FOR VEGAS:  NDIM=  6  NCALL=   94091762.
                              IT=    0  ITMX=   20
                              MDS=  1   ND=  50
   1     -0.5484728E-10 0.7119E-12 -0.5484728E-10 0.7119E-12  0.000    
   2     -0.5467099E-10 0.7033E-12 -0.5475834E-10 0.5003E-12 0.3103E-01
   3     -0.5218828E-10 0.6883E-12 -0.5392495E-10 0.4050E-12  4.429    
   4     -0.5441690E-10 0.7015E-12 -0.5404964E-10 0.3507E-12  3.063    
   5     -0.5359929E-10 0.7091E-12 -0.5396229E-10 0.3144E-12  2.385    
   6     -0.5473217E-10 0.8011E-12 -0.5406761E-10 0.2928E-12  2.062    
   7     -0.5371764E-10 0.7045E-12 -0.5401667E-10 0.2704E-12  1.756    
   8     -0.5424437E-10 0.7223E-12 -0.5404484E-10 0.2532E-12  1.517    
   9     -0.5285286E-10 0.7026E-12 -0.5391320E-10 0.2382E-12  1.641    
  10     -0.5349198E-10 0.7084E-12 -0.5387103E-10 0.2258E-12  1.496    
  11     -0.5302195E-10 0.7754E-12 -0.5380660E-10 0.2168E-12  1.458    
  12     -0.5509510E-10 0.7139E-12 -0.5392016E-10 0.2074E-12  1.602    
  13     -0.5369086E-10 0.7001E-12 -0.5390180E-10 0.1989E-12  1.477    
  14     -0.5269841E-10 0.7020E-12 -0.5381606E-10 0.1913E-12  1.569    
  15     -0.5387978E-10 0.7180E-12 -0.5382029E-10 0.1849E-12  1.458    
  16     -0.5386425E-10 0.7072E-12 -0.5382311E-10 0.1789E-12  1.361    
  17     -0.5396408E-10 0.7077E-12 -0.5383162E-10 0.1734E-12  1.277    
  18     -0.5357668E-10 0.7102E-12 -0.5381739E-10 0.1685E-12  1.210    
  19     -0.5390555E-10 0.7090E-12 -0.5382212E-10 0.1639E-12  1.143    
  20     -0.5572404E-10 0.7302E-12 -0.5391959E-10 0.1599E-12  1.441    
   
   
 Integral [real-dipole]:  -5.3919593514060779E-011 +-   1.5994441047499799E-013
 with chisq    =   1.4411910436473074     
  
  
  
 For xq =         2900 
  
 RM48 INITIALIZED:        40           0         0



 INPUT PARAMETERS FOR VEGAS:  NDIM=  6  NCALL=    9653618.
                              IT=    0  ITMX=   10
                              MDS=  1   ND=  50
   1     -0.4035927E-10 0.3495E-11 -0.4035927E-10 0.3495E-11  0.000    
   2     -0.3889965E-10 0.1623E-11 -0.3917470E-10 0.1490E-11 0.1467    
   3     -0.3924138E-10 0.1208E-11 -0.3921461E-10 0.9409E-12 0.7446E-01
   4     -0.3769617E-10 0.1213E-11 -0.3867700E-10 0.7477E-12 0.3652    
   5     -0.3896116E-10 0.1322E-11 -0.3874558E-10 0.6509E-12 0.2829    
   6     -0.4004331E-10 0.1233E-11 -0.3903971E-10 0.5749E-12 0.4030    
   7     -0.3795862E-10 0.1106E-11 -0.3882133E-10 0.5113E-12 0.4590    
   8     -0.4031339E-10 0.1054E-11 -0.3912065E-10 0.4590E-12 0.6322    
   9     -0.3878199E-10 0.1024E-11 -0.3906502E-10 0.4191E-12 0.5657    
  10     -0.3870512E-10 0.1160E-11 -0.3902431E-10 0.3943E-12 0.5133    



 INPUT PARAMETERS FOR VEGAS:  NDIM=  6  NCALL=   94091762.
                              IT=    0  ITMX=   20
                              MDS=  1   ND=  50
   1     -0.3887071E-10 0.3827E-12 -0.3887071E-10 0.3827E-12  0.000    
   2     -0.3957726E-10 0.3713E-12 -0.3924097E-10 0.2664E-12  1.754    
   3     -0.3939896E-10 0.3659E-12 -0.3929603E-10 0.2154E-12 0.9356    
   4     -0.3946501E-10 0.3655E-12 -0.3933988E-10 0.1855E-12 0.6754    
   5     -0.3948347E-10 0.3698E-12 -0.3936894E-10 0.1658E-12 0.5360    
   6     -0.3868975E-10 0.3618E-12 -0.3925431E-10 0.1508E-12  1.001    
   7     -0.3810646E-10 0.3648E-12 -0.3909516E-10 0.1393E-12  2.191    
   8     -0.3867721E-10 0.3726E-12 -0.3904481E-10 0.1305E-12  2.038    
   9     -0.3853066E-10 0.7998E-12 -0.3903181E-10 0.1287E-12  1.838    
  10     -0.3957190E-10 0.3788E-12 -0.3908920E-10 0.1218E-12  1.836    
  11     -0.3919837E-10 0.4122E-12 -0.3909804E-10 0.1168E-12  1.658    
  12     -0.3913094E-10 0.3783E-12 -0.3910091E-10 0.1116E-12  1.507    
  13     -0.3861088E-10 0.3766E-12 -0.3906216E-10 0.1070E-12  1.511    
  14     -0.3850121E-10 0.3678E-12 -0.3901945E-10 0.1028E-12  1.559    
  15     -0.3856483E-10 0.3650E-12 -0.3898671E-10 0.9894E-13  1.550    
  16     -0.3869083E-10 0.3601E-12 -0.3896621E-10 0.9541E-13  1.490    
  17     -0.3898808E-10 0.3635E-12 -0.3896762E-10 0.9228E-13  1.397    
  18     -0.3948760E-10 0.3621E-12 -0.3900017E-10 0.8942E-13  1.429    
  19     -0.3865854E-10 0.3678E-12 -0.3898140E-10 0.8689E-13  1.395    
  20     -0.3936861E-10 0.3662E-12 -0.3900245E-10 0.8454E-13  1.377    
   
   
 Integral [real-dipole]:  -3.9002448682887801E-011 +-   8.4539376008060338E-014
 with chisq    =   1.3773457303519672     
  
  
  
 For xq =         3000 
  
 RM48 INITIALIZED:        40           0         0



 INPUT PARAMETERS FOR VEGAS:  NDIM=  6  NCALL=    9653618.
                              IT=    0  ITMX=   10
                              MDS=  1   ND=  50
   1     -0.2982459E-10 0.2194E-11 -0.2982459E-10 0.2194E-11  0.000    
   2     -0.2895684E-10 0.9041E-12 -0.2908929E-10 0.8448E-12 0.1365    
   3     -0.2845687E-10 0.8610E-12 -0.2878934E-10 0.6061E-12 0.2054    
   4     -0.2758810E-10 0.7650E-12 -0.2835578E-10 0.4784E-12 0.6253    
   5     -0.3061471E-10 0.7960E-12 -0.2901318E-10 0.4083E-12  2.036    
   6     -0.2809938E-10 0.7492E-12 -0.2881510E-10 0.3593E-12  1.867    
   7     -0.2722889E-10 0.7861E-12 -0.2856759E-10 0.3273E-12  2.097    
   8     -0.2834724E-10 0.7914E-12 -0.2853608E-10 0.3026E-12  1.812    
   9     -0.2799217E-10 0.7729E-12 -0.2846671E-10 0.2819E-12  1.646    
  10     -0.2835953E-10 0.7809E-12 -0.2845452E-10 0.2652E-12  1.467    



 INPUT PARAMETERS FOR VEGAS:  NDIM=  6  NCALL=   94091762.
                              IT=    0  ITMX=   20
                              MDS=  1   ND=  50
   1     -0.2785446E-10 0.2480E-12 -0.2785446E-10 0.2480E-12  0.000    
   2     -0.2875805E-10 0.2576E-12 -0.2830352E-10 0.1787E-12  6.389    
   3     -0.2822447E-10 0.2492E-12 -0.2827678E-10 0.1453E-12  3.234    
   4     -0.2808155E-10 0.2494E-12 -0.2822784E-10 0.1255E-12  2.315    
   5     -0.2848323E-10 0.2493E-12 -0.2828024E-10 0.1121E-12  1.942    
   6     -0.2848687E-10 0.2488E-12 -0.2831552E-10 0.1022E-12  1.665    
   7     -0.2805735E-10 0.2514E-12 -0.2827947E-10 0.9468E-13  1.540    
   8     -0.2879702E-10 0.2513E-12 -0.2834587E-10 0.8860E-13  1.859    
   9     -0.2820665E-10 0.2592E-12 -0.2833143E-10 0.8384E-13  1.661    
  10     -0.2836573E-10 0.2621E-12 -0.2833462E-10 0.7985E-13  1.478    
  11     -0.2832940E-10 0.2492E-12 -0.2833414E-10 0.7605E-13  1.330    
  12     -0.2856711E-10 0.2470E-12 -0.2835461E-10 0.7268E-13  1.282    
  13     -0.2821574E-10 0.2528E-12 -0.2834411E-10 0.6985E-13  1.199    
  14     -0.2880381E-10 0.2532E-12 -0.2837760E-10 0.6734E-13  1.347    
  15     -0.2831752E-10 0.2550E-12 -0.2837370E-10 0.6510E-13  1.254    
  16     -0.2797471E-10 0.2689E-12 -0.2835219E-10 0.6327E-13  1.308    
  17     -0.2832200E-10 0.2520E-12 -0.2835040E-10 0.6137E-13  1.227    
  18     -0.2841385E-10 0.2664E-12 -0.2835361E-10 0.5980E-13  1.158    
  19     -0.2822677E-10 0.2496E-12 -0.2834678E-10 0.5815E-13  1.108    
  20     -0.2918259E-10 0.2698E-12 -0.2838603E-10 0.5686E-13  1.555    
   
   
 Integral [real-dipole]:  -2.8386029083890978E-011 +-   5.6858136726575532E-014
 with chisq    =   1.5550545977161558     
  
  
  
    xq         Integral [real-dipole]                 error
   2100     -0.579731104012517E-09      0.116835818688836E-11
   2200     -0.404778164058390E-09      0.804344797612566E-12
   2300     -0.285420828462895E-09      0.573455631300744E-12
   2400     -0.202221244421774E-09      0.397636477042097E-12
   2500     -0.144214547796302E-09      0.279293425001411E-12
   2600     -0.103106028575971E-09      0.200733155070094E-12
   2700     -0.740693504250870E-10      0.148492914587537E-12
   2800     -0.539195935140608E-10      0.159944410474998E-12
   2900     -0.390024486828878E-10      0.845393760080603E-13
   3000     -0.283860290838910E-10      0.568581367265755E-13
Thanks for using LHAPDF 6.5.4. Please make sure to cite the paper:
  Eur.Phys.J. C75 (2015) 3, 132  (http://arxiv.org/abs/1412.7420)
