   700.00000000000000        1.6797924758608809E-005   4.0837046511849487E-007
  
 Writing data in the file  ../summary/run_01/PK2.dat                                                                           
  
LHAPDF 6.5.4 loading /home/niraj/1TB-Disc/Workspace-IITG/Packages/Install/LHAPDF-6.5.4/install/share/LHAPDF/MMHT2014nlo68cl/MMHT2014nlo68cl_0000.dat
MMHT2014nlo68cl PDF set, member #0, version 3; LHAPDF ID = 25100
   
   
 ~~~~~~~~~~~~~~~~~~~~~~~~~~~~~~~~~~~~~~~~~~~~
     Calculating P and K terms
 ~~~~~~~~~~~~~~~~~~~~~~~~~~~~~~~~~~~~~~~~~~~~
   
   
   
 ~~~~~~~~~~~~~~~~~~~~~~~~~~~~~~~~~~~~~~~~~~~~
     Calculating [+] distribution
 ~~~~~~~~~~~~~~~~~~~~~~~~~~~~~~~~~~~~~~~~~~~~
   
 ~~~~~~~~~~~~~~~~~~~~~~~~~~~~~~~~~~~~~~~~
Using Vegas points:                   1.E+09
         Iteration:                   10
 ~~~~~~~~~~~~~~~~~~~~~~~~~~~~~~~~~~~~~~~~
  
 For xq =          700 
  
   
   
 ~~~~~~~~~~~~~~~~~~~~~~~~~~~~~~~~~~~~~~~~~~~~
     Calculating PlusA distribution
 ~~~~~~~~~~~~~~~~~~~~~~~~~~~~~~~~~~~~~~~~~~~~
   
 RM48 INITIALIZED:        40           0         0



 INPUT PARAMETERS FOR VEGAS:  NDIM=  4  NCALL=  933897762.
                              IT=    0  ITMX=   10
                              MDS= -1   ND=  49
   1     -0.7693733E-03 0.4965E-05 -0.7693733E-03 0.4965E-05  0.000    
   2     -0.7718480E-03 0.1540E-05 -0.7716321E-03 0.1469E-05 0.2261    
   3     -0.7721142E-03 0.1199E-05 -0.7719219E-03 0.9281E-06 0.1452    
   4     -0.7720812E-03 0.1108E-05 -0.7719877E-03 0.7113E-06 0.1008    
   5     -0.7717027E-03 0.1073E-05 -0.7719006E-03 0.5928E-06 0.8786E-01
   6     -0.7721323E-03 0.1059E-05 -0.7719560E-03 0.5173E-06 0.7756E-01
   7     -0.7693333E-03 0.1054E-05 -0.7714492E-03 0.4644E-06 0.8932    
   8     -0.7730119E-03 0.1054E-05 -0.7717045E-03 0.4249E-06  1.029    
   9     -0.7706045E-03 0.1051E-05 -0.7715502E-03 0.3939E-06  1.018    
  10     -0.7713716E-03 0.1057E-05 -0.7715284E-03 0.3692E-06 0.9079    



 INPUT PARAMETERS FOR VEGAS:  NDIM=  4  NCALL= 1310720000.
                              IT=    0  ITMX=   20
                              MDS= -1   ND=  40
   1     -0.7733727E-03 0.8905E-06 -0.7733727E-03 0.8905E-06  0.000    
   2     -0.7719303E-03 0.8894E-06 -0.7726520E-03 0.6293E-06  1.313    
   3     -0.7717773E-03 0.8895E-06 -0.7723607E-03 0.5137E-06 0.9793    
   4     -0.7716036E-03 0.8901E-06 -0.7721718E-03 0.4449E-06 0.8338    
   5     -0.7719992E-03 0.8901E-06 -0.7721373E-03 0.3980E-06 0.6330    
   6     -0.7707651E-03 0.8892E-06 -0.7719090E-03 0.3633E-06 0.9025    
   7     -0.7692644E-03 0.8883E-06 -0.7715323E-03 0.3362E-06  2.012    
   8     -0.7710671E-03 0.8887E-06 -0.7714741E-03 0.3145E-06  1.759    
   9     -0.7714881E-03 0.8890E-06 -0.7714757E-03 0.2965E-06  1.539    
  10     -0.7722530E-03 0.8902E-06 -0.7715534E-03 0.2813E-06  1.444    
  11     -0.7726942E-03 0.8895E-06 -0.7716574E-03 0.2682E-06  1.450    
  12     -0.7715665E-03 0.8892E-06 -0.7716498E-03 0.2568E-06  1.319    
  13     -0.7714245E-03 0.8892E-06 -0.7716325E-03 0.2467E-06  1.214    
  14     -0.7728034E-03 0.8901E-06 -0.7717162E-03 0.2377E-06  1.244    
  15     -0.7720138E-03 0.8895E-06 -0.7717361E-03 0.2297E-06  1.163    
  16     -0.7717529E-03 0.8893E-06 -0.7717371E-03 0.2224E-06  1.085    
  17     -0.7723569E-03 0.8903E-06 -0.7717736E-03 0.2157E-06  1.046    
  18     -0.7724556E-03 0.8900E-06 -0.7718115E-03 0.2097E-06  1.017    
  19     -0.7707566E-03 0.8886E-06 -0.7717560E-03 0.2041E-06  1.034    
  20     -0.7711970E-03 0.8895E-06 -0.7717281E-03 0.1989E-06 0.9998    
   
   
 ~~~~~~~~~~~~~~~~~~~~~~~~~~~~~~~~~~~~~~~~~~~~
     Calculating PlusB distribution
 ~~~~~~~~~~~~~~~~~~~~~~~~~~~~~~~~~~~~~~~~~~~~
   
 RM48 INITIALIZED:        40           0         0



 INPUT PARAMETERS FOR VEGAS:  NDIM=  4  NCALL=  933897762.
                              IT=    0  ITMX=   10
                              MDS= -1   ND=  49
   1     -0.7768484E-03 0.4992E-05 -0.7768484E-03 0.4992E-05  0.000    
   2     -0.7770639E-03 0.1567E-05 -0.7770446E-03 0.1495E-05 0.1696E-02
   3     -0.7754772E-03 0.1218E-05 -0.7761038E-03 0.9448E-06 0.3311    
   4     -0.7773189E-03 0.1126E-05 -0.7766067E-03 0.7235E-06 0.4487    
   5     -0.7758243E-03 0.1088E-05 -0.7763671E-03 0.6025E-06 0.4262    
   6     -0.7767899E-03 0.1075E-05 -0.7764683E-03 0.5256E-06 0.3645    
   7     -0.7748191E-03 0.1068E-05 -0.7761479E-03 0.4716E-06 0.6228    
   8     -0.7758065E-03 0.1066E-05 -0.7760921E-03 0.4313E-06 0.5462    
   9     -0.7765352E-03 0.1069E-05 -0.7761542E-03 0.4000E-06 0.4963    
  10     -0.7766007E-03 0.1068E-05 -0.7762092E-03 0.3746E-06 0.4582    



 INPUT PARAMETERS FOR VEGAS:  NDIM=  4  NCALL= 1310720000.
                              IT=    0  ITMX=   20
                              MDS= -1   ND=  40
   1     -0.7749549E-03 0.9027E-06 -0.7749549E-03 0.9027E-06  0.000    
   2     -0.7767521E-03 0.9040E-06 -0.7758543E-03 0.6388E-06  1.979    
   3     -0.7751012E-03 0.9031E-06 -0.7756035E-03 0.5215E-06  1.222    
   4     -0.7756632E-03 0.9034E-06 -0.7756184E-03 0.4516E-06 0.8156    
   5     -0.7761945E-03 0.9033E-06 -0.7757337E-03 0.4040E-06 0.6929    
   6     -0.7753809E-03 0.9032E-06 -0.7756750E-03 0.3688E-06 0.5798    
   7     -0.7755775E-03 0.9030E-06 -0.7756610E-03 0.3414E-06 0.4849    
   8     -0.7761741E-03 0.9033E-06 -0.7757253E-03 0.3193E-06 0.4559    
   9     -0.7760295E-03 0.9037E-06 -0.7757591E-03 0.3011E-06 0.4115    
  10     -0.7757422E-03 0.9033E-06 -0.7757574E-03 0.2856E-06 0.3658    
  11     -0.7768364E-03 0.9037E-06 -0.7758556E-03 0.2724E-06 0.4590    
  12     -0.7767909E-03 0.9037E-06 -0.7759337E-03 0.2608E-06 0.5067    
  13     -0.7750410E-03 0.9033E-06 -0.7758652E-03 0.2505E-06 0.5395    
  14     -0.7767034E-03 0.9039E-06 -0.7759251E-03 0.2414E-06 0.5595    
  15     -0.7765279E-03 0.9040E-06 -0.7759653E-03 0.2333E-06 0.5491    
  16     -0.7769850E-03 0.9044E-06 -0.7760290E-03 0.2259E-06 0.5921    
  17     -0.7761519E-03 0.9037E-06 -0.7760363E-03 0.2191E-06 0.5562    
  18     -0.7763724E-03 0.9035E-06 -0.7760550E-03 0.2130E-06 0.5311    
  19     -0.7770153E-03 0.9042E-06 -0.7761056E-03 0.2073E-06 0.5611    
  20     -0.7765095E-03 0.9043E-06 -0.7761257E-03 0.2020E-06 0.5415    
   
   
 Integral Plus:   4.3976408297065252E-006 +-   1.6433117446325701E-319
 with chisq    =  0.54149196482725248     
  
  
  
    xq         Integral Plus                 error
    700      0.439764082970653E-05      0.400947924018738E-06
   
   
 ~~~~~~~~~~~~~~~~~~~~~~~~~~~~~~~~~~~~~~~~~~~~
     Calculating Regular Terms
 ~~~~~~~~~~~~~~~~~~~~~~~~~~~~~~~~~~~~~~~~~~~~
   
 ~~~~~~~~~~~~~~~~~~~~~~~~~~~~~~~~~~~~~~~~
Using Vegas points:                   1.E+07
         Iteration:                   10
 ~~~~~~~~~~~~~~~~~~~~~~~~~~~~~~~~~~~~~~~~
  
 For xq =          700 
  
 RM48 INITIALIZED:        40           0         0



 INPUT PARAMETERS FOR VEGAS:  NDIM=  4  NCALL=    9759362.
                              IT=    0  ITMX=   10
                              MDS= -1   ND=  47
   1      0.6700346E-05 0.6614E-06  0.6700346E-05 0.6614E-06  0.000    
   2      0.7958002E-05 0.1775E-06  0.7896885E-05 0.1601E-06  2.854    
   3      0.7750340E-05 0.1202E-06  0.7799707E-05 0.9459E-07  1.645    
   4      0.7850296E-05 0.1126E-06  0.7821800E-05 0.7186E-07  1.111    
   5      0.7777017E-05 0.1090E-06  0.7807750E-05 0.5984E-07 0.8546    
   6      0.7514034E-05 0.1056E-06  0.7737869E-05 0.5212E-07  1.838    
   7      0.7722685E-05 0.1065E-06  0.7734860E-05 0.4678E-07  1.528    
   8      0.7651659E-05 0.1056E-06  0.7721124E-05 0.4276E-07  1.383    
   9      0.7749335E-05 0.1069E-06  0.7725124E-05 0.3969E-07  1.213    
  10      0.7618208E-05 0.1065E-06  0.7712137E-05 0.3719E-07  1.177    



 INPUT PARAMETERS FOR VEGAS:  NDIM=  4  NCALL=   99574272.
                              IT=    0  ITMX=   20
                              MDS= -1   ND=  42
   1      0.7742865E-05 0.3325E-07  0.7742865E-05 0.3325E-07  0.000    
   2      0.7720454E-05 0.3316E-07  0.7731662E-05 0.2348E-07 0.2277    
   3      0.7652904E-05 0.3309E-07  0.7705640E-05 0.1915E-07  1.986    
   4      0.7723841E-05 0.3325E-07  0.7710189E-05 0.1660E-07  1.397    
   5      0.7694705E-05 0.3316E-07  0.7707097E-05 0.1484E-07  1.092    
   6      0.7765196E-05 0.3335E-07  0.7716821E-05 0.1356E-07  1.383    
   7      0.7696589E-05 0.3326E-07  0.7713950E-05 0.1256E-07  1.206    
   8      0.7738170E-05 0.3323E-07  0.7716992E-05 0.1175E-07  1.100    
   9      0.7695432E-05 0.3310E-07  0.7714594E-05 0.1107E-07  1.010    
  10      0.7738071E-05 0.3325E-07  0.7716948E-05 0.1050E-07 0.9473    
  11      0.7745712E-05 0.3314E-07  0.7719591E-05 0.1001E-07 0.9208    
  12      0.7730228E-05 0.3322E-07  0.7720479E-05 0.9586E-08 0.8455    
  13      0.7755132E-05 0.3328E-07  0.7723155E-05 0.9212E-08 0.8585    
  14      0.7711477E-05 0.3311E-07  0.7722319E-05 0.8875E-08 0.8015    
  15      0.7680442E-05 0.3313E-07  0.7719544E-05 0.8572E-08 0.8503    
  16      0.7700551E-05 0.3313E-07  0.7718358E-05 0.8299E-08 0.8143    
  17      0.7690218E-05 0.3316E-07  0.7716711E-05 0.8051E-08 0.8058    
  18      0.7699636E-05 0.3318E-07  0.7715765E-05 0.7824E-08 0.7732    
  19      0.7758468E-05 0.3326E-07  0.7718028E-05 0.7616E-08 0.8175    
  20      0.7683348E-05 0.3313E-07  0.7716302E-05 0.7423E-08 0.8291    
   
   
 Integral Regular:   7.7163022020904109E-006 +-   7.4225097474156973E-009
 with chisq    =  0.82910760206734091     
  
  
  
    xq         Integral Regular                 error
    700      0.771630220209041E-05      0.742250974741570E-08
   
   
 ~~~~~~~~~~~~~~~~~~~~~~~~~~~~~~~~~~~~~~~~~~~~
     Calculating Delta Functions
 ~~~~~~~~~~~~~~~~~~~~~~~~~~~~~~~~~~~~~~~~~~~~
   
 ~~~~~~~~~~~~~~~~~~~~~~~~~~~~~~~~~~~~~~~~
Using Vegas points:                   1.E+07
         Iteration:                   10
 ~~~~~~~~~~~~~~~~~~~~~~~~~~~~~~~~~~~~~~~~
  
 For xq =          700 
  
 RM48 INITIALIZED:        40           0         0



 INPUT PARAMETERS FOR VEGAS:  NDIM=  2  NCALL=    9724050.
                              IT=    0  ITMX=   10
                              MDS= -1   ND=  49
   1      0.4684042E-05 0.6264E-10  0.4684042E-05 0.6264E-10  0.000    
   2      0.4683982E-05 0.2406E-11  0.4683982E-05 0.2404E-11 0.9192    
   3      0.4683983E-05 0.1412E-11  0.4683983E-05 0.1218E-11 0.5785    
   4      0.4683982E-05 0.1353E-11  0.4683982E-05 0.9052E-12 0.4272    
   5      0.4683982E-05 0.1347E-11  0.4683982E-05 0.7512E-12 0.3221    
   6      0.4683982E-05 0.1347E-11  0.4683982E-05 0.6561E-12 0.2927    
   7      0.4683982E-05 0.1350E-11  0.4683982E-05 0.5901E-12 0.2552    
   8      0.4683982E-05 0.1357E-11  0.4683982E-05 0.5411E-12 0.2491    
   9      0.4683981E-05 0.1366E-11  0.4683982E-05 0.5031E-12 0.2537    
  10      0.4683981E-05 0.1380E-11  0.4683982E-05 0.4727E-12 0.2780    



 INPUT PARAMETERS FOR VEGAS:  NDIM=  2  NCALL=   96827528.
                              IT=    0  ITMX=   20
                              MDS= -1   ND=  49
   1      0.4683982E-05 0.1402E-12  0.4683982E-05 0.1402E-12  0.000    
   2      0.4683982E-05 0.1402E-12  0.4683982E-05 0.9914E-13-0.3287    
   3      0.4683982E-05 0.1402E-12  0.4683982E-05 0.8095E-13-0.2465    
   4      0.4683982E-05 0.1402E-12  0.4683982E-05 0.7010E-13 0.2192    
   5      0.4683982E-05 0.1402E-12  0.4683982E-05 0.6270E-13 0.4109    
   6      0.4683982E-05 0.1402E-12  0.4683982E-05 0.5724E-13 0.5916    
   7      0.4683982E-05 0.1402E-12  0.4683982E-05 0.5300E-13 0.9587    
   8      0.4683982E-05 0.1402E-12  0.4683982E-05 0.4957E-13 0.9392    
   9      0.4683982E-05 0.1402E-12  0.4683982E-05 0.4674E-13 0.9245    
  10      0.4683982E-05 0.1402E-12  0.4683982E-05 0.4434E-13 0.5479    
  11      0.4683982E-05 0.1402E-12  0.4683982E-05 0.4228E-13  0.000    
  12      0.4683982E-05 0.1402E-12  0.4683982E-05 0.4048E-13 0.1793    
  13      0.4683981E-05 0.1402E-12  0.4683982E-05 0.3889E-13 0.8903    
  14      0.4683982E-05 0.1402E-12  0.4683982E-05 0.3747E-13  1.062    
  15      0.4683982E-05 0.1402E-12  0.4683982E-05 0.3620E-13  1.409    
  16      0.4683982E-05 0.1402E-12  0.4683982E-05 0.3505E-13  1.052    
  17      0.4683982E-05 0.1402E-12  0.4683982E-05 0.3401E-13  1.048    
  18      0.4683982E-05 0.1402E-12  0.4683982E-05 0.3305E-13  1.218    
  19      0.4683981E-05 0.1402E-12  0.4683982E-05 0.3217E-13  1.388    
  20      0.4683982E-05 0.1402E-12  0.4683982E-05 0.3135E-13  1.557    
   
   
 Integral Delta:   4.6839817268118738E-006 +-   3.1352341199170606E-014
 with chisq    =   1.5570742994526356     
  
  
  
    xq         Integral Delta                 error
    700      0.468398172681187E-05      0.313523411991706E-13
   
    xq              Plus                      regular                        delta                    combined PK                      error
    700      0.439764082970653E-05      0.771630220209041E-05      0.468398172681187E-05      0.167979247586088E-04      0.408370465118495E-06
Thanks for using LHAPDF 6.5.4. Please make sure to cite the paper:
  Eur.Phys.J. C75 (2015) 3, 132  (http://arxiv.org/abs/1412.7420)
