   1300.0000000000000        7.8354673693545209E-007   2.0701497888501795E-008
  
 Writing data in the file  ../summary/run_01/PK4.dat                                                                           
  
LHAPDF 6.5.4 loading /home/niraj/1TB-Disc/Workspace-IITG/Packages/Install/LHAPDF-6.5.4/install/share/LHAPDF/MMHT2014nlo68cl/MMHT2014nlo68cl_0000.dat
MMHT2014nlo68cl PDF set, member #0, version 3; LHAPDF ID = 25100
   
   
 ~~~~~~~~~~~~~~~~~~~~~~~~~~~~~~~~~~~~~~~~~~~~
     Calculating P and K terms
 ~~~~~~~~~~~~~~~~~~~~~~~~~~~~~~~~~~~~~~~~~~~~
   
   
   
 ~~~~~~~~~~~~~~~~~~~~~~~~~~~~~~~~~~~~~~~~~~~~
     Calculating [+] distribution
 ~~~~~~~~~~~~~~~~~~~~~~~~~~~~~~~~~~~~~~~~~~~~
   
 ~~~~~~~~~~~~~~~~~~~~~~~~~~~~~~~~~~~~~~~~
Using Vegas points:                   1.E+09
         Iteration:                   10
 ~~~~~~~~~~~~~~~~~~~~~~~~~~~~~~~~~~~~~~~~
  
 For xq =         1300 
  
   
   
 ~~~~~~~~~~~~~~~~~~~~~~~~~~~~~~~~~~~~~~~~~~~~
     Calculating PlusA distribution
 ~~~~~~~~~~~~~~~~~~~~~~~~~~~~~~~~~~~~~~~~~~~~
   
 RM48 INITIALIZED:        40           0         0



 INPUT PARAMETERS FOR VEGAS:  NDIM=  4  NCALL=  933897762.
                              IT=    0  ITMX=   10
                              MDS= -1   ND=  49
   1     -0.3259891E-04 0.1805E-06 -0.3259891E-04 0.1805E-06  0.000    
   2     -0.3267757E-04 0.6894E-07 -0.3266760E-04 0.6434E-07 0.1654    
   3     -0.3277900E-04 0.5714E-07 -0.3273012E-04 0.4268E-07 0.9211    
   4     -0.3286541E-04 0.5471E-07 -0.3278167E-04 0.3363E-07  1.885    
   5     -0.3284766E-04 0.5383E-07 -0.3280029E-04 0.2851E-07  1.683    
   6     -0.3280389E-04 0.5342E-07 -0.3280109E-04 0.2515E-07  1.346    
   7     -0.3284858E-04 0.5335E-07 -0.3280976E-04 0.2275E-07  1.230    
   8     -0.3285883E-04 0.5343E-07 -0.3281733E-04 0.2093E-07  1.156    
   9     -0.3278202E-04 0.5323E-07 -0.3281260E-04 0.1948E-07  1.059    
  10     -0.3276188E-04 0.5340E-07 -0.3280665E-04 0.1830E-07  1.030    



 INPUT PARAMETERS FOR VEGAS:  NDIM=  4  NCALL= 1310720000.
                              IT=    0  ITMX=   20
                              MDS= -1   ND=  40
   1     -0.3282763E-04 0.4527E-07 -0.3282763E-04 0.4527E-07  0.000    
   2     -0.3276474E-04 0.4521E-07 -0.3279621E-04 0.3199E-07 0.9660    
   3     -0.3280323E-04 0.4525E-07 -0.3279855E-04 0.2612E-07 0.4910    
   4     -0.3275135E-04 0.4520E-07 -0.3278676E-04 0.2262E-07 0.5996    
   5     -0.3270422E-04 0.4515E-07 -0.3277027E-04 0.2022E-07  1.116    
   6     -0.3279217E-04 0.4522E-07 -0.3277392E-04 0.1846E-07 0.9316    
   7     -0.3274997E-04 0.4522E-07 -0.3277051E-04 0.1709E-07 0.8165    
   8     -0.3277272E-04 0.4521E-07 -0.3277078E-04 0.1599E-07 0.7002    
   9     -0.3279927E-04 0.4525E-07 -0.3277395E-04 0.1507E-07 0.6566    
  10     -0.3281897E-04 0.4524E-07 -0.3277846E-04 0.1430E-07 0.6828    
  11     -0.3274777E-04 0.4520E-07 -0.3277567E-04 0.1363E-07 0.6564    
  12     -0.3276380E-04 0.4519E-07 -0.3277468E-04 0.1305E-07 0.6025    
  13     -0.3281426E-04 0.4522E-07 -0.3277773E-04 0.1254E-07 0.6113    
  14     -0.3276752E-04 0.4517E-07 -0.3277700E-04 0.1208E-07 0.5679    
  15     -0.3283426E-04 0.4524E-07 -0.3278083E-04 0.1167E-07 0.6344    
  16     -0.3281139E-04 0.4523E-07 -0.3278274E-04 0.1130E-07 0.6206    
  17     -0.3271365E-04 0.4518E-07 -0.3277869E-04 0.1097E-07 0.7190    
  18     -0.3281572E-04 0.4522E-07 -0.3278075E-04 0.1066E-07 0.7139    
  19     -0.3269379E-04 0.4518E-07 -0.3277618E-04 0.1037E-07 0.8685    
  20     -0.3271864E-04 0.4517E-07 -0.3277331E-04 0.1011E-07 0.9038    
   
   
 ~~~~~~~~~~~~~~~~~~~~~~~~~~~~~~~~~~~~~~~~~~~~
     Calculating PlusB distribution
 ~~~~~~~~~~~~~~~~~~~~~~~~~~~~~~~~~~~~~~~~~~~~
   
 RM48 INITIALIZED:        40           0         0



 INPUT PARAMETERS FOR VEGAS:  NDIM=  4  NCALL=  933897762.
                              IT=    0  ITMX=   10
                              MDS= -1   ND=  49
   1     -0.3292203E-04 0.1813E-06 -0.3292203E-04 0.1813E-06  0.000    
   2     -0.3302699E-04 0.7055E-07 -0.3301327E-04 0.6567E-07 0.2903    
   3     -0.3301996E-04 0.5825E-07 -0.3301702E-04 0.4357E-07 0.1479    
   4     -0.3303456E-04 0.5559E-07 -0.3302371E-04 0.3428E-07 0.1191    
   5     -0.3318966E-04 0.5477E-07 -0.3307081E-04 0.2905E-07  1.748    
   6     -0.3306568E-04 0.5424E-07 -0.3306966E-04 0.2561E-07  1.399    
   7     -0.3312277E-04 0.5414E-07 -0.3307941E-04 0.2315E-07  1.297    
   8     -0.3302355E-04 0.5410E-07 -0.3307078E-04 0.2128E-07  1.240    
   9     -0.3314602E-04 0.5439E-07 -0.3308082E-04 0.1982E-07  1.293    
  10     -0.3307327E-04 0.5466E-07 -0.3307994E-04 0.1863E-07  1.151    



 INPUT PARAMETERS FOR VEGAS:  NDIM=  4  NCALL= 1310720000.
                              IT=    0  ITMX=   20
                              MDS= -1   ND=  40
   1     -0.3299215E-04 0.4576E-07 -0.3299215E-04 0.4576E-07  0.000    
   2     -0.3306555E-04 0.4583E-07 -0.3302888E-04 0.3238E-07  1.284    
   3     -0.3303945E-04 0.4579E-07 -0.3303240E-04 0.2644E-07 0.6597    
   4     -0.3306582E-04 0.4579E-07 -0.3304077E-04 0.2290E-07 0.5729    
   5     -0.3303577E-04 0.4577E-07 -0.3303977E-04 0.2048E-07 0.4321    
   6     -0.3308256E-04 0.4584E-07 -0.3304691E-04 0.1870E-07 0.4910    
   7     -0.3309989E-04 0.4584E-07 -0.3305448E-04 0.1731E-07 0.6004    
   8     -0.3304542E-04 0.4578E-07 -0.3305335E-04 0.1619E-07 0.5195    
   9     -0.3299982E-04 0.4578E-07 -0.3304742E-04 0.1527E-07 0.6063    
  10     -0.3301484E-04 0.4579E-07 -0.3304416E-04 0.1448E-07 0.5896    
  11     -0.3308362E-04 0.4582E-07 -0.3304775E-04 0.1381E-07 0.5980    
  12     -0.3304231E-04 0.4582E-07 -0.3304730E-04 0.1322E-07 0.5449    
  13     -0.3307900E-04 0.4581E-07 -0.3304974E-04 0.1270E-07 0.5363    
  14     -0.3308726E-04 0.4586E-07 -0.3305242E-04 0.1224E-07 0.5428    
  15     -0.3302593E-04 0.4574E-07 -0.3305065E-04 0.1183E-07 0.5265    
  16     -0.3305284E-04 0.4581E-07 -0.3305079E-04 0.1145E-07 0.4915    
  17     -0.3302389E-04 0.4582E-07 -0.3304921E-04 0.1111E-07 0.4811    
  18     -0.3306756E-04 0.4585E-07 -0.3305023E-04 0.1080E-07 0.4617    
  19     -0.3299531E-04 0.4573E-07 -0.3304734E-04 0.1051E-07 0.5117    
  20     -0.3305597E-04 0.4580E-07 -0.3304777E-04 0.1024E-07 0.4866    
   
   
 Integral Plus:   2.7445851979625296E-007 +-   1.6433117446325701E-319
 with chisq    =  0.48656111625409215     
  
  
  
    xq         Integral Plus                 error
   1300      0.274458519796253E-06      0.203512224505706E-07
   
   
 ~~~~~~~~~~~~~~~~~~~~~~~~~~~~~~~~~~~~~~~~~~~~
     Calculating Regular Terms
 ~~~~~~~~~~~~~~~~~~~~~~~~~~~~~~~~~~~~~~~~~~~~
   
 ~~~~~~~~~~~~~~~~~~~~~~~~~~~~~~~~~~~~~~~~
Using Vegas points:                   1.E+07
         Iteration:                   10
 ~~~~~~~~~~~~~~~~~~~~~~~~~~~~~~~~~~~~~~~~
  
 For xq =         1300 
  
 RM48 INITIALIZED:        40           0         0



 INPUT PARAMETERS FOR VEGAS:  NDIM=  4  NCALL=    9759362.
                              IT=    0  ITMX=   10
                              MDS= -1   ND=  47
   1      0.3435482E-06 0.2825E-07  0.3435482E-06 0.2825E-07  0.000    
   2      0.3040339E-06 0.6613E-08  0.3066186E-06 0.6822E-08  2.051    
   3      0.3115409E-06 0.5356E-08  0.3095690E-06 0.4261E-08  1.213    
   4      0.3095096E-06 0.5104E-08  0.3095456E-06 0.3289E-08 0.8222    
   5      0.3130576E-06 0.5067E-08  0.3105659E-06 0.2762E-08 0.7034    
   6      0.3087986E-06 0.5009E-08  0.3101694E-06 0.2423E-08 0.5859    
   7      0.3103479E-06 0.5016E-08  0.3102023E-06 0.2183E-08 0.4906    
   8      0.3124694E-06 0.5070E-08  0.3105529E-06 0.2006E-08 0.4451    
   9      0.3112872E-06 0.5049E-08  0.3106513E-06 0.1864E-08 0.3925    
  10      0.3103867E-06 0.5029E-08  0.3106200E-06 0.1749E-08 0.3500    



 INPUT PARAMETERS FOR VEGAS:  NDIM=  4  NCALL=   99574272.
                              IT=    0  ITMX=   20
                              MDS= -1   ND=  42
   1      0.3079618E-06 0.1563E-08  0.3079618E-06 0.1563E-08  0.000    
   2      0.3092537E-06 0.1567E-08  0.3086088E-06 0.1106E-08 0.3409    
   3      0.3078918E-06 0.1563E-08  0.3083702E-06 0.9030E-09 0.2407    
   4      0.3078716E-06 0.1565E-08  0.3082459E-06 0.7821E-09 0.1860    
   5      0.3138027E-06 0.1577E-08  0.3093744E-06 0.7007E-09  2.683    
   6      0.3097490E-06 0.1566E-08  0.3094370E-06 0.6396E-09  2.155    
   7      0.3096109E-06 0.1570E-08  0.3094618E-06 0.5923E-09  1.797    
   8      0.3064477E-06 0.1553E-08  0.3090854E-06 0.5534E-09  2.007    
   9      0.3100438E-06 0.1568E-08  0.3091922E-06 0.5219E-09  1.797    
  10      0.3087469E-06 0.1560E-08  0.3091475E-06 0.4949E-09  1.606    
  11      0.3092571E-06 0.1566E-08  0.3091574E-06 0.4719E-09  1.446    
  12      0.3089168E-06 0.1564E-08  0.3091374E-06 0.4518E-09  1.316    
  13      0.3118424E-06 0.1575E-08  0.3093465E-06 0.4343E-09  1.436    
  14      0.3125258E-06 0.1581E-08  0.3095739E-06 0.4188E-09  1.618    
  15      0.3102120E-06 0.1570E-08  0.3096165E-06 0.4046E-09  1.513    
  16      0.3096117E-06 0.1569E-08  0.3096162E-06 0.3918E-09  1.412    
  17      0.3084748E-06 0.1559E-08  0.3095488E-06 0.3800E-09  1.356    
  18      0.3105407E-06 0.1569E-08  0.3096041E-06 0.3693E-09  1.298    
  19      0.3090092E-06 0.1561E-08  0.3095727E-06 0.3594E-09  1.234    
  20      0.3091510E-06 0.1566E-08  0.3095517E-06 0.3503E-09  1.172    
   
   
 Integral Regular:   3.0955168810567466E-007 +-   3.5027431990515385E-010
 with chisq    =   1.1723927291164542     
  
  
  
    xq         Integral Regular                 error
   1300      0.309551688105675E-06      0.350274319905154E-09
   
   
 ~~~~~~~~~~~~~~~~~~~~~~~~~~~~~~~~~~~~~~~~~~~~
     Calculating Delta Functions
 ~~~~~~~~~~~~~~~~~~~~~~~~~~~~~~~~~~~~~~~~~~~~
   
 ~~~~~~~~~~~~~~~~~~~~~~~~~~~~~~~~~~~~~~~~
Using Vegas points:                   1.E+07
         Iteration:                   10
 ~~~~~~~~~~~~~~~~~~~~~~~~~~~~~~~~~~~~~~~~
  
 For xq =         1300 
  
 RM48 INITIALIZED:        40           0         0



 INPUT PARAMETERS FOR VEGAS:  NDIM=  2  NCALL=    9724050.
                              IT=    0  ITMX=   10
                              MDS= -1   ND=  49
   1      0.1995368E-06 0.6265E-12  0.1995368E-06 0.6265E-12  0.000    
   2      0.1995366E-06 0.7237E-13  0.1995366E-06 0.7190E-13 0.1795    
   3      0.1995366E-06 0.5021E-13  0.1995366E-06 0.4116E-13 0.1099    
   4      0.1995366E-06 0.4854E-13  0.1995366E-06 0.3139E-13 0.7897E-01
   5      0.1995365E-06 0.4842E-13  0.1995366E-06 0.2634E-13 0.8867E-01
   6      0.1995366E-06 0.4838E-13  0.1995366E-06 0.2314E-13 0.7310E-01
   7      0.1995365E-06 0.4842E-13  0.1995366E-06 0.2087E-13 0.1014    
   8      0.1995365E-06 0.4859E-13  0.1995366E-06 0.1918E-13 0.1201    
   9      0.1995365E-06 0.4884E-13  0.1995365E-06 0.1785E-13 0.1238    
  10      0.1995365E-06 0.4927E-13  0.1995365E-06 0.1678E-13 0.1742    



 INPUT PARAMETERS FOR VEGAS:  NDIM=  2  NCALL=   96827528.
                              IT=    0  ITMX=   20
                              MDS= -1   ND=  49
   1      0.1995365E-06 0.5000E-14  0.1995365E-06 0.5000E-14  0.000    
   2      0.1995365E-06 0.5000E-14  0.1995365E-06 0.3536E-14  0.000    
   3      0.1995365E-06 0.5000E-14  0.1995365E-06 0.2887E-14 0.7573    
   4      0.1995365E-06 0.5000E-14  0.1995365E-06 0.2500E-14  1.346    
   5      0.1995365E-06 0.5000E-14  0.1995365E-06 0.2236E-14 0.9466    
   6      0.1995365E-06 0.5001E-14  0.1995365E-06 0.2041E-14 0.9087    
   7      0.1995365E-06 0.4999E-14  0.1995365E-06 0.1890E-14  1.178    
   8      0.1995365E-06 0.5000E-14  0.1995365E-06 0.1768E-14 0.8655    
   9      0.1995365E-06 0.4999E-14  0.1995365E-06 0.1667E-14 0.8520    
  10      0.1995365E-06 0.5000E-14  0.1995365E-06 0.1581E-14 0.8414    
  11      0.1995365E-06 0.5000E-14  0.1995365E-06 0.1508E-14 0.5554    
  12      0.1995365E-06 0.4999E-14  0.1995365E-06 0.1443E-14 0.5508    
  13      0.1995365E-06 0.5001E-14  0.1995365E-06 0.1387E-14  1.094    
  14      0.1995365E-06 0.5000E-14  0.1995365E-06 0.1336E-14  1.087    
  15      0.1995365E-06 0.5001E-14  0.1995365E-06 0.1291E-14 0.8114    
  16      0.1995365E-06 0.5000E-14  0.1995365E-06 0.1250E-14  1.346    
  17      0.1995365E-06 0.5000E-14  0.1995365E-06 0.1213E-14  1.341    
  18      0.1995365E-06 0.5001E-14  0.1995365E-06 0.1179E-14  1.871    
  19      0.1995365E-06 0.4999E-14  0.1995365E-06 0.1147E-14  1.865    
  20      0.1995365E-06 0.4999E-14  0.1995365E-06 0.1118E-14  1.329    
   
   
 Integral Delta:   1.9953652903352451E-007 +-   1.1180260809085850E-015
 with chisq    =   1.3286266350270246     
  
  
  
    xq         Integral Delta                 error
   1300      0.199536529033525E-06      0.111802608090859E-14
   
    xq              Plus                      regular                        delta                    combined PK                      error
   1300      0.274458519796253E-06      0.309551688105675E-06      0.199536529033525E-06      0.783546736935452E-06      0.207014978885018E-07
Thanks for using LHAPDF 6.5.4. Please make sure to cite the paper:
  Eur.Phys.J. C75 (2015) 3, 132  (http://arxiv.org/abs/1412.7420)
