   1900.0000000000000        1.0111058026452473E-007   2.4558893620987921E-009
  
 Writing data in the file  ../summary/run_01/PK6.dat                                                                           
  
LHAPDF 6.5.4 loading /home/niraj/1TB-Disc/Workspace-IITG/Packages/Install/LHAPDF-6.5.4/install/share/LHAPDF/MMHT2014nlo68cl/MMHT2014nlo68cl_0000.dat
MMHT2014nlo68cl PDF set, member #0, version 3; LHAPDF ID = 25100
   
   
 ~~~~~~~~~~~~~~~~~~~~~~~~~~~~~~~~~~~~~~~~~~~~
     Calculating P and K terms
 ~~~~~~~~~~~~~~~~~~~~~~~~~~~~~~~~~~~~~~~~~~~~
   
   
   
 ~~~~~~~~~~~~~~~~~~~~~~~~~~~~~~~~~~~~~~~~~~~~
     Calculating [+] distribution
 ~~~~~~~~~~~~~~~~~~~~~~~~~~~~~~~~~~~~~~~~~~~~
   
 ~~~~~~~~~~~~~~~~~~~~~~~~~~~~~~~~~~~~~~~~
Using Vegas points:                   1.E+09
         Iteration:                   10
 ~~~~~~~~~~~~~~~~~~~~~~~~~~~~~~~~~~~~~~~~
  
 For xq =         1900 
  
   
   
 ~~~~~~~~~~~~~~~~~~~~~~~~~~~~~~~~~~~~~~~~~~~~
     Calculating PlusA distribution
 ~~~~~~~~~~~~~~~~~~~~~~~~~~~~~~~~~~~~~~~~~~~~
   
 RM48 INITIALIZED:        40           0         0



 INPUT PARAMETERS FOR VEGAS:  NDIM=  4  NCALL=  933897762.
                              IT=    0  ITMX=   10
                              MDS= -1   ND=  49
   1     -0.3551244E-05 0.1818E-07 -0.3551244E-05 0.1818E-07  0.000    
   2     -0.3540457E-05 0.7519E-08 -0.3542041E-05 0.6956E-08 0.3012    
   3     -0.3534843E-05 0.6551E-08 -0.3538237E-05 0.4772E-08 0.4344    
   4     -0.3544545E-05 0.6370E-08 -0.3540506E-05 0.3819E-08 0.4990    
   5     -0.3532662E-05 0.6297E-08 -0.3538406E-05 0.3266E-08 0.6574    
   6     -0.3533899E-05 0.6290E-08 -0.3537452E-05 0.2899E-08 0.6070    
   7     -0.3515961E-05 0.6253E-08 -0.3533692E-05 0.2631E-08  2.113    
   8     -0.3534135E-05 0.6281E-08 -0.3533758E-05 0.2426E-08  1.812    
   9     -0.3543704E-05 0.6312E-08 -0.3535043E-05 0.2265E-08  1.856    
  10     -0.3542962E-05 0.6339E-08 -0.3535942E-05 0.2133E-08  1.803    



 INPUT PARAMETERS FOR VEGAS:  NDIM=  4  NCALL= 1310720000.
                              IT=    0  ITMX=   20
                              MDS= -1   ND=  40
   1     -0.3534329E-05 0.5345E-08 -0.3534329E-05 0.5345E-08  0.000    
   2     -0.3538836E-05 0.5344E-08 -0.3536586E-05 0.3779E-08 0.3556    
   3     -0.3530333E-05 0.5340E-08 -0.3534504E-05 0.3085E-08 0.6344    
   4     -0.3532603E-05 0.5342E-08 -0.3534029E-05 0.2671E-08 0.4547    
   5     -0.3537312E-05 0.5348E-08 -0.3534686E-05 0.2390E-08 0.4164    
   6     -0.3540052E-05 0.5351E-08 -0.3535580E-05 0.2182E-08 0.5010    
   7     -0.3529779E-05 0.5343E-08 -0.3534753E-05 0.2020E-08 0.5856    
   8     -0.3534800E-05 0.5341E-08 -0.3534759E-05 0.1889E-08 0.5020    
   9     -0.3535933E-05 0.5343E-08 -0.3534890E-05 0.1781E-08 0.4446    
  10     -0.3537297E-05 0.5343E-08 -0.3535131E-05 0.1690E-08 0.4154    
  11     -0.3541991E-05 0.5350E-08 -0.3535755E-05 0.1611E-08 0.5238    
  12     -0.3546446E-05 0.5353E-08 -0.3536649E-05 0.1543E-08 0.8101    
  13     -0.3531073E-05 0.5336E-08 -0.3536220E-05 0.1482E-08 0.8265    
  14     -0.3539911E-05 0.5346E-08 -0.3536484E-05 0.1428E-08 0.7969    
  15     -0.3539307E-05 0.5348E-08 -0.3536672E-05 0.1380E-08 0.7585    
  16     -0.3549523E-05 0.5360E-08 -0.3537477E-05 0.1336E-08  1.069    
  17     -0.3534369E-05 0.5343E-08 -0.3537294E-05 0.1296E-08  1.022    
  18     -0.3536933E-05 0.5347E-08 -0.3537274E-05 0.1260E-08 0.9626    
  19     -0.3532417E-05 0.5340E-08 -0.3537018E-05 0.1226E-08 0.9527    
  20     -0.3542886E-05 0.5355E-08 -0.3537312E-05 0.1195E-08 0.9626    
   
   
 ~~~~~~~~~~~~~~~~~~~~~~~~~~~~~~~~~~~~~~~~~~~~
     Calculating PlusB distribution
 ~~~~~~~~~~~~~~~~~~~~~~~~~~~~~~~~~~~~~~~~~~~~
   
 RM48 INITIALIZED:        40           0         0



 INPUT PARAMETERS FOR VEGAS:  NDIM=  4  NCALL=  933897762.
                              IT=    0  ITMX=   10
                              MDS= -1   ND=  49
   1     -0.3593650E-05 0.1829E-07 -0.3593650E-05 0.1829E-07  0.000    
   2     -0.3597318E-05 0.7717E-08 -0.3596764E-05 0.7107E-08 0.3413E-01
   3     -0.3598356E-05 0.6727E-08 -0.3597604E-05 0.4885E-08 0.3028E-01
   4     -0.3594785E-05 0.6514E-08 -0.3596590E-05 0.3908E-08 0.6015E-01
   5     -0.3586304E-05 0.6432E-08 -0.3593827E-05 0.3341E-08 0.5108    
   6     -0.3594726E-05 0.6428E-08 -0.3594019E-05 0.2964E-08 0.4117    
   7     -0.3582643E-05 0.6421E-08 -0.3592031E-05 0.2692E-08 0.7727    
   8     -0.3591075E-05 0.6424E-08 -0.3591888E-05 0.2483E-08 0.6650    
   9     -0.3592494E-05 0.6436E-08 -0.3591967E-05 0.2316E-08 0.5829    
  10     -0.3578440E-05 0.6448E-08 -0.3590431E-05 0.2180E-08 0.9490    



 INPUT PARAMETERS FOR VEGAS:  NDIM=  4  NCALL= 1310720000.
                              IT=    0  ITMX=   20
                              MDS= -1   ND=  40
   1     -0.3579062E-05 0.5456E-08 -0.3579062E-05 0.5456E-08  0.000    
   2     -0.3585291E-05 0.5464E-08 -0.3582177E-05 0.3861E-08 0.6508    
   3     -0.3586732E-05 0.5461E-08 -0.3583698E-05 0.3152E-08 0.5572    
   4     -0.3585574E-05 0.5462E-08 -0.3584167E-05 0.2730E-08 0.4009    
   5     -0.3582230E-05 0.5465E-08 -0.3583780E-05 0.2442E-08 0.3258    
   6     -0.3589512E-05 0.5466E-08 -0.3584737E-05 0.2230E-08 0.4442    
   7     -0.3583098E-05 0.5460E-08 -0.3584503E-05 0.2064E-08 0.3831    
   8     -0.3581850E-05 0.5464E-08 -0.3584172E-05 0.1931E-08 0.3579    
   9     -0.3587617E-05 0.5463E-08 -0.3584555E-05 0.1821E-08 0.3573    
  10     -0.3586744E-05 0.5468E-08 -0.3584774E-05 0.1727E-08 0.3336    
  11     -0.3591691E-05 0.5466E-08 -0.3585404E-05 0.1647E-08 0.4462    
  12     -0.3586174E-05 0.5467E-08 -0.3585468E-05 0.1577E-08 0.4073    
  13     -0.3579619E-05 0.5457E-08 -0.3585019E-05 0.1515E-08 0.4616    
  14     -0.3582672E-05 0.5460E-08 -0.3584851E-05 0.1460E-08 0.4393    
  15     -0.3584977E-05 0.5467E-08 -0.3584859E-05 0.1411E-08 0.4079    
  16     -0.3585200E-05 0.5465E-08 -0.3584881E-05 0.1366E-08 0.3810    
  17     -0.3587391E-05 0.5469E-08 -0.3585028E-05 0.1325E-08 0.3695    
  18     -0.3592989E-05 0.5473E-08 -0.3585471E-05 0.1288E-08 0.4657    
  19     -0.3590131E-05 0.5468E-08 -0.3585716E-05 0.1254E-08 0.4781    
  20     -0.3579575E-05 0.5456E-08 -0.3585410E-05 0.1222E-08 0.5162    
   
   
 Integral Plus:   4.8097859205438077E-008 +-   1.6433117446325701E-319
 with chisq    =  0.51621200043684523     
  
  
  
    xq         Integral Plus                 error
   1900      0.480978592054381E-07      0.241709910695194E-08
   
   
 ~~~~~~~~~~~~~~~~~~~~~~~~~~~~~~~~~~~~~~~~~~~~
     Calculating Regular Terms
 ~~~~~~~~~~~~~~~~~~~~~~~~~~~~~~~~~~~~~~~~~~~~
   
 ~~~~~~~~~~~~~~~~~~~~~~~~~~~~~~~~~~~~~~~~
Using Vegas points:                   1.E+07
         Iteration:                   10
 ~~~~~~~~~~~~~~~~~~~~~~~~~~~~~~~~~~~~~~~~
  
 For xq =         1900 
  
 RM48 INITIALIZED:        40           0         0



 INPUT PARAMETERS FOR VEGAS:  NDIM=  4  NCALL=    9759362.
                              IT=    0  ITMX=   10
                              MDS= -1   ND=  47
   1      0.3181976E-07 0.2649E-08  0.3181976E-07 0.2649E-08  0.000    
   2      0.3154432E-07 0.7332E-09  0.3156424E-07 0.7093E-09 0.1012E-01
   3      0.3160653E-07 0.5773E-09  0.3158963E-07 0.4480E-09 0.6136E-02
   4      0.3368834E-07 0.5786E-09  0.3243839E-07 0.3514E-09  2.867    
   5      0.3051108E-07 0.5455E-09  0.3191465E-07 0.2969E-09  4.280    
   6      0.3134934E-07 0.5544E-09  0.3179176E-07 0.2619E-09  3.601    
   7      0.3182327E-07 0.5554E-09  0.3179751E-07 0.2369E-09  2.999    
   8      0.3053326E-07 0.5465E-09  0.3161062E-07 0.2176E-09  3.203    
   9      0.3118250E-07 0.5534E-09  0.3155466E-07 0.2026E-09  2.875    
  10      0.3169051E-07 0.5525E-09  0.3157087E-07 0.1902E-09  2.559    



 INPUT PARAMETERS FOR VEGAS:  NDIM=  4  NCALL=   99574272.
                              IT=    0  ITMX=   20
                              MDS= -1   ND=  42
   1      0.3108907E-07 0.1725E-09  0.3108907E-07 0.1725E-09  0.000    
   2      0.3161941E-07 0.1741E-09  0.3135623E-07 0.1225E-09  4.682    
   3      0.3141484E-07 0.1735E-09  0.3137579E-07 0.1001E-09  2.376    
   4      0.3126495E-07 0.1731E-09  0.3134817E-07 0.8666E-10  1.689    
   5      0.3154715E-07 0.1737E-09  0.3138821E-07 0.7755E-10  1.528    
   6      0.3154177E-07 0.1737E-09  0.3141394E-07 0.7081E-10  1.352    
   7      0.3149933E-07 0.1738E-09  0.3142615E-07 0.6558E-10  1.160    
   8      0.3145059E-07 0.1737E-09  0.3142921E-07 0.6135E-10 0.9966    
   9      0.3150621E-07 0.1747E-09  0.3143770E-07 0.5788E-10 0.8933    
  10      0.3153559E-07 0.1751E-09  0.3144740E-07 0.5496E-10 0.8250    
  11      0.3141065E-07 0.1737E-09  0.3144406E-07 0.5240E-10 0.7467    
  12      0.3131429E-07 0.1728E-09  0.3143322E-07 0.5014E-10 0.7259    
  13      0.3130984E-07 0.1728E-09  0.3142370E-07 0.4816E-10 0.7048    
  14      0.3124640E-07 0.1729E-09  0.3141107E-07 0.4639E-10 0.7254    
  15      0.3132191E-07 0.1734E-09  0.3140515E-07 0.4481E-10 0.6914    
  16      0.3138882E-07 0.1733E-09  0.3140413E-07 0.4339E-10 0.6459    
  17      0.3091453E-07 0.1728E-09  0.3137595E-07 0.4208E-10  1.066    
  18      0.3145216E-07 0.1738E-09  0.3138019E-07 0.4090E-10  1.013    
  19      0.3136627E-07 0.1729E-09  0.3137945E-07 0.3980E-10 0.9574    
  20      0.3129280E-07 0.1731E-09  0.3137512E-07 0.3879E-10 0.9197    
   
   
 Integral Regular:   3.1375120613216834E-008 +-   3.8790146331108266E-011
 with chisq    =  0.91973882098924498     
  
  
  
    xq         Integral Regular                 error
   1900      0.313751206132168E-07      0.387901463311083E-10
   
   
 ~~~~~~~~~~~~~~~~~~~~~~~~~~~~~~~~~~~~~~~~~~~~
     Calculating Delta Functions
 ~~~~~~~~~~~~~~~~~~~~~~~~~~~~~~~~~~~~~~~~~~~~
   
 ~~~~~~~~~~~~~~~~~~~~~~~~~~~~~~~~~~~~~~~~
Using Vegas points:                   1.E+07
         Iteration:                   10
 ~~~~~~~~~~~~~~~~~~~~~~~~~~~~~~~~~~~~~~~~
  
 For xq =         1900 
  
 RM48 INITIALIZED:        40           0         0



 INPUT PARAMETERS FOR VEGAS:  NDIM=  2  NCALL=    9724050.
                              IT=    0  ITMX=   10
                              MDS= -1   ND=  49
   1      0.2163764E-07 0.3111E-13  0.2163764E-07 0.3111E-13  0.000    
   2      0.2163761E-07 0.6375E-14  0.2163761E-07 0.6245E-14  1.029    
   3      0.2163760E-07 0.4860E-14  0.2163761E-07 0.3835E-14 0.7943    
   4      0.2163760E-07 0.4740E-14  0.2163760E-07 0.2982E-14 0.6248    
   5      0.2163760E-07 0.4738E-14  0.2163760E-07 0.2524E-14 0.4722    
   6      0.2163760E-07 0.4734E-14  0.2163760E-07 0.2227E-14 0.4016    
   7      0.2163760E-07 0.4737E-14  0.2163760E-07 0.2015E-14 0.4087    
   8      0.2163760E-07 0.4751E-14  0.2163760E-07 0.1855E-14 0.3642    
   9      0.2163760E-07 0.4768E-14  0.2163760E-07 0.1729E-14 0.3834    
  10      0.2163760E-07 0.4802E-14  0.2163760E-07 0.1627E-14 0.3809    



 INPUT PARAMETERS FOR VEGAS:  NDIM=  2  NCALL=   96827528.
                              IT=    0  ITMX=   20
                              MDS= -1   ND=  49
   1      0.2163760E-07 0.4866E-15  0.2163760E-07 0.4866E-15  0.000    
   2      0.2163760E-07 0.4867E-15  0.2163760E-07 0.3441E-15  0.000    
   3      0.2163760E-07 0.4866E-15  0.2163760E-07 0.2810E-15  1.249    
   4      0.2163760E-07 0.4866E-15  0.2163760E-07 0.2433E-15  0.000    
   5      0.2163760E-07 0.4867E-15  0.2163760E-07 0.2176E-15 0.5205    
   6      0.2163760E-07 0.4867E-15  0.2163760E-07 0.1987E-15 0.9993    
   7      0.2163760E-07 0.4866E-15  0.2163760E-07 0.1839E-15 0.4858    
   8      0.2163760E-07 0.4867E-15  0.2163760E-07 0.1721E-15  0.000    
   9      0.2163760E-07 0.4866E-15  0.2163760E-07 0.1622E-15 0.9369    
  10      0.2163760E-07 0.4866E-15  0.2163760E-07 0.1539E-15 0.4626    
  11      0.2163760E-07 0.4866E-15  0.2163760E-07 0.1467E-15 0.9161    
  12      0.2163760E-07 0.4866E-15  0.2163760E-07 0.1405E-15 0.4543    
  13      0.2163760E-07 0.4867E-15  0.2163760E-07 0.1350E-15 0.4511    
  14      0.2163760E-07 0.4867E-15  0.2163760E-07 0.1301E-15 0.8968    
  15      0.2163760E-07 0.4867E-15  0.2163760E-07 0.1257E-15 0.4461    
  16      0.2163760E-07 0.4866E-15  0.2163760E-07 0.1217E-15  0.000    
  17      0.2163760E-07 0.4866E-15  0.2163760E-07 0.1180E-15  0.000    
  18      0.2163760E-07 0.4867E-15  0.2163760E-07 0.1147E-15  0.000    
  19      0.2163760E-07 0.4866E-15  0.2163760E-07 0.1116E-15 0.8790    
  20      0.2163760E-07 0.4866E-15  0.2163760E-07 0.1088E-15 0.4383    
   
   
 Integral Delta:   2.1637600445869822E-008 +-   1.0881574547320305E-016
 with chisq    =  0.43830190913138728     
  
  
  
    xq         Integral Delta                 error
   1900      0.216376004458698E-07      0.108815745473203E-15
   
    xq              Plus                      regular                        delta                    combined PK                      error
   1900      0.480978592054381E-07      0.313751206132168E-07      0.216376004458698E-07      0.101110580264525E-06      0.245588936209879E-08
Thanks for using LHAPDF 6.5.4. Please make sure to cite the paper:
  Eur.Phys.J. C75 (2015) 3, 132  (http://arxiv.org/abs/1412.7420)
