   100.00000000000000        6.0713576574001268E-007   2.4423165723414176E-009
   400.00000000000000        7.4283052211736813E-005   5.5106710595182194E-007
   700.00000000000000        2.3938897140535580E-004   2.0427028964675616E-006
   1000.0000000000000        4.2740728262054463E-004   3.7844009988314274E-006
   1300.0000000000000        5.7622116881216468E-004   5.3026629886601123E-006
   1600.0000000000000        7.0107428353060133E-004   6.4588053150561623E-006
   1900.0000000000000        8.1219524401796440E-004   7.4505106063213412E-006
   2200.0000000000000        1.0033061289826644E-003   8.9911466054671689E-006
   2500.0000000000000        3.4965139266215322E-003   5.3364576523786447E-005
  
 Writing data in the file  ../summary/run2_01/PK_actual1.dat                                                                   
  
LHAPDF 6.5.4 loading /home/niraj/1TB-Disc/Workspace-IITG/Packages/Install/LHAPDF-6.5.4/install/share/LHAPDF/MMHT2014nlo68cl/MMHT2014nlo68cl_0000.dat
MMHT2014nlo68cl PDF set, member #0, version 3; LHAPDF ID = 25100
   
   
 ~~~~~~~~~~~~~~~~~~~~~~~~~~~~~~~~~~~~~~~~~~~~
     Calculating P and K terms
 ~~~~~~~~~~~~~~~~~~~~~~~~~~~~~~~~~~~~~~~~~~~~
   
   
   
 ~~~~~~~~~~~~~~~~~~~~~~~~~~~~~~~~~~~~~~~~~~~~
     Calculating [+] distribution with delta 1d-5
 ~~~~~~~~~~~~~~~~~~~~~~~~~~~~~~~~~~~~~~~~~~~~
   
 ~~~~~~~~~~~~~~~~~~~~~~~~~~~~~~~~~~~~~~~~
using vegas points:                   5.E+07
         iteration:                   10
 ~~~~~~~~~~~~~~~~~~~~~~~~~~~~~~~~~~~~~~~~
  
 For xq =          100 
  
 RM48 INITIALIZED:        40           0         0



 INPUT PARAMETERS FOR VEGAS:  NDIM=  4  NCALL=   48020000.
                              IT=    0  ITMX=   10
                              MDS= -1   ND=  35
   1      0.8723528E-06 0.1458E-05  0.8723528E-06 0.1458E-05  0.000    
   2      0.5654581E-06 0.7314E-07  0.5672846E-06 0.9480E-07 0.6201E-01
   3      0.5830836E-06 0.4461E-07  0.5789711E-06 0.4528E-07 0.4710E-01
   4      0.5933999E-06 0.3786E-07  0.5864065E-06 0.3049E-07 0.5219E-01
   5      0.5806956E-06 0.3552E-07  0.5843545E-06 0.2382E-07 0.4442E-01
   6      0.5791285E-06 0.3879E-07  0.5831495E-06 0.2053E-07 0.3909E-01
   7      0.5598778E-06 0.3859E-07  0.5789894E-06 0.1830E-07 0.7327E-01
   8      0.5766388E-06 0.3672E-07  0.5785823E-06 0.1647E-07 0.6447E-01
   9      0.5921900E-06 0.3698E-07  0.5806593E-06 0.1509E-07 0.7015E-01
  10      0.6283888E-06 0.3658E-07  0.5877890E-06 0.1394E-07 0.2278    



 INPUT PARAMETERS FOR VEGAS:  NDIM=  4  NCALL=  457773282.
                              IT=    0  ITMX=   20
                              MDS= -1   ND=  41
   1      0.6132591E-06 0.1090E-07  0.6132591E-06 0.1090E-07  0.000    
   2      0.6078338E-06 0.1094E-07  0.6105805E-06 0.7723E-08 0.1234    
   3      0.6221380E-06 0.1085E-07  0.6145631E-06 0.6292E-08 0.4419    
   4      0.5999308E-06 0.1095E-07  0.6110600E-06 0.5455E-08 0.7347    
   5      0.6106335E-06 0.1095E-07  0.6109752E-06 0.4883E-08 0.5514    
   6      0.6099615E-06 0.1089E-07  0.6108059E-06 0.4455E-08 0.4428    
   7      0.6103255E-06 0.1090E-07  0.6107373E-06 0.4124E-08 0.3693    
   8      0.6025811E-06 0.1084E-07  0.6097298E-06 0.3855E-08 0.3868    
   9      0.5965144E-06 0.1103E-07  0.6083462E-06 0.3639E-08 0.4946    
  10      0.5989238E-06 0.1088E-07  0.6074236E-06 0.3451E-08 0.5142    
  11      0.6106792E-06 0.1097E-07  0.6077195E-06 0.3292E-08 0.4704    
  12      0.6109529E-06 0.1094E-07  0.6079907E-06 0.3152E-08 0.4345    
  13      0.6137221E-06 0.1091E-07  0.6084399E-06 0.3029E-08 0.4193    
  14      0.6219506E-06 0.1104E-07  0.6094253E-06 0.2921E-08 0.4971    
  15      0.5838009E-06 0.1104E-07  0.6078775E-06 0.2823E-08 0.7980    
  16      0.6026478E-06 0.1093E-07  0.6075556E-06 0.2734E-08 0.7596    
  17      0.5897488E-06 0.1091E-07  0.6065610E-06 0.2652E-08 0.8632    
  18      0.5963690E-06 0.1083E-07  0.6060022E-06 0.2576E-08 0.8616    
  19      0.6200358E-06 0.1084E-07  0.6067858E-06 0.2506E-08 0.9035    
  20      0.6136031E-06 0.1090E-07  0.6071358E-06 0.2442E-08 0.8749    
   
   
 Integral Plus:   6.0713576574001268E-007 +-   2.4423165723414176E-009
 with chisq    =  0.87493220039444164     
  
  
  
 For xq =          400 
  
 RM48 INITIALIZED:        40           0         0



 INPUT PARAMETERS FOR VEGAS:  NDIM=  4  NCALL=   48020000.
                              IT=    0  ITMX=   10
                              MDS= -1   ND=  35
   1     -0.2768787E-04 0.8719E-04 -0.2768787E-04 0.8719E-04  0.000    
   2      0.7385594E-04 0.1000E-04  0.7366844E-04 0.7547E-05 0.3337    
   3      0.7513635E-04 0.8051E-05  0.7457066E-04 0.5283E-05 0.1403    
   4      0.6799249E-04 0.8079E-05  0.7237863E-04 0.4404E-05 0.2550    
   5      0.6921568E-04 0.7780E-05  0.7152047E-04 0.3820E-05 0.2191    
   6      0.7263932E-04 0.7795E-05  0.7177715E-04 0.3420E-05 0.1724    
   7      0.8394402E-04 0.7776E-05  0.7464125E-04 0.3114E-05 0.5904    
   8      0.4860044E-04 0.7651E-05  0.7267888E-04 0.2898E-05  1.344    
   9      0.7217869E-04 0.7683E-05  0.7260810E-04 0.2708E-05  1.156    
  10      0.7248106E-04 0.7784E-05  0.7259259E-04 0.2557E-05  1.013    



 INPUT PARAMETERS FOR VEGAS:  NDIM=  4  NCALL=  457773282.
                              IT=    0  ITMX=   20
                              MDS= -1   ND=  41
   1      0.7576915E-04 0.2464E-05  0.7576915E-04 0.2464E-05  0.000    
   2      0.7692613E-04 0.2459E-05  0.7635746E-04 0.1741E-05 0.1104    
   3      0.7450874E-04 0.2463E-05  0.7576150E-04 0.1421E-05 0.2409    
   4      0.7665308E-04 0.2472E-05  0.7598707E-04 0.1232E-05 0.1926    
   5      0.7363105E-04 0.2457E-05  0.7553693E-04 0.1102E-05 0.3230    
   6      0.7362893E-04 0.2456E-05  0.7523061E-04 0.1005E-05 0.3577    
   7      0.7118543E-04 0.2465E-05  0.7470595E-04 0.9307E-06 0.6580    
   8      0.7105195E-04 0.2454E-05  0.7428460E-04 0.8702E-06 0.8276    
   9      0.7504421E-04 0.2483E-05  0.7436940E-04 0.8213E-06 0.7329    
  10      0.7332495E-04 0.2465E-05  0.7426750E-04 0.7792E-06 0.6708    
  11      0.7522452E-04 0.2466E-05  0.7435658E-04 0.7429E-06 0.6162    
  12      0.7139921E-04 0.2472E-05  0.7412890E-04 0.7115E-06 0.6753    
  13      0.7600640E-04 0.2453E-05  0.7428176E-04 0.6833E-06 0.6636    
  14      0.7070663E-04 0.2478E-05  0.7405088E-04 0.6587E-06 0.7535    
  15      0.7330309E-04 0.2452E-05  0.7400136E-04 0.6361E-06 0.7066    
  16      0.7471512E-04 0.2460E-05  0.7404702E-04 0.6159E-06 0.6640    
  17      0.7449723E-04 0.2477E-05  0.7407358E-04 0.5977E-06 0.6239    
  18      0.7327309E-04 0.2464E-05  0.7402991E-04 0.5808E-06 0.5936    
  19      0.7604619E-04 0.2467E-05  0.7414158E-04 0.5654E-06 0.5959    
  20      0.7678527E-04 0.2465E-05  0.7428305E-04 0.5511E-06 0.6238    
   
   
 Integral Plus:   7.4283052211736813E-005 +-   5.5106710595182194E-007
 with chisq    =  0.62380071295658623     
  
  
  
 For xq =          700 
  
 RM48 INITIALIZED:        40           0         0



 INPUT PARAMETERS FOR VEGAS:  NDIM=  4  NCALL=   48020000.
                              IT=    0  ITMX=   10
                              MDS= -1   ND=  35
   1      0.4533105E-03 0.2233E-03  0.4533105E-03 0.2233E-03  0.000    
   2      0.2576896E-03 0.3601E-04  0.2722590E-03 0.4956E-04  1.074    
   3      0.2114016E-03 0.2911E-04  0.2425656E-03 0.3125E-04  1.165    
   4      0.2621833E-03 0.2849E-04  0.2511864E-03 0.2235E-04 0.9144    
   5      0.2687089E-03 0.2864E-04  0.2566785E-03 0.1805E-04 0.7726    
   6      0.2659558E-03 0.2840E-04  0.2588860E-03 0.1546E-04 0.6555    
   7      0.2350966E-03 0.2828E-04  0.2551292E-03 0.1380E-04 0.6427    
   8      0.2946611E-03 0.2857E-04  0.2628613E-03 0.1241E-04 0.7761    
   9      0.2285131E-03 0.2825E-04  0.2591740E-03 0.1148E-04 0.8160    
  10      0.2533335E-03 0.2821E-04  0.2584912E-03 0.1068E-04 0.7436    



 INPUT PARAMETERS FOR VEGAS:  NDIM=  4  NCALL=  457773282.
                              IT=    0  ITMX=   20
                              MDS= -1   ND=  41
   1      0.2422940E-03 0.9158E-05  0.2422940E-03 0.9158E-05  0.000    
   2      0.2281164E-03 0.9125E-05  0.2356065E-03 0.6465E-05  1.198    
   3      0.2373404E-03 0.9154E-05  0.2361902E-03 0.5281E-05 0.6078    
   4      0.2475908E-03 0.9116E-05  0.2392654E-03 0.4569E-05 0.8041    
   5      0.2288599E-03 0.9149E-05  0.2373279E-03 0.4088E-05 0.8587    
   6      0.2480504E-03 0.9143E-05  0.2392546E-03 0.3732E-05 0.9195    
   7      0.2364940E-03 0.9098E-05  0.2388638E-03 0.3453E-05 0.7814    
   8      0.2403070E-03 0.9182E-05  0.2390449E-03 0.3232E-05 0.6716    
   9      0.2376407E-03 0.9098E-05  0.2388889E-03 0.3045E-05 0.5909    
  10      0.2351334E-03 0.9133E-05  0.2385229E-03 0.2889E-05 0.5433    
  11      0.2359241E-03 0.9092E-05  0.2382888E-03 0.2753E-05 0.4971    
  12      0.2449697E-03 0.9145E-05  0.2388739E-03 0.2636E-05 0.4964    
  13      0.2512968E-03 0.9130E-05  0.2399253E-03 0.2533E-05 0.6065    
  14      0.2501006E-03 0.9212E-05  0.2406995E-03 0.2442E-05 0.6502    
  15      0.2279723E-03 0.9132E-05  0.2399302E-03 0.2359E-05 0.7258    
  16      0.2345387E-03 0.9109E-05  0.2396045E-03 0.2284E-05 0.7003    
  17      0.2411620E-03 0.9086E-05  0.2396985E-03 0.2215E-05 0.6577    
  18      0.2284719E-03 0.9154E-05  0.2391300E-03 0.2153E-05 0.6990    
  19      0.2462054E-03 0.9172E-05  0.2395215E-03 0.2096E-05 0.6910    
  20      0.2368340E-03 0.9111E-05  0.2393890E-03 0.2043E-05 0.6596    
   
   
 Integral Plus:   2.3938897140535580E-004 +-   2.0427028964675616E-006
 with chisq    =  0.65958447420673028     
  
  
  
 For xq =         1000 
  
 RM48 INITIALIZED:        40           0         0



 INPUT PARAMETERS FOR VEGAS:  NDIM=  4  NCALL=   48020000.
                              IT=    0  ITMX=   10
                              MDS= -1   ND=  35
   1      0.1149488E-03 0.3113E-03  0.1149488E-03 0.3113E-03  0.000    
   2      0.5196127E-03 0.6519E-04  0.5187462E-03 0.4716E-04 0.1573    
   3      0.4744236E-03 0.5445E-04  0.4946394E-03 0.3484E-04 0.2665    
   4      0.4933213E-03 0.5305E-04  0.4941351E-03 0.2883E-04 0.1603    
   5      0.5048118E-03 0.5243E-04  0.4972405E-03 0.2513E-04 0.1216    
   6      0.4001429E-03 0.5211E-04  0.4820818E-03 0.2269E-04 0.5833    
   7      0.3758613E-03 0.5215E-04  0.4692413E-03 0.2085E-04 0.9654    
   8      0.4376854E-03 0.5346E-04  0.4649824E-03 0.1942E-04 0.8689    
   9      0.4289331E-03 0.5353E-04  0.4608558E-03 0.1826E-04 0.8112    
  10      0.5246121E-03 0.5357E-04  0.4701654E-03 0.1727E-04 0.8775    



 INPUT PARAMETERS FOR VEGAS:  NDIM=  4  NCALL=  457773282.
                              IT=    0  ITMX=   20
                              MDS= -1   ND=  41
   1      0.4185376E-03 0.1689E-04  0.4185376E-03 0.1689E-04  0.000    
   2      0.4304621E-03 0.1689E-04  0.4246661E-03 0.1194E-04 0.2490    
   3      0.4201685E-03 0.1694E-04  0.4231932E-03 0.9762E-05 0.1487    
   4      0.4147684E-03 0.1689E-04  0.4211451E-03 0.8452E-05 0.1611    
   5      0.4021427E-03 0.1690E-04  0.4176154E-03 0.7559E-05 0.3619    
   6      0.4246391E-03 0.1692E-04  0.4188185E-03 0.6902E-05 0.3172    
   7      0.4709199E-03 0.1692E-04  0.4278840E-03 0.6391E-05  1.847    
   8      0.4416424E-03 0.1692E-04  0.4297094E-03 0.5978E-05  1.656    
   9      0.4090226E-03 0.1696E-04  0.4276043E-03 0.5638E-05  1.617    
  10      0.4215396E-03 0.1692E-04  0.4270099E-03 0.5349E-05  1.453    
  11      0.4501538E-03 0.1691E-04  0.4293381E-03 0.5100E-05  1.480    
  12      0.4216804E-03 0.1695E-04  0.4287196E-03 0.4884E-05  1.366    
  13      0.4092748E-03 0.1689E-04  0.4273352E-03 0.4691E-05  1.355    
  14      0.4324175E-03 0.1701E-04  0.4277042E-03 0.4523E-05  1.254    
  15      0.4310780E-03 0.1691E-04  0.4279339E-03 0.4369E-05  1.166    
  16      0.4480970E-03 0.1688E-04  0.4293205E-03 0.4230E-05  1.178    
  17      0.4208347E-03 0.1698E-04  0.4288407E-03 0.4104E-05  1.121    
  18      0.4037798E-03 0.1689E-04  0.4275891E-03 0.3988E-05  1.172    
  19      0.4538253E-03 0.1700E-04  0.4291287E-03 0.3883E-05  1.239    
  20      0.3875621E-03 0.1692E-04  0.4274073E-03 0.3784E-05  1.437    
   
   
 Integral Plus:   4.2740728262054463E-004 +-   3.7844009988314274E-006
 with chisq    =   1.4366369048066814     
  
  
  
 For xq =         1300 
  
 RM48 INITIALIZED:        40           0         0



 INPUT PARAMETERS FOR VEGAS:  NDIM=  4  NCALL=   48020000.
                              IT=    0  ITMX=   10
                              MDS= -1   ND=  35
   1      0.1555175E-02 0.3726E-03  0.1555175E-02 0.3726E-03  0.000    
   2      0.4123853E-03 0.8762E-04  0.9154706E-03 0.1808E-03  9.840    
   3      0.5836156E-03 0.7511E-04  0.7150179E-03 0.9884E-04  7.870    
   4      0.4068830E-03 0.7470E-04  0.6444900E-03 0.7726E-04  7.557    
   5      0.6879306E-03 0.7326E-04  0.6620779E-03 0.5724E-04  6.180    
   6      0.4579706E-03 0.7273E-04  0.6306430E-03 0.4946E-04  6.047    
   7      0.4787524E-03 0.7332E-04  0.6090598E-03 0.4368E-04  5.788    
   8      0.6948702E-03 0.7371E-04  0.6286674E-03 0.3799E-04  5.189    
   9      0.5682192E-03 0.7334E-04  0.6205845E-03 0.3451E-04  4.810    
  10      0.5895095E-03 0.7447E-04  0.6167784E-03 0.3176E-04  4.442    



 INPUT PARAMETERS FOR VEGAS:  NDIM=  4  NCALL=  457773282.
                              IT=    0  ITMX=   20
                              MDS= -1   ND=  41
   1      0.5995485E-03 0.2374E-04  0.5995485E-03 0.2374E-04  0.000    
   2      0.5349597E-03 0.2370E-04  0.5708650E-03 0.1677E-04  3.660    
   3      0.5350194E-03 0.2384E-04  0.5599313E-03 0.1372E-04  2.626    
   4      0.5820379E-03 0.2374E-04  0.5658304E-03 0.1188E-04  1.938    
   5      0.5861529E-03 0.2375E-04  0.5701568E-03 0.1062E-04  1.583    
   6      0.5748712E-03 0.2379E-04  0.5709562E-03 0.9700E-05  1.268    
   7      0.5550656E-03 0.2378E-04  0.5687855E-03 0.8981E-05  1.126    
   8      0.5773847E-03 0.2378E-04  0.5698925E-03 0.8402E-05 0.9775    
   9      0.6080532E-03 0.2376E-04  0.5746668E-03 0.7921E-05  1.159    
  10      0.5725597E-03 0.2366E-04  0.5744547E-03 0.7512E-05  1.032    
  11      0.5814796E-03 0.2348E-04  0.5751242E-03 0.7154E-05 0.9342    
  12      0.5966808E-03 0.2367E-04  0.5770615E-03 0.6848E-05 0.9173    
  13      0.5299438E-03 0.2375E-04  0.5739602E-03 0.6580E-05  1.114    
  14      0.5952577E-03 0.2360E-04  0.5756116E-03 0.6338E-05  1.084    
  15      0.5461626E-03 0.2370E-04  0.5738206E-03 0.6123E-05  1.107    
  16      0.5832989E-03 0.2365E-04  0.5744378E-03 0.5928E-05  1.041    
  17      0.5989714E-03 0.2372E-04  0.5760049E-03 0.5751E-05  1.039    
  18      0.5876641E-03 0.2372E-04  0.5766808E-03 0.5589E-05 0.9894    
  19      0.5960693E-03 0.2367E-04  0.5777758E-03 0.5439E-05 0.9684    
  20      0.5425674E-03 0.2382E-04  0.5762212E-03 0.5303E-05  1.021    
   
   
 Integral Plus:   5.7622116881216468E-004 +-   5.3026629886601123E-006
 with chisq    =   1.0206340620451368     
  
  
  
 For xq =         1600 
  
 RM48 INITIALIZED:        40           0         0



 INPUT PARAMETERS FOR VEGAS:  NDIM=  4  NCALL=   48020000.
                              IT=    0  ITMX=   10
                              MDS= -1   ND=  35
   1      0.6018754E-03 0.4054E-03  0.6018754E-03 0.4054E-03  0.000    
   2      0.8281046E-03 0.1054E-03  0.8203007E-03 0.9055E-04 0.2079    
   3      0.6722729E-03 0.9111E-04  0.7522090E-03 0.6500E-04 0.7531    
   4      0.7044095E-03 0.8952E-04  0.7357910E-03 0.5261E-04 0.5651    
   5      0.7299234E-03 0.8761E-04  0.7341596E-03 0.4501E-04 0.4190    
   6      0.7230989E-03 0.8885E-04  0.7318407E-03 0.4012E-04 0.3359    
   7      0.7950499E-03 0.8987E-04  0.7443906E-03 0.3654E-04 0.3499    
   8      0.8510135E-03 0.8960E-04  0.7642474E-03 0.3373E-04 0.5028    
   9      0.6322879E-03 0.9051E-04  0.7521692E-03 0.3165E-04 0.6344    
  10      0.6398590E-03 0.8957E-04  0.7423594E-03 0.2988E-04 0.7025    



 INPUT PARAMETERS FOR VEGAS:  NDIM=  4  NCALL=  457773282.
                              IT=    0  ITMX=   20
                              MDS= -1   ND=  41
   1      0.6914695E-03 0.2898E-04  0.6914695E-03 0.2898E-04  0.000    
   2      0.6920578E-03 0.2889E-04  0.6917648E-03 0.2046E-04 0.2067E-03
   3      0.6554967E-03 0.2882E-04  0.6804686E-03 0.1668E-04 0.5068    
   4      0.6316383E-03 0.2889E-04  0.6695519E-03 0.1445E-04  1.011    
   5      0.6545944E-03 0.2901E-04  0.6666754E-03 0.1293E-04 0.8162    
   6      0.7153090E-03 0.2912E-04  0.6757005E-03 0.1182E-04  1.148    
   7      0.7349962E-03 0.2887E-04  0.6855558E-03 0.1094E-04  1.610    
   8      0.7531527E-03 0.2882E-04  0.6956284E-03 0.1023E-04  2.136    
   9      0.6580616E-03 0.2880E-04  0.6917858E-03 0.9637E-05  2.063    
  10      0.7392365E-03 0.2881E-04  0.6972071E-03 0.9139E-05  2.110    
  11      0.7297862E-03 0.2894E-04  0.7004444E-03 0.8715E-05  2.005    
  12      0.7423462E-03 0.2885E-04  0.7043726E-03 0.8342E-05  1.998    
  13      0.6865757E-03 0.2878E-04  0.7030454E-03 0.8013E-05  1.865    
  14      0.7003375E-03 0.2900E-04  0.7028531E-03 0.7723E-05  1.722    
  15      0.7234824E-03 0.2881E-04  0.7043241E-03 0.7460E-05  1.628    
  16      0.6962516E-03 0.2891E-04  0.7038273E-03 0.7223E-05  1.526    
  17      0.7087108E-03 0.2889E-04  0.7041205E-03 0.7007E-05  1.431    
  18      0.6720891E-03 0.2879E-04  0.7024687E-03 0.6809E-05  1.416    
  19      0.7152060E-03 0.2890E-04  0.7031663E-03 0.6627E-05  1.345    
  20      0.6559236E-03 0.2882E-04  0.7010743E-03 0.6459E-05  1.401    
   
   
 Integral Plus:   7.0107428353060133E-004 +-   6.4588053150561623E-006
 with chisq    =   1.4014251596826186     
  
  
  
 For xq =         1900 
  
 RM48 INITIALIZED:        40           0         0



 INPUT PARAMETERS FOR VEGAS:  NDIM=  4  NCALL=   48020000.
                              IT=    0  ITMX=   10
                              MDS= -1   ND=  35
   1      0.3400361E-03 0.4094E-03  0.3400361E-03 0.4094E-03  0.000    
   2      0.7393541E-03 0.1184E-03  0.7324119E-03 0.9136E-04 0.3263    
   3      0.8065884E-03 0.1041E-03  0.7770625E-03 0.6626E-04 0.2736    
   4      0.7854819E-03 0.1029E-03  0.7801694E-03 0.5527E-04 0.1672    
   5      0.1045308E-02 0.1023E-03  0.8857020E-03 0.4800E-04  1.928    
   6      0.6639724E-03 0.1020E-03  0.8548501E-03 0.4352E-04  2.237    
   7      0.7613147E-03 0.1032E-03  0.8406686E-03 0.4009E-04  1.980    
   8      0.9150050E-03 0.1026E-03  0.8541503E-03 0.3728E-04  1.691    
   9      0.6846811E-03 0.1027E-03  0.8385713E-03 0.3507E-04  1.762    
  10      0.8921823E-03 0.1028E-03  0.8457970E-03 0.3317E-04  1.549    



 INPUT PARAMETERS FOR VEGAS:  NDIM=  4  NCALL=  457773282.
                              IT=    0  ITMX=   20
                              MDS= -1   ND=  41
   1      0.8374711E-03 0.3354E-04  0.8374711E-03 0.3354E-04  0.000    
   2      0.8364269E-03 0.3325E-04  0.8369452E-03 0.2361E-04 0.4889E-03
   3      0.7660368E-03 0.3327E-04  0.8159075E-03 0.1926E-04  1.415    
   4      0.8014759E-03 0.3332E-04  0.8123770E-03 0.1667E-04 0.9965    
   5      0.8120857E-03 0.3341E-04  0.8123188E-03 0.1492E-04 0.7469    
   6      0.7910538E-03 0.3343E-04  0.8089318E-03 0.1362E-04 0.6677    
   7      0.8513201E-03 0.3329E-04  0.8155808E-03 0.1261E-04 0.7969    
   8      0.8279622E-03 0.3323E-04  0.8171850E-03 0.1179E-04 0.6979    
   9      0.7674263E-03 0.3350E-04  0.8122718E-03 0.1112E-04 0.8414    
  10      0.7883927E-03 0.3341E-04  0.8100074E-03 0.1055E-04 0.8008    
  11      0.7743421E-03 0.3330E-04  0.8069994E-03 0.1006E-04 0.8233    
  12      0.7719602E-03 0.3340E-04  0.8043050E-03 0.9630E-05 0.8390    
  13      0.7775790E-03 0.3329E-04  0.8023594E-03 0.9251E-05 0.8197    
  14      0.8417007E-03 0.3329E-04  0.8054515E-03 0.8913E-05 0.8596    
  15      0.8338400E-03 0.3322E-04  0.8074924E-03 0.8609E-05 0.8460    
  16      0.8252577E-03 0.3330E-04  0.8086560E-03 0.8335E-05 0.8057    
  17      0.8036358E-03 0.3327E-04  0.8083619E-03 0.8085E-05 0.7570    
  18      0.8354822E-03 0.3314E-04  0.8099888E-03 0.7854E-05 0.7492    
  19      0.8341241E-03 0.3317E-04  0.8113484E-03 0.7643E-05 0.7346    
  20      0.8277006E-03 0.3343E-04  0.8121952E-03 0.7451E-05 0.7069    
   
   
 Integral Plus:   8.1219524401796440E-004 +-   7.4505106063213412E-006
 with chisq    =  0.70687877236141250     
  
  
  
 For xq =         2200 
  
 RM48 INITIALIZED:        40           0         0



 INPUT PARAMETERS FOR VEGAS:  NDIM=  4  NCALL=   48020000.
                              IT=    0  ITMX=   10
                              MDS= -1   ND=  35
   1      0.9721230E-03 0.4747E-03  0.9721230E-03 0.4747E-03  0.000    
   2      0.8834453E-03 0.1410E-03  0.8920026E-03 0.1409E-03 0.3454E-01
   3      0.1006569E-02 0.1288E-03  0.9589202E-03 0.9347E-04 0.1988    
   4      0.9372079E-03 0.1248E-03  0.9513115E-03 0.7497E-04 0.1402    
   5      0.1163926E-02 0.1238E-03  0.1026686E-02 0.6317E-04 0.7438    
   6      0.1036296E-02 0.1232E-03  0.1028810E-02 0.5612E-04 0.5882    
   7      0.8928809E-03 0.1243E-03  0.1009939E-02 0.5130E-04 0.6451    
   8      0.9537738E-03 0.1233E-03  0.1002146E-02 0.4740E-04 0.5818    
   9      0.1071870E-02 0.1247E-03  0.1012342E-02 0.4424E-04 0.5375    
  10      0.8670509E-03 0.1252E-03  0.9997466E-03 0.4177E-04 0.5960    



 INPUT PARAMETERS FOR VEGAS:  NDIM=  4  NCALL=  457773282.
                              IT=    0  ITMX=   20
                              MDS= -1   ND=  41
   1      0.1004986E-02 0.4009E-04  0.1004986E-02 0.4009E-04  0.000    
   2      0.9533882E-03 0.4017E-04  0.9806012E-03 0.2837E-04 0.8243    
   3      0.9611473E-03 0.4032E-04  0.9743197E-03 0.2320E-04 0.4942    
   4      0.9134637E-03 0.4032E-04  0.9605810E-03 0.2011E-04 0.8732    
   5      0.9775959E-03 0.4010E-04  0.9641074E-03 0.1798E-04 0.6865    
   6      0.1010720E-02 0.4023E-04  0.9725162E-03 0.1641E-04 0.7786    
   7      0.1084822E-02 0.4017E-04  0.9918835E-03 0.1519E-04  1.926    
   8      0.9955335E-03 0.4060E-04  0.9923380E-03 0.1423E-04  1.649    
   9      0.9580239E-03 0.4024E-04  0.9887335E-03 0.1342E-04  1.530    
  10      0.1027619E-02 0.4023E-04  0.9929282E-03 0.1273E-04  1.448    
  11      0.9628024E-03 0.4027E-04  0.9903272E-03 0.1213E-04  1.358    
  12      0.1021432E-02 0.4009E-04  0.9931043E-03 0.1161E-04  1.280    
  13      0.9728552E-03 0.4028E-04  0.9916001E-03 0.1116E-04  1.196    
  14      0.1001019E-02 0.4016E-04  0.9922906E-03 0.1075E-04  1.106    
  15      0.1043647E-02 0.4031E-04  0.9960546E-03 0.1039E-04  1.138    
  16      0.1025163E-02 0.4006E-04  0.9980002E-03 0.1006E-04  1.092    
  17      0.1088252E-02 0.4016E-04  0.1004292E-02 0.9755E-05  1.359    
  18      0.9818566E-03 0.4029E-04  0.1003094E-02 0.9481E-05  1.299    
  19      0.1021938E-02 0.3996E-04  0.1004141E-02 0.9225E-05  1.236    
  20      0.9869784E-03 0.4022E-04  0.1003306E-02 0.8991E-05  1.181    
   
   
 Integral Plus:   1.0033061289826644E-003 +-   8.9911466054671689E-006
 with chisq    =   1.1814892391115939     
  
  
  
 For xq =         2500 
  
 RM48 INITIALIZED:        40           0         0



 INPUT PARAMETERS FOR VEGAS:  NDIM=  4  NCALL=   48020000.
                              IT=    0  ITMX=   10
                              MDS= -1   ND=  35
   1      0.3202204E-02 0.2624E-02  0.3202204E-02 0.2624E-02  0.000    
   2      0.3802324E-02 0.8181E-03  0.3763631E-02 0.7315E-03 0.4060E-01
   3      0.3619467E-02 0.7291E-03  0.3689201E-02 0.5138E-03 0.2973E-01
   4      0.3782827E-02 0.7417E-03  0.3722224E-02 0.4203E-03 0.2295E-01
   5      0.3565747E-02 0.7306E-03  0.3684026E-02 0.3646E-03 0.2579E-01
   6      0.3497110E-02 0.7311E-03  0.3648517E-02 0.3266E-03 0.3091E-01
   7      0.3360518E-02 0.7305E-03  0.3605477E-02 0.2986E-03 0.4593E-01
   8      0.3140166E-02 0.7577E-03  0.3555145E-02 0.2781E-03 0.7906E-01
   9      0.3719000E-02 0.7347E-03  0.3577910E-02 0.2598E-03 0.7417E-01
  10      0.3413332E-02 0.7231E-03  0.3560168E-02 0.2446E-03 0.7119E-01



 INPUT PARAMETERS FOR VEGAS:  NDIM=  4  NCALL=  457773282.
                              IT=    0  ITMX=   20
                              MDS= -1   ND=  41
   1      0.3347003E-02 0.2418E-03  0.3347003E-02 0.2418E-03  0.000    
   2      0.3409553E-02 0.2380E-03  0.3379345E-02 0.1696E-03 0.3397E-01
   3      0.3390528E-02 0.2371E-03  0.3383148E-02 0.1379E-03 0.1768E-01
   4      0.3380151E-02 0.2398E-03  0.3382404E-02 0.1196E-03 0.1183E-01
   5      0.3344220E-02 0.2376E-03  0.3374822E-02 0.1068E-03 0.1400E-01
   6      0.3455794E-02 0.2405E-03  0.3388697E-02 0.9762E-04 0.3065E-01
   7      0.3556251E-02 0.2380E-03  0.3414890E-02 0.9032E-04 0.1008    
   8      0.3556075E-02 0.2398E-03  0.3433728E-02 0.8453E-04 0.1316    
   9      0.3626298E-02 0.2376E-03  0.3457581E-02 0.7963E-04 0.1930    
  10      0.3611829E-02 0.2379E-03  0.3474423E-02 0.7551E-04 0.2150    
  11      0.3417718E-02 0.2413E-03  0.3469501E-02 0.7206E-04 0.1990    
  12      0.3635363E-02 0.2395E-03  0.3484539E-02 0.6901E-04 0.2227    
  13      0.3436356E-02 0.2375E-03  0.3480872E-02 0.6627E-04 0.2076    
  14      0.3323335E-02 0.2391E-03  0.3470536E-02 0.6386E-04 0.2215    
  15      0.3493875E-02 0.2379E-03  0.3472129E-02 0.6167E-04 0.2061    
  16      0.3321536E-02 0.2378E-03  0.3463374E-02 0.5970E-04 0.2166    
  17      0.3464172E-02 0.2376E-03  0.3463421E-02 0.5790E-04 0.2030    
  18      0.3370527E-02 0.2390E-03  0.3458516E-02 0.5627E-04 0.1996    
  19      0.3270177E-02 0.2383E-03  0.3449550E-02 0.5477E-04 0.2194    
  20      0.4116156E-02 0.2377E-03  0.3496514E-02 0.5336E-04 0.7413    
   
   
 Integral Plus:   3.4965139266215322E-003 +-   5.3364576523786447E-005
 with chisq    =  0.74129353654322194     
  
  
  
    xq         Integral Plus                 error
    100      0.607135765740013E-06      0.244231657234142E-08
    400      0.742830522117368E-04      0.551067105951822E-06
    700      0.239388971405356E-03      0.204270289646756E-05
   1000      0.427407282620545E-03      0.378440099883143E-05
   1300      0.576221168812165E-03      0.530266298866011E-05
   1600      0.701074283530601E-03      0.645880531505616E-05
   1900      0.812195244017964E-03      0.745051060632134E-05
   2200      0.100330612898266E-02      0.899114660546717E-05
   2500      0.349651392662153E-02      0.533645765237864E-04
Thanks for using LHAPDF 6.5.4. Please make sure to cite the paper:
  Eur.Phys.J. C75 (2015) 3, 132  (http://arxiv.org/abs/1412.7420)
