   100.00000000000000        1.6531800531849620E-004   3.6561905049531879E-008
   400.00000000000000        1.6560425607787645E-003   2.7329899680344285E-006
   700.00000000000000        3.0304074144965210E-003   8.4015003397300759E-006
   1000.0000000000000        3.6798055884788537E-003   1.4006242727249525E-005
   1300.0000000000000        3.8323143667583631E-003   1.8169613191465637E-005
   1600.0000000000000        3.7715181266090962E-003   2.0939068509160988E-005
   1900.0000000000000        3.6862677834754755E-003   2.3115856352481912E-005
   2200.0000000000000        3.9135461280229433E-003   2.6887334751176240E-005
   2500.0000000000000        1.3837287549178873E-002   1.4660345591284313E-004
  
 Writing data in the file  ../summary/run2_01/PK_Dummy_st.dat                                                                  
  
LHAPDF 6.5.4 loading /home/niraj/1TB-Disc/Workspace-IITG/Packages/Install/LHAPDF-6.5.4/install/share/LHAPDF/MMHT2014nlo68cl/MMHT2014nlo68cl_0000.dat
MMHT2014nlo68cl PDF set, member #0, version 3; LHAPDF ID = 25100
   
   
 ~~~~~~~~~~~~~~~~~~~~~~~~~~~~~~~~~~~~~~~~~~~~
     Calculating P and K terms
 ~~~~~~~~~~~~~~~~~~~~~~~~~~~~~~~~~~~~~~~~~~~~
   
   
   
 ~~~~~~~~~~~~~~~~~~~~~~~~~~~~~~~~~~~~~~~~~~~~
     Calculating [+] distribution
 ~~~~~~~~~~~~~~~~~~~~~~~~~~~~~~~~~~~~~~~~~~~~
   
 ~~~~~~~~~~~~~~~~~~~~~~~~~~~~~~~~~~~~~~~~
using vegas points:                   8.E+07
         iteration:                   10
 ~~~~~~~~~~~~~~~~~~~~~~~~~~~~~~~~~~~~~~~~
  
 For xq =          100 
  
   
   
 ~~~~~~~~~~~~~~~~~~~~~~~~~~~~~~~~~~~~~~~~~~~~
     Calculating PlusA distribution
 ~~~~~~~~~~~~~~~~~~~~~~~~~~~~~~~~~~~~~~~~~~~~
   
 RM48 INITIALIZED:        40           0         0



 INPUT PARAMETERS FOR VEGAS:  NDIM=  4  NCALL=   74030112.
                              IT=    0  ITMX=   10
                              MDS= -1   ND=  39
   1     -0.5741443E-04 0.5096E-05 -0.5741443E-04 0.5096E-05  0.000    
   2     -0.5738478E-04 0.2261E-06 -0.5738484E-04 0.2259E-06 0.3380E-04
   3     -0.5725612E-04 0.1358E-06 -0.5729040E-04 0.1165E-06 0.1193    
   4     -0.5725332E-04 0.1250E-06 -0.5727320E-04 0.8527E-07 0.9526E-01
   5     -0.5738013E-04 0.1202E-06 -0.5730905E-04 0.6953E-07 0.2032    
   6     -0.5740942E-04 0.1272E-06 -0.5733219E-04 0.6101E-07 0.2585    
   7     -0.5740875E-04 0.1226E-06 -0.5734742E-04 0.5461E-07 0.2675    
   8     -0.5738362E-04 0.1129E-06 -0.5735428E-04 0.4916E-07 0.2412    
   9     -0.5758759E-04 0.1148E-06 -0.5739068E-04 0.4519E-07 0.6497    
  10     -0.5747003E-04 0.1120E-06 -0.5740182E-04 0.4190E-07 0.6254    



 INPUT PARAMETERS FOR VEGAS:  NDIM=  4  NCALL=  790508322.
                              IT=    0  ITMX=   20
                              MDS= -1   ND=  47
   1     -0.5752405E-04 0.3277E-07 -0.5752405E-04 0.3277E-07  0.000    
   2     -0.5748796E-04 0.3274E-07 -0.5750600E-04 0.2316E-07 0.6070    
   3     -0.5750773E-04 0.3272E-07 -0.5750658E-04 0.1890E-07 0.3044    
   4     -0.5746386E-04 0.3268E-07 -0.5749588E-04 0.1636E-07 0.6295    
   5     -0.5738108E-04 0.3259E-07 -0.5747283E-04 0.1462E-07  2.944    
   6     -0.5747706E-04 0.3269E-07 -0.5747354E-04 0.1335E-07  2.358    
   7     -0.5747594E-04 0.3271E-07 -0.5747388E-04 0.1236E-07  1.966    
   8     -0.5748372E-04 0.3268E-07 -0.5747511E-04 0.1156E-07  1.696    
   9     -0.5749896E-04 0.3273E-07 -0.5747776E-04 0.1090E-07  1.543    
  10     -0.5744144E-04 0.3271E-07 -0.5747413E-04 0.1034E-07  1.495    
  11     -0.5745195E-04 0.3269E-07 -0.5747212E-04 0.9859E-08  1.387    
  12     -0.5749443E-04 0.3276E-07 -0.5747397E-04 0.9441E-08  1.300    
  13     -0.5749038E-04 0.3269E-07 -0.5747524E-04 0.9070E-08  1.211    
  14     -0.5743311E-04 0.3272E-07 -0.5747224E-04 0.8741E-08  1.236    
  15     -0.5747537E-04 0.3267E-07 -0.5747244E-04 0.8444E-08  1.148    
  16     -0.5750798E-04 0.3269E-07 -0.5747467E-04 0.8175E-08  1.146    
  17     -0.5750219E-04 0.3280E-07 -0.5747628E-04 0.7933E-08  1.116    
  18     -0.5749320E-04 0.3269E-07 -0.5747722E-04 0.7709E-08  1.065    
  19     -0.5747163E-04 0.3274E-07 -0.5747693E-04 0.7504E-08  1.007    
  20     -0.5745596E-04 0.3274E-07 -0.5747588E-04 0.7314E-08 0.9747    
   
   
 ~~~~~~~~~~~~~~~~~~~~~~~~~~~~~~~~~~~~~~~~~~~~
     Calculating PlusB distribution
 ~~~~~~~~~~~~~~~~~~~~~~~~~~~~~~~~~~~~~~~~~~~~
   
 RM48 INITIALIZED:        40           0         0



 INPUT PARAMETERS FOR VEGAS:  NDIM=  4  NCALL=   74030112.
                              IT=    0  ITMX=   10
                              MDS= -1   ND=  39
   1     -0.2172398E-03 0.1335E-04 -0.2172398E-03 0.1335E-04  0.000    
   2     -0.2235303E-03 0.1179E-05 -0.2234844E-03 0.1158E-05 0.2140    
   3     -0.2228432E-03 0.6444E-06 -0.2229923E-03 0.5604E-06 0.2230    
   4     -0.2216682E-03 0.5235E-06 -0.2222839E-03 0.3823E-06  1.143    
   5     -0.2226473E-03 0.4882E-06 -0.2224230E-03 0.3007E-06 0.9415    
   6     -0.2231519E-03 0.4742E-06 -0.2226342E-03 0.2537E-06  1.091    
   7     -0.2225237E-03 0.4677E-06 -0.2226089E-03 0.2230E-06 0.9156    
   8     -0.2229705E-03 0.4649E-06 -0.2226770E-03 0.2010E-06 0.8546    
   9     -0.2229590E-03 0.4621E-06 -0.2227222E-03 0.1843E-06 0.7865    
  10     -0.2225558E-03 0.4646E-06 -0.2226995E-03 0.1713E-06 0.7112    



 INPUT PARAMETERS FOR VEGAS:  NDIM=  4  NCALL=  790508322.
                              IT=    0  ITMX=   20
                              MDS= -1   ND=  47
   1     -0.2226118E-03 0.1307E-06 -0.2226118E-03 0.1307E-06  0.000    
   2     -0.2229324E-03 0.1309E-06 -0.2227722E-03 0.9249E-07  3.004    
   3     -0.2231428E-03 0.1310E-06 -0.2228958E-03 0.7555E-07  4.174    
   4     -0.2229150E-03 0.1308E-06 -0.2229006E-03 0.6543E-07  2.788    
   5     -0.2227910E-03 0.1308E-06 -0.2228787E-03 0.5851E-07  2.232    
   6     -0.2228362E-03 0.1308E-06 -0.2228716E-03 0.5341E-07  1.803    
   7     -0.2226332E-03 0.1307E-06 -0.2228375E-03 0.4944E-07  1.978    
   8     -0.2227168E-03 0.1308E-06 -0.2228225E-03 0.4625E-07  1.802    
   9     -0.2228189E-03 0.1307E-06 -0.2228221E-03 0.4360E-07  1.577    
  10     -0.2230521E-03 0.1309E-06 -0.2228451E-03 0.4137E-07  1.710    
  11     -0.2227977E-03 0.1307E-06 -0.2228408E-03 0.3944E-07  1.551    
  12     -0.2228883E-03 0.1308E-06 -0.2228447E-03 0.3776E-07  1.421    
  13     -0.2226248E-03 0.1307E-06 -0.2228278E-03 0.3628E-07  1.521    
  14     -0.2226944E-03 0.1308E-06 -0.2228183E-03 0.3496E-07  1.478    
  15     -0.2226667E-03 0.1307E-06 -0.2228082E-03 0.3377E-07  1.462    
  16     -0.2228638E-03 0.1308E-06 -0.2228117E-03 0.3270E-07  1.376    
  17     -0.2226216E-03 0.1308E-06 -0.2228005E-03 0.3172E-07  1.414    
  18     -0.2228259E-03 0.1309E-06 -0.2228019E-03 0.3083E-07  1.333    
  19     -0.2229105E-03 0.1309E-06 -0.2228076E-03 0.3001E-07  1.295    
  20     -0.2225323E-03 0.1307E-06 -0.2227939E-03 0.2925E-07  1.448    
   
   
 Integral Plus:   1.6531800531849620E-004 +-   0.0000000000000000     
 with chisq    =   1.4484350973984914     
  
  
  
 For xq =          400 
  
   
   
 ~~~~~~~~~~~~~~~~~~~~~~~~~~~~~~~~~~~~~~~~~~~~
     Calculating PlusA distribution
 ~~~~~~~~~~~~~~~~~~~~~~~~~~~~~~~~~~~~~~~~~~~~
   
 RM48 INITIALIZED:        40           0         0



 INPUT PARAMETERS FOR VEGAS:  NDIM=  4  NCALL=   74030112.
                              IT=    0  ITMX=   10
                              MDS= -1   ND=  39
   1     -0.4753789E-02 0.1973E-03 -0.4753789E-02 0.1973E-03  0.000    
   2     -0.4706114E-02 0.2278E-04 -0.4706754E-02 0.2275E-04 0.5820E-01
   3     -0.4709422E-02 0.1836E-04 -0.4708364E-02 0.1431E-04 0.3335E-01
   4     -0.4734146E-02 0.1802E-04 -0.4718356E-02 0.1120E-04 0.4414    
   5     -0.4738852E-02 0.1762E-04 -0.4724279E-02 0.9451E-05 0.5722    
   6     -0.4724719E-02 0.1753E-04 -0.4724378E-02 0.8319E-05 0.4580    
   7     -0.4711784E-02 0.1748E-04 -0.4722064E-02 0.7513E-05 0.4523    
   8     -0.4699124E-02 0.1734E-04 -0.4718474E-02 0.6895E-05 0.5969    
   9     -0.4716996E-02 0.1766E-04 -0.4718279E-02 0.6423E-05 0.5232    
  10     -0.4743091E-02 0.1774E-04 -0.4721179E-02 0.6039E-05 0.6583    



 INPUT PARAMETERS FOR VEGAS:  NDIM=  4  NCALL=  790508322.
                              IT=    0  ITMX=   20
                              MDS= -1   ND=  47
   1     -0.4719186E-02 0.5261E-05 -0.4719186E-02 0.5261E-05  0.000    
   2     -0.4717833E-02 0.5268E-05 -0.4718511E-02 0.3723E-05 0.3304E-01
   3     -0.4725970E-02 0.5263E-05 -0.4721003E-02 0.3039E-05 0.6867    
   4     -0.4722956E-02 0.5274E-05 -0.4721490E-02 0.2633E-05 0.4920    
   5     -0.4713738E-02 0.5265E-05 -0.4719943E-02 0.2355E-05 0.8019    
   6     -0.4715015E-02 0.5264E-05 -0.4719123E-02 0.2150E-05 0.7876    
   7     -0.4719062E-02 0.5264E-05 -0.4719114E-02 0.1990E-05 0.6564    
   8     -0.4720950E-02 0.5259E-05 -0.4719344E-02 0.1861E-05 0.5778    
   9     -0.4713287E-02 0.5260E-05 -0.4718671E-02 0.1755E-05 0.6527    
  10     -0.4723446E-02 0.5272E-05 -0.4719149E-02 0.1665E-05 0.6623    
  11     -0.4722882E-02 0.5271E-05 -0.4719488E-02 0.1588E-05 0.6416    
  12     -0.4723855E-02 0.5278E-05 -0.4719851E-02 0.1520E-05 0.6404    
  13     -0.4723513E-02 0.5267E-05 -0.4720133E-02 0.1461E-05 0.6242    
  14     -0.4716761E-02 0.5265E-05 -0.4719892E-02 0.1408E-05 0.6055    
  15     -0.4722556E-02 0.5273E-05 -0.4720070E-02 0.1360E-05 0.5792    
  16     -0.4718836E-02 0.5266E-05 -0.4719992E-02 0.1317E-05 0.5441    
  17     -0.4714090E-02 0.5265E-05 -0.4719646E-02 0.1277E-05 0.5839    
  18     -0.4721464E-02 0.5272E-05 -0.4719747E-02 0.1241E-05 0.5562    
  19     -0.4721029E-02 0.5273E-05 -0.4719814E-02 0.1208E-05 0.5284    
  20     -0.4720332E-02 0.5270E-05 -0.4719840E-02 0.1178E-05 0.5010    
   
   
 ~~~~~~~~~~~~~~~~~~~~~~~~~~~~~~~~~~~~~~~~~~~~
     Calculating PlusB distribution
 ~~~~~~~~~~~~~~~~~~~~~~~~~~~~~~~~~~~~~~~~~~~~
   
 RM48 INITIALIZED:        40           0         0



 INPUT PARAMETERS FOR VEGAS:  NDIM=  4  NCALL=   74030112.
                              IT=    0  ITMX=   10
                              MDS= -1   ND=  39
   1     -0.6374552E-02 0.2289E-03 -0.6374552E-02 0.2289E-03  0.000    
   2     -0.6384823E-02 0.3379E-04 -0.6384604E-02 0.3340E-04 0.1967E-02
   3     -0.6353389E-02 0.2527E-04 -0.6364813E-02 0.2018E-04 0.2786    
   4     -0.6380217E-02 0.2386E-04 -0.6371248E-02 0.1540E-04 0.2667    
   5     -0.6385459E-02 0.2337E-04 -0.6375563E-02 0.1286E-04 0.2644    
   6     -0.6365531E-02 0.2326E-04 -0.6373221E-02 0.1125E-04 0.2401    
   7     -0.6416210E-02 0.2323E-04 -0.6381479E-02 0.1013E-04 0.6659    
   8     -0.6385843E-02 0.2316E-04 -0.6382181E-02 0.9277E-05 0.5749    
   9     -0.6388920E-02 0.2328E-04 -0.6383106E-02 0.8618E-05 0.5120    
  10     -0.6342696E-02 0.2321E-04 -0.6378263E-02 0.8080E-05 0.7488    



 INPUT PARAMETERS FOR VEGAS:  NDIM=  4  NCALL=  790508322.
                              IT=    0  ITMX=   20
                              MDS= -1   ND=  47
   1     -0.6372724E-02 0.6947E-05 -0.6372724E-02 0.6947E-05  0.000    
   2     -0.6378910E-02 0.6957E-05 -0.6375816E-02 0.4916E-05 0.3959    
   3     -0.6377865E-02 0.6954E-05 -0.6376499E-02 0.4014E-05 0.2269    
   4     -0.6369128E-02 0.6952E-05 -0.6374659E-02 0.3476E-05 0.4320    
   5     -0.6376031E-02 0.6952E-05 -0.6374934E-02 0.3109E-05 0.3318    
   6     -0.6377042E-02 0.6951E-05 -0.6375285E-02 0.2838E-05 0.2807    
   7     -0.6373906E-02 0.6957E-05 -0.6375089E-02 0.2628E-05 0.2396    
   8     -0.6368724E-02 0.6951E-05 -0.6374294E-02 0.2458E-05 0.3100    
   9     -0.6373288E-02 0.6953E-05 -0.6374182E-02 0.2318E-05 0.2736    
  10     -0.6379822E-02 0.6955E-05 -0.6374747E-02 0.2199E-05 0.3090    
  11     -0.6386309E-02 0.6952E-05 -0.6375802E-02 0.2096E-05 0.5302    
  12     -0.6369996E-02 0.6951E-05 -0.6375318E-02 0.2007E-05 0.5401    
  13     -0.6378430E-02 0.6955E-05 -0.6375558E-02 0.1928E-05 0.5105    
  14     -0.6370260E-02 0.6952E-05 -0.6375180E-02 0.1858E-05 0.5127    
  15     -0.6376319E-02 0.6954E-05 -0.6375256E-02 0.1795E-05 0.4778    
  16     -0.6374794E-02 0.6959E-05 -0.6375227E-02 0.1738E-05 0.4463    
  17     -0.6378262E-02 0.6964E-05 -0.6375405E-02 0.1687E-05 0.4295    
  18     -0.6383704E-02 0.6958E-05 -0.6375867E-02 0.1639E-05 0.4834    
  19     -0.6369422E-02 0.6960E-05 -0.6375529E-02 0.1595E-05 0.5017    
  20     -0.6382605E-02 0.6963E-05 -0.6375883E-02 0.1555E-05 0.5270    
   
   
 Integral Plus:   1.6560425607787645E-003 +-   0.0000000000000000     
 with chisq    =  0.52695200717092905     
  
  
  
 For xq =          700 
  
   
   
 ~~~~~~~~~~~~~~~~~~~~~~~~~~~~~~~~~~~~~~~~~~~~
     Calculating PlusA distribution
 ~~~~~~~~~~~~~~~~~~~~~~~~~~~~~~~~~~~~~~~~~~~~
   
 RM48 INITIALIZED:        40           0         0



 INPUT PARAMETERS FOR VEGAS:  NDIM=  4  NCALL=   74030112.
                              IT=    0  ITMX=   10
                              MDS= -1   ND=  39
   1     -0.1266979E-01 0.4155E-03 -0.1266979E-01 0.4155E-03  0.000    
   2     -0.1243062E-01 0.7171E-04 -0.1243780E-01 0.7131E-04 0.3275    
   3     -0.1237759E-01 0.5772E-04 -0.1240182E-01 0.4503E-04 0.3803    
   4     -0.1238955E-01 0.5694E-04 -0.1239715E-01 0.3536E-04 0.2640    
   5     -0.1239316E-01 0.5656E-04 -0.1239604E-01 0.3000E-04 0.1994    
   6     -0.1229024E-01 0.5632E-04 -0.1237313E-01 0.2649E-04 0.7012    
   7     -0.1242570E-01 0.5587E-04 -0.1238278E-01 0.2394E-04 0.7048    
   8     -0.1231449E-01 0.5580E-04 -0.1237232E-01 0.2201E-04 0.7839    
   9     -0.1238435E-01 0.5606E-04 -0.1237392E-01 0.2049E-04 0.6912    
  10     -0.1237127E-01 0.5689E-04 -0.1237362E-01 0.1927E-04 0.6150    



 INPUT PARAMETERS FOR VEGAS:  NDIM=  4  NCALL=  790508322.
                              IT=    0  ITMX=   20
                              MDS= -1   ND=  47
   1     -0.1240661E-01 0.1705E-04 -0.1240661E-01 0.1705E-04  0.000    
   2     -0.1238210E-01 0.1700E-04 -0.1239435E-01 0.1204E-04  1.035    
   3     -0.1238001E-01 0.1700E-04 -0.1238956E-01 0.9825E-05 0.7546    
   4     -0.1238992E-01 0.1702E-04 -0.1238965E-01 0.8509E-05 0.5031    
   5     -0.1236266E-01 0.1696E-04 -0.1238425E-01 0.7606E-05 0.8820    
   6     -0.1238074E-01 0.1701E-04 -0.1238366E-01 0.6943E-05 0.7128    
   7     -0.1238203E-01 0.1700E-04 -0.1238343E-01 0.6428E-05 0.5953    
   8     -0.1238114E-01 0.1701E-04 -0.1238314E-01 0.6013E-05 0.5126    
   9     -0.1239507E-01 0.1701E-04 -0.1238447E-01 0.5669E-05 0.5031    
  10     -0.1234301E-01 0.1697E-04 -0.1238033E-01 0.5377E-05  1.041    
  11     -0.1236218E-01 0.1701E-04 -0.1237869E-01 0.5127E-05  1.040    
  12     -0.1238611E-01 0.1700E-04 -0.1237931E-01 0.4909E-05 0.9615    
  13     -0.1238535E-01 0.1702E-04 -0.1237977E-01 0.4716E-05 0.8910    
  14     -0.1236939E-01 0.1700E-04 -0.1237903E-01 0.4545E-05 0.8491    
  15     -0.1238049E-01 0.1703E-04 -0.1237913E-01 0.4391E-05 0.7889    
  16     -0.1237451E-01 0.1701E-04 -0.1237884E-01 0.4252E-05 0.7410    
  17     -0.1238742E-01 0.1701E-04 -0.1237935E-01 0.4125E-05 0.7096    
  18     -0.1238841E-01 0.1702E-04 -0.1237985E-01 0.4009E-05 0.6836    
  19     -0.1237627E-01 0.1701E-04 -0.1237966E-01 0.3902E-05 0.6480    
  20     -0.1238220E-01 0.1700E-04 -0.1237979E-01 0.3803E-05 0.6150    
   
   
 ~~~~~~~~~~~~~~~~~~~~~~~~~~~~~~~~~~~~~~~~~~~~
     Calculating PlusB distribution
 ~~~~~~~~~~~~~~~~~~~~~~~~~~~~~~~~~~~~~~~~~~~~
   
 RM48 INITIALIZED:        40           0         0



 INPUT PARAMETERS FOR VEGAS:  NDIM=  4  NCALL=   74030112.
                              IT=    0  ITMX=   10
                              MDS= -1   ND=  39
   1     -0.1620027E-01 0.4768E-03 -0.1620027E-01 0.4768E-03  0.000    
   2     -0.1550219E-01 0.9151E-04 -0.1552919E-01 0.9176E-04  2.152    
   3     -0.1529607E-01 0.7136E-04 -0.1538788E-01 0.5692E-04  3.103    
   4     -0.1535000E-01 0.6891E-04 -0.1537289E-01 0.4402E-04  2.149    
   5     -0.1540559E-01 0.6805E-04 -0.1538238E-01 0.3700E-04  1.660    
   6     -0.1531602E-01 0.6761E-04 -0.1536744E-01 0.3249E-04  1.480    
   7     -0.1547850E-01 0.6823E-04 -0.1538789E-01 0.2934E-04  1.593    
   8     -0.1538627E-01 0.6787E-04 -0.1538764E-01 0.2694E-04  1.368    
   9     -0.1534824E-01 0.6738E-04 -0.1538230E-01 0.2502E-04  1.236    
  10     -0.1545050E-01 0.6822E-04 -0.1539036E-01 0.2349E-04  1.197    



 INPUT PARAMETERS FOR VEGAS:  NDIM=  4  NCALL=  790508322.
                              IT=    0  ITMX=   20
                              MDS= -1   ND=  47
   1     -0.1539109E-01 0.2057E-04 -0.1539109E-01 0.2057E-04  0.000    
   2     -0.1539798E-01 0.2055E-04 -0.1539454E-01 0.1454E-04 0.5625E-01
   3     -0.1541787E-01 0.2056E-04 -0.1540233E-01 0.1187E-04 0.4578    
   4     -0.1541859E-01 0.2057E-04 -0.1540640E-01 0.1028E-04 0.4613    
   5     -0.1543532E-01 0.2058E-04 -0.1541219E-01 0.9198E-05 0.7416    
   6     -0.1541563E-01 0.2056E-04 -0.1541276E-01 0.8396E-05 0.5979    
   7     -0.1540019E-01 0.2056E-04 -0.1541097E-01 0.7773E-05 0.5518    
   8     -0.1540107E-01 0.2056E-04 -0.1540973E-01 0.7270E-05 0.5019    
   9     -0.1540360E-01 0.2057E-04 -0.1540905E-01 0.6855E-05 0.4491    
  10     -0.1537306E-01 0.2054E-04 -0.1540546E-01 0.6502E-05 0.7053    
  11     -0.1539241E-01 0.2055E-04 -0.1540427E-01 0.6199E-05 0.6714    
  12     -0.1542865E-01 0.2058E-04 -0.1540631E-01 0.5936E-05 0.7275    
  13     -0.1541959E-01 0.2060E-04 -0.1540733E-01 0.5704E-05 0.6989    
  14     -0.1543153E-01 0.2058E-04 -0.1540906E-01 0.5497E-05 0.7439    
  15     -0.1537584E-01 0.2054E-04 -0.1540685E-01 0.5310E-05 0.8648    
  16     -0.1539914E-01 0.2056E-04 -0.1540637E-01 0.5141E-05 0.8160    
  17     -0.1540156E-01 0.2055E-04 -0.1540608E-01 0.4987E-05 0.7682    
  18     -0.1541956E-01 0.2055E-04 -0.1540683E-01 0.4847E-05 0.7469    
  19     -0.1541643E-01 0.2058E-04 -0.1540734E-01 0.4718E-05 0.7168    
  20     -0.1546424E-01 0.2060E-04 -0.1541019E-01 0.4599E-05  1.063    
   
   
 Integral Plus:   3.0304074144965210E-003 +-   0.0000000000000000     
 with chisq    =   1.0629956354275543     
  
  
  
 For xq =         1000 
  
   
   
 ~~~~~~~~~~~~~~~~~~~~~~~~~~~~~~~~~~~~~~~~~~~~
     Calculating PlusA distribution
 ~~~~~~~~~~~~~~~~~~~~~~~~~~~~~~~~~~~~~~~~~~~~
   
 RM48 INITIALIZED:        40           0         0



 INPUT PARAMETERS FOR VEGAS:  NDIM=  4  NCALL=   74030112.
                              IT=    0  ITMX=   10
                              MDS= -1   ND=  39
   1     -0.1871443E-01 0.5598E-03 -0.1871443E-01 0.5598E-03  0.000    
   2     -0.1886303E-01 0.1199E-03 -0.1885661E-01 0.1168E-03 0.6688E-01
   3     -0.1879744E-01 0.9842E-04 -0.1882200E-01 0.7525E-04 0.1085    
   4     -0.1893200E-01 0.9746E-04 -0.1886346E-01 0.5951E-04 0.3396    
   5     -0.1893329E-01 0.9612E-04 -0.1888297E-01 0.5057E-04 0.3501    
   6     -0.1876456E-01 0.9523E-04 -0.1885710E-01 0.4468E-04 0.5203    
   7     -0.1883653E-01 0.9597E-04 -0.1885344E-01 0.4050E-04 0.4399    
   8     -0.1876260E-01 0.9575E-04 -0.1883974E-01 0.3731E-04 0.4859    
   9     -0.1893451E-01 0.9687E-04 -0.1885210E-01 0.3481E-04 0.5297    
  10     -0.1887254E-01 0.9696E-04 -0.1885444E-01 0.3276E-04 0.4751    



 INPUT PARAMETERS FOR VEGAS:  NDIM=  4  NCALL=  790508322.
                              IT=    0  ITMX=   20
                              MDS= -1   ND=  47
   1     -0.1880559E-01 0.2899E-04 -0.1880559E-01 0.2899E-04  0.000    
   2     -0.1882015E-01 0.2900E-04 -0.1881287E-01 0.2051E-04 0.1261    
   3     -0.1882438E-01 0.2900E-04 -0.1881671E-01 0.1674E-04 0.1156    
   4     -0.1881137E-01 0.2903E-04 -0.1881538E-01 0.1450E-04 0.8551E-01
   5     -0.1879023E-01 0.2898E-04 -0.1881035E-01 0.1297E-04 0.2146    
   6     -0.1873451E-01 0.2891E-04 -0.1879773E-01 0.1183E-04  1.311    
   7     -0.1879464E-01 0.2901E-04 -0.1879729E-01 0.1096E-04  1.095    
   8     -0.1884047E-01 0.2906E-04 -0.1880269E-01 0.1025E-04  1.215    
   9     -0.1878204E-01 0.2900E-04 -0.1880040E-01 0.9666E-05  1.119    
  10     -0.1881322E-01 0.2900E-04 -0.1880168E-01 0.9170E-05  1.015    
  11     -0.1883830E-01 0.2906E-04 -0.1880501E-01 0.8745E-05  1.058    
  12     -0.1877527E-01 0.2899E-04 -0.1880254E-01 0.8372E-05  1.049    
  13     -0.1886573E-01 0.2908E-04 -0.1880740E-01 0.8045E-05  1.327    
  14     -0.1874385E-01 0.2893E-04 -0.1880287E-01 0.7751E-05  1.568    
  15     -0.1877972E-01 0.2892E-04 -0.1880132E-01 0.7487E-05  1.499    
  16     -0.1878194E-01 0.2897E-04 -0.1880011E-01 0.7249E-05  1.427    
  17     -0.1884077E-01 0.2907E-04 -0.1880250E-01 0.7034E-05  1.453    
  18     -0.1883435E-01 0.2903E-04 -0.1880427E-01 0.6836E-05  1.434    
  19     -0.1881047E-01 0.2902E-04 -0.1880460E-01 0.6654E-05  1.357    
  20     -0.1884350E-01 0.2905E-04 -0.1880655E-01 0.6486E-05  1.375    
   
   
 ~~~~~~~~~~~~~~~~~~~~~~~~~~~~~~~~~~~~~~~~~~~~
     Calculating PlusB distribution
 ~~~~~~~~~~~~~~~~~~~~~~~~~~~~~~~~~~~~~~~~~~~~
   
 RM48 INITIALIZED:        40           0         0



 INPUT PARAMETERS FOR VEGAS:  NDIM=  4  NCALL=   74030112.
                              IT=    0  ITMX=   10
                              MDS= -1   ND=  39
   1     -0.2230884E-01 0.6207E-03 -0.2230884E-01 0.6207E-03  0.000    
   2     -0.2238007E-01 0.1420E-03 -0.2237655E-01 0.1382E-03 0.1248E-01
   3     -0.2242509E-01 0.1151E-03 -0.2240528E-01 0.8838E-04 0.4266E-01
   4     -0.2234373E-01 0.1112E-03 -0.2238150E-01 0.6920E-04 0.9098E-01
   5     -0.2239545E-01 0.1106E-03 -0.2238543E-01 0.5866E-04 0.7106E-01
   6     -0.2241952E-01 0.1102E-03 -0.2239298E-01 0.5178E-04 0.7176E-01
   7     -0.2244337E-01 0.1107E-03 -0.2240206E-01 0.4690E-04 0.8817E-01
   8     -0.2238690E-01 0.1106E-03 -0.2239975E-01 0.4318E-04 0.7786E-01
   9     -0.2245125E-01 0.1104E-03 -0.2240662E-01 0.4021E-04 0.9177E-01
  10     -0.2239629E-01 0.1108E-03 -0.2240541E-01 0.3780E-04 0.8242E-01



 INPUT PARAMETERS FOR VEGAS:  NDIM=  4  NCALL=  790508322.
                              IT=    0  ITMX=   20
                              MDS= -1   ND=  47
   1     -0.2249267E-01 0.3362E-04 -0.2249267E-01 0.3362E-04  0.000    
   2     -0.2248027E-01 0.3365E-04 -0.2248648E-01 0.2378E-04 0.6798E-01
   3     -0.2247595E-01 0.3364E-04 -0.2248297E-01 0.1942E-04 0.6667E-01
   4     -0.2242720E-01 0.3355E-04 -0.2246903E-01 0.1681E-04 0.7326    
   5     -0.2249161E-01 0.3364E-04 -0.2247355E-01 0.1504E-04 0.6395    
   6     -0.2251042E-01 0.3363E-04 -0.2247970E-01 0.1373E-04 0.7121    
   7     -0.2247515E-01 0.3363E-04 -0.2247905E-01 0.1271E-04 0.5961    
   8     -0.2246891E-01 0.3364E-04 -0.2247779E-01 0.1189E-04 0.5223    
   9     -0.2244686E-01 0.3362E-04 -0.2247436E-01 0.1121E-04 0.5510    
  10     -0.2249733E-01 0.3365E-04 -0.2247666E-01 0.1063E-04 0.5364    
  11     -0.2246049E-01 0.3361E-04 -0.2247519E-01 0.1014E-04 0.5038    
  12     -0.2246642E-01 0.3363E-04 -0.2247446E-01 0.9707E-05 0.4637    
  13     -0.2254425E-01 0.3365E-04 -0.2247985E-01 0.9327E-05 0.7574    
  14     -0.2249566E-01 0.3363E-04 -0.2248098E-01 0.8988E-05 0.7149    
  15     -0.2250899E-01 0.3363E-04 -0.2248285E-01 0.8683E-05 0.7101    
  16     -0.2255682E-01 0.3369E-04 -0.2248749E-01 0.8408E-05 0.9655    
  17     -0.2250364E-01 0.3361E-04 -0.2248844E-01 0.8157E-05 0.9187    
  18     -0.2247200E-01 0.3367E-04 -0.2248753E-01 0.7928E-05 0.8779    
  19     -0.2246246E-01 0.3359E-04 -0.2248621E-01 0.7716E-05 0.8585    
  20     -0.2248904E-01 0.3365E-04 -0.2248635E-01 0.7521E-05 0.8137    
   
   
 Integral Plus:   3.6798055884788537E-003 +-   0.0000000000000000     
 with chisq    =  0.81367528226589647     
  
  
  
 For xq =         1300 
  
   
   
 ~~~~~~~~~~~~~~~~~~~~~~~~~~~~~~~~~~~~~~~~~~~~
     Calculating PlusA distribution
 ~~~~~~~~~~~~~~~~~~~~~~~~~~~~~~~~~~~~~~~~~~~~
   
 RM48 INITIALIZED:        40           0         0



 INPUT PARAMETERS FOR VEGAS:  NDIM=  4  NCALL=   74030112.
                              IT=    0  ITMX=   10
                              MDS= -1   ND=  39
   1     -0.2297388E-01 0.6445E-03 -0.2297388E-01 0.6445E-03  0.000    
   2     -0.2313609E-01 0.1524E-03 -0.2312761E-01 0.1478E-03 0.5961E-01
   3     -0.2294091E-01 0.1291E-03 -0.2302216E-01 0.9736E-04 0.4819    
   4     -0.2303415E-01 0.1270E-03 -0.2302661E-01 0.7727E-04 0.3230    
   5     -0.2279870E-01 0.1247E-03 -0.2296423E-01 0.6572E-04 0.8408    
   6     -0.2298152E-01 0.1262E-03 -0.2296792E-01 0.5829E-04 0.6755    
   7     -0.2312223E-01 0.1259E-03 -0.2299545E-01 0.5289E-04 0.7699    
   8     -0.2280686E-01 0.1254E-03 -0.2296737E-01 0.4874E-04 0.9323    
   9     -0.2276856E-01 0.1245E-03 -0.2294137E-01 0.4540E-04  1.090    
  10     -0.2300830E-01 0.1266E-03 -0.2294903E-01 0.4273E-04 0.9960    



 INPUT PARAMETERS FOR VEGAS:  NDIM=  4  NCALL=  790508322.
                              IT=    0  ITMX=   20
                              MDS= -1   ND=  47
   1     -0.2289555E-01 0.3789E-04 -0.2289555E-01 0.3789E-04  0.000    
   2     -0.2298432E-01 0.3810E-04 -0.2293986E-01 0.2687E-04  2.730    
   3     -0.2293505E-01 0.3801E-04 -0.2293826E-01 0.2194E-04  1.370    
   4     -0.2293394E-01 0.3795E-04 -0.2293718E-01 0.1899E-04 0.9169    
   5     -0.2292720E-01 0.3797E-04 -0.2293518E-01 0.1699E-04 0.7016    
   6     -0.2290921E-01 0.3792E-04 -0.2293085E-01 0.1550E-04 0.6396    
   7     -0.2296244E-01 0.3801E-04 -0.2293537E-01 0.1435E-04 0.6317    
   8     -0.2298735E-01 0.3805E-04 -0.2294187E-01 0.1343E-04 0.7754    
   9     -0.2294649E-01 0.3801E-04 -0.2294238E-01 0.1266E-04 0.6801    
  10     -0.2295427E-01 0.3799E-04 -0.2294357E-01 0.1201E-04 0.6142    
  11     -0.2294697E-01 0.3799E-04 -0.2294388E-01 0.1145E-04 0.5535    
  12     -0.2300203E-01 0.3813E-04 -0.2294872E-01 0.1097E-04 0.6977    
  13     -0.2294542E-01 0.3804E-04 -0.2294846E-01 0.1054E-04 0.6402    
  14     -0.2292936E-01 0.3803E-04 -0.2294710E-01 0.1016E-04 0.6090    
  15     -0.2293009E-01 0.3796E-04 -0.2294597E-01 0.9812E-05 0.5790    
  16     -0.2291749E-01 0.3803E-04 -0.2294419E-01 0.9501E-05 0.5754    
  17     -0.2292929E-01 0.3799E-04 -0.2294332E-01 0.9217E-05 0.5485    
  18     -0.2300864E-01 0.3811E-04 -0.2294695E-01 0.8959E-05 0.6803    
  19     -0.2294166E-01 0.3796E-04 -0.2294667E-01 0.8719E-05 0.6435    
  20     -0.2292463E-01 0.3799E-04 -0.2294557E-01 0.8498E-05 0.6265    
   
   
 ~~~~~~~~~~~~~~~~~~~~~~~~~~~~~~~~~~~~~~~~~~~~
     Calculating PlusB distribution
 ~~~~~~~~~~~~~~~~~~~~~~~~~~~~~~~~~~~~~~~~~~~~
   
 RM48 INITIALIZED:        40           0         0



 INPUT PARAMETERS FOR VEGAS:  NDIM=  4  NCALL=   74030112.
                              IT=    0  ITMX=   10
                              MDS= -1   ND=  39
   1     -0.2640001E-01 0.6860E-03 -0.2640001E-01 0.6860E-03  0.000    
   2     -0.2687783E-01 0.1770E-03 -0.2684899E-01 0.1701E-03 0.4476    
   3     -0.2653271E-01 0.1463E-03 -0.2666780E-01 0.1110E-03  1.218    
   4     -0.2645011E-01 0.1428E-03 -0.2658642E-01 0.8771E-04  1.295    
   5     -0.2700642E-01 0.1429E-03 -0.2670408E-01 0.7467E-04  2.560    
   6     -0.2670446E-01 0.1416E-03 -0.2670417E-01 0.6604E-04  2.046    
   7     -0.2685492E-01 0.1429E-03 -0.2673102E-01 0.5993E-04  1.856    
   8     -0.2679878E-01 0.1421E-03 -0.2674132E-01 0.5522E-04  1.617    
   9     -0.2705405E-01 0.1436E-03 -0.2678253E-01 0.5152E-04  1.938    
  10     -0.2672955E-01 0.1430E-03 -0.2677645E-01 0.4847E-04  1.736    



 INPUT PARAMETERS FOR VEGAS:  NDIM=  4  NCALL=  790508322.
                              IT=    0  ITMX=   20
                              MDS= -1   ND=  47
   1     -0.2680044E-01 0.4326E-04 -0.2680044E-01 0.4326E-04  0.000    
   2     -0.2682716E-01 0.4331E-04 -0.2681379E-01 0.3061E-04 0.1905    
   3     -0.2677916E-01 0.4329E-04 -0.2680227E-01 0.2499E-04 0.3085    
   4     -0.2682056E-01 0.4325E-04 -0.2680686E-01 0.2164E-04 0.2503    
   5     -0.2673816E-01 0.4317E-04 -0.2679312E-01 0.1935E-04 0.6922    
   6     -0.2675701E-01 0.4325E-04 -0.2678711E-01 0.1766E-04 0.6700    
   7     -0.2679462E-01 0.4326E-04 -0.2678818E-01 0.1635E-04 0.5626    
   8     -0.2674816E-01 0.4324E-04 -0.2678319E-01 0.1529E-04 0.5892    
   9     -0.2669518E-01 0.4316E-04 -0.2677343E-01 0.1441E-04 0.9755    
  10     -0.2678460E-01 0.4331E-04 -0.2677454E-01 0.1368E-04 0.8737    
  11     -0.2678807E-01 0.4327E-04 -0.2677577E-01 0.1304E-04 0.7951    
  12     -0.2675120E-01 0.4323E-04 -0.2677373E-01 0.1249E-04 0.7498    
  13     -0.2678768E-01 0.4323E-04 -0.2677480E-01 0.1200E-04 0.6953    
  14     -0.2678643E-01 0.4320E-04 -0.2677564E-01 0.1156E-04 0.6470    
  15     -0.2676275E-01 0.4322E-04 -0.2677478E-01 0.1117E-04 0.6067    
  16     -0.2682668E-01 0.4325E-04 -0.2677803E-01 0.1081E-04 0.6565    
  17     -0.2675894E-01 0.4321E-04 -0.2677691E-01 0.1049E-04 0.6269    
  18     -0.2676013E-01 0.4323E-04 -0.2677598E-01 0.1019E-04 0.5985    
  19     -0.2678746E-01 0.4335E-04 -0.2677658E-01 0.9921E-05 0.5689    
  20     -0.2680267E-01 0.4334E-04 -0.2677788E-01 0.9671E-05 0.5571    
   
   
 Integral Plus:   3.8323143667583631E-003 +-   0.0000000000000000     
 with chisq    =  0.55705097884247456     
  
  
  
 For xq =         1600 
  
   
   
 ~~~~~~~~~~~~~~~~~~~~~~~~~~~~~~~~~~~~~~~~~~~~
     Calculating PlusA distribution
 ~~~~~~~~~~~~~~~~~~~~~~~~~~~~~~~~~~~~~~~~~~~~
   
 RM48 INITIALIZED:        40           0         0



 INPUT PARAMETERS FOR VEGAS:  NDIM=  4  NCALL=   74030112.
                              IT=    0  ITMX=   10
                              MDS= -1   ND=  39
   1     -0.2411015E-01 0.6458E-03 -0.2411015E-01 0.6458E-03  0.000    
   2     -0.2546831E-01 0.1730E-03 -0.2538629E-01 0.1632E-03  3.928    
   3     -0.2547837E-01 0.1491E-03 -0.2543773E-01 0.1095E-03  2.015    
   4     -0.2532032E-01 0.1463E-03 -0.2539498E-01 0.8754E-04  1.475    
   5     -0.2532377E-01 0.1448E-03 -0.2537567E-01 0.7487E-04  1.147    
   6     -0.2524383E-01 0.1446E-03 -0.2534764E-01 0.6648E-04  1.048    
   7     -0.2532733E-01 0.1452E-03 -0.2534408E-01 0.6043E-04 0.8743    
   8     -0.2523594E-01 0.1453E-03 -0.2532809E-01 0.5580E-04 0.8167    
   9     -0.2560651E-01 0.1464E-03 -0.2536442E-01 0.5212E-04  1.117    
  10     -0.2557430E-01 0.1477E-03 -0.2538822E-01 0.4915E-04  1.194    



 INPUT PARAMETERS FOR VEGAS:  NDIM=  4  NCALL=  790508322.
                              IT=    0  ITMX=   20
                              MDS= -1   ND=  47
   1     -0.2534954E-01 0.4422E-04 -0.2534954E-01 0.4422E-04  0.000    
   2     -0.2531890E-01 0.4422E-04 -0.2533424E-01 0.3127E-04 0.2401    
   3     -0.2532736E-01 0.4425E-04 -0.2533195E-01 0.2553E-04 0.1281    
   4     -0.2533371E-01 0.4416E-04 -0.2533239E-01 0.2211E-04 0.8582E-01
   5     -0.2518682E-01 0.4405E-04 -0.2530337E-01 0.1976E-04  2.231    
   6     -0.2530514E-01 0.4421E-04 -0.2530367E-01 0.1804E-04  1.785    
   7     -0.2527436E-01 0.4418E-04 -0.2529949E-01 0.1670E-04  1.551    
   8     -0.2531734E-01 0.4422E-04 -0.2530172E-01 0.1562E-04  1.349    
   9     -0.2537477E-01 0.4423E-04 -0.2530986E-01 0.1473E-04  1.484    
  10     -0.2523349E-01 0.4403E-04 -0.2530222E-01 0.1397E-04  1.619    
  11     -0.2526245E-01 0.4412E-04 -0.2529860E-01 0.1332E-04  1.532    
  12     -0.2537317E-01 0.4428E-04 -0.2530482E-01 0.1275E-04  1.629    
  13     -0.2523165E-01 0.4407E-04 -0.2529920E-01 0.1225E-04  1.705    
  14     -0.2525934E-01 0.4413E-04 -0.2529635E-01 0.1180E-04  1.632    
  15     -0.2528169E-01 0.4417E-04 -0.2529538E-01 0.1140E-04  1.523    
  16     -0.2531941E-01 0.4419E-04 -0.2529688E-01 0.1104E-04  1.440    
  17     -0.2532258E-01 0.4427E-04 -0.2529839E-01 0.1071E-04  1.370    
  18     -0.2536691E-01 0.4428E-04 -0.2530220E-01 0.1041E-04  1.422    
  19     -0.2532293E-01 0.4416E-04 -0.2530329E-01 0.1014E-04  1.355    
  20     -0.2528520E-01 0.4418E-04 -0.2530239E-01 0.9879E-05  1.292    
   
   
 ~~~~~~~~~~~~~~~~~~~~~~~~~~~~~~~~~~~~~~~~~~~~
     Calculating PlusB distribution
 ~~~~~~~~~~~~~~~~~~~~~~~~~~~~~~~~~~~~~~~~~~~~
   
 RM48 INITIALIZED:        40           0         0



 INPUT PARAMETERS FOR VEGAS:  NDIM=  4  NCALL=   74030112.
                              IT=    0  ITMX=   10
                              MDS= -1   ND=  39
   1     -0.2821241E-01 0.7016E-03 -0.2821241E-01 0.7016E-03  0.000    
   2     -0.2874126E-01 0.1947E-03 -0.2870473E-01 0.1861E-03 0.5191    
   3     -0.2922361E-01 0.1673E-03 -0.2899842E-01 0.1237E-03  2.416    
   4     -0.2911646E-01 0.1632E-03 -0.2904221E-01 0.9844E-04  1.711    
   5     -0.2912883E-01 0.1622E-03 -0.2906588E-01 0.8410E-04  1.331    
   6     -0.2908601E-01 0.1618E-03 -0.2907021E-01 0.7460E-04  1.065    
   7     -0.2894721E-01 0.1623E-03 -0.2904872E-01 0.6778E-04 0.9662    
   8     -0.2914739E-01 0.1620E-03 -0.2906362E-01 0.6251E-04 0.8722    
   9     -0.2901622E-01 0.1627E-03 -0.2905750E-01 0.5835E-04 0.7720    
  10     -0.2886721E-01 0.1623E-03 -0.2903585E-01 0.5491E-04 0.8212    



 INPUT PARAMETERS FOR VEGAS:  NDIM=  4  NCALL=  790508322.
                              IT=    0  ITMX=   20
                              MDS= -1   ND=  47
   1     -0.2913701E-01 0.4948E-04 -0.2913701E-01 0.4948E-04  0.000    
   2     -0.2916832E-01 0.4953E-04 -0.2915267E-01 0.3501E-04 0.1999    
   3     -0.2905234E-01 0.4939E-04 -0.2911927E-01 0.2856E-04  1.470    
   4     -0.2901668E-01 0.4938E-04 -0.2909369E-01 0.2472E-04  2.056    
   5     -0.2909667E-01 0.4951E-04 -0.2909429E-01 0.2212E-04  1.543    
   6     -0.2905989E-01 0.4944E-04 -0.2908856E-01 0.2019E-04  1.315    
   7     -0.2897699E-01 0.4936E-04 -0.2907268E-01 0.1869E-04  1.823    
   8     -0.2908768E-01 0.4951E-04 -0.2907455E-01 0.1748E-04  1.574    
   9     -0.2903332E-01 0.4937E-04 -0.2906997E-01 0.1648E-04  1.455    
  10     -0.2914130E-01 0.4960E-04 -0.2907709E-01 0.1564E-04  1.500    
  11     -0.2906873E-01 0.4951E-04 -0.2907633E-01 0.1491E-04  1.353    
  12     -0.2903084E-01 0.4938E-04 -0.2907254E-01 0.1428E-04  1.301    
  13     -0.2912753E-01 0.4949E-04 -0.2907678E-01 0.1372E-04  1.287    
  14     -0.2905866E-01 0.4955E-04 -0.2907549E-01 0.1322E-04  1.198    
  15     -0.2906809E-01 0.4942E-04 -0.2907500E-01 0.1277E-04  1.114    
  16     -0.2916364E-01 0.4950E-04 -0.2908056E-01 0.1237E-04  1.241    
  17     -0.2906456E-01 0.4950E-04 -0.2907962E-01 0.1200E-04  1.169    
  18     -0.2895843E-01 0.4939E-04 -0.2907292E-01 0.1166E-04  1.433    
  19     -0.2904467E-01 0.4938E-04 -0.2907143E-01 0.1135E-04  1.371    
  20     -0.2912087E-01 0.4953E-04 -0.2907391E-01 0.1106E-04  1.348    
   
   
 Integral Plus:   3.7715181266090962E-003 +-   0.0000000000000000     
 with chisq    =   1.3483367799046462     
  
  
  
 For xq =         1900 
  
   
   
 ~~~~~~~~~~~~~~~~~~~~~~~~~~~~~~~~~~~~~~~~~~~~
     Calculating PlusA distribution
 ~~~~~~~~~~~~~~~~~~~~~~~~~~~~~~~~~~~~~~~~~~~~
   
 RM48 INITIALIZED:        40           0         0



 INPUT PARAMETERS FOR VEGAS:  NDIM=  4  NCALL=   74030112.
                              IT=    0  ITMX=   10
                              MDS= -1   ND=  39
   1     -0.2605429E-01 0.6627E-03 -0.2605429E-01 0.6627E-03  0.000    
   2     -0.2702100E-01 0.1873E-03 -0.2695418E-01 0.1775E-03  1.909    
   3     -0.2711155E-01 0.1655E-03 -0.2704004E-01 0.1205E-03  1.152    
   4     -0.2677938E-01 0.1608E-03 -0.2694607E-01 0.9641E-04  1.329    
   5     -0.2701091E-01 0.1618E-03 -0.2696331E-01 0.8277E-04  1.023    
   6     -0.2711250E-01 0.1624E-03 -0.2699465E-01 0.7371E-04 0.9510    
   7     -0.2701191E-01 0.1624E-03 -0.2699763E-01 0.6711E-04 0.7927    
   8     -0.2685996E-01 0.1614E-03 -0.2697734E-01 0.6197E-04 0.7681    
   9     -0.2667431E-01 0.1604E-03 -0.2693849E-01 0.5781E-04  1.057    
  10     -0.2744881E-01 0.1644E-03 -0.2699687E-01 0.5453E-04  1.922    



 INPUT PARAMETERS FOR VEGAS:  NDIM=  4  NCALL=  790508322.
                              IT=    0  ITMX=   20
                              MDS= -1   ND=  47
   1     -0.2701591E-01 0.4914E-04 -0.2701591E-01 0.4914E-04  0.000    
   2     -0.2702061E-01 0.4921E-04 -0.2701826E-01 0.3477E-04 0.4569E-02
   3     -0.2704260E-01 0.4911E-04 -0.2702640E-01 0.2838E-04 0.8413E-01
   4     -0.2705706E-01 0.4919E-04 -0.2703407E-01 0.2458E-04 0.1534    
   5     -0.2698743E-01 0.4908E-04 -0.2702474E-01 0.2198E-04 0.2952    
   6     -0.2706984E-01 0.4929E-04 -0.2703224E-01 0.2007E-04 0.3760    
   7     -0.2704263E-01 0.4920E-04 -0.2703372E-01 0.1859E-04 0.3197    
   8     -0.2701754E-01 0.4907E-04 -0.2703170E-01 0.1738E-04 0.2876    
   9     -0.2710372E-01 0.4932E-04 -0.2703969E-01 0.1639E-04 0.4896    
  10     -0.2706092E-01 0.4919E-04 -0.2704182E-01 0.1555E-04 0.4538    
  11     -0.2704431E-01 0.4911E-04 -0.2704204E-01 0.1483E-04 0.4087    
  12     -0.2706900E-01 0.4911E-04 -0.2704430E-01 0.1419E-04 0.3966    
  13     -0.2697182E-01 0.4913E-04 -0.2703874E-01 0.1364E-04 0.5303    
  14     -0.2697068E-01 0.4912E-04 -0.2703390E-01 0.1314E-04 0.6262    
  15     -0.2702403E-01 0.4904E-04 -0.2703324E-01 0.1269E-04 0.5842    
  16     -0.2699713E-01 0.4910E-04 -0.2703098E-01 0.1229E-04 0.5791    
  17     -0.2702169E-01 0.4911E-04 -0.2703043E-01 0.1192E-04 0.5450    
  18     -0.2705053E-01 0.4921E-04 -0.2703155E-01 0.1159E-04 0.5222    
  19     -0.2699698E-01 0.4914E-04 -0.2702973E-01 0.1128E-04 0.5192    
  20     -0.2698454E-01 0.4911E-04 -0.2702748E-01 0.1099E-04 0.5342    
   
   
 ~~~~~~~~~~~~~~~~~~~~~~~~~~~~~~~~~~~~~~~~~~~~
     Calculating PlusB distribution
 ~~~~~~~~~~~~~~~~~~~~~~~~~~~~~~~~~~~~~~~~~~~~
   
 RM48 INITIALIZED:        40           0         0



 INPUT PARAMETERS FOR VEGAS:  NDIM=  4  NCALL=   74030112.
                              IT=    0  ITMX=   10
                              MDS= -1   ND=  39
   1     -0.3093951E-01 0.7253E-03 -0.3093951E-01 0.7253E-03  0.000    
   2     -0.3055938E-01 0.2095E-03 -0.3058931E-01 0.2023E-03 0.2562    
   3     -0.3055751E-01 0.1824E-03 -0.3057187E-01 0.1357E-03 0.1354    
   4     -0.3039995E-01 0.1788E-03 -0.3050979E-01 0.1082E-03 0.2849    
   5     -0.3071272E-01 0.1782E-03 -0.3056471E-01 0.9245E-04 0.4512    
   6     -0.3074054E-01 0.1788E-03 -0.3060200E-01 0.8211E-04 0.5138    
   7     -0.3070200E-01 0.1787E-03 -0.3061948E-01 0.7460E-04 0.4712    
   8     -0.3065058E-01 0.1774E-03 -0.3062415E-01 0.6877E-04 0.4076    
   9     -0.3068282E-01 0.1787E-03 -0.3063173E-01 0.6418E-04 0.3684    
  10     -0.3056743E-01 0.1794E-03 -0.3062447E-01 0.6043E-04 0.3402    



 INPUT PARAMETERS FOR VEGAS:  NDIM=  4  NCALL=  790508322.
                              IT=    0  ITMX=   20
                              MDS= -1   ND=  47
   1     -0.3063455E-01 0.5416E-04 -0.3063455E-01 0.5416E-04  0.000    
   2     -0.3064325E-01 0.5421E-04 -0.3063890E-01 0.3831E-04 0.1288E-01
   3     -0.3070453E-01 0.5421E-04 -0.3066082E-01 0.3129E-04 0.4958    
   4     -0.3067273E-01 0.5418E-04 -0.3066380E-01 0.2709E-04 0.3426    
   5     -0.3075617E-01 0.5424E-04 -0.3068233E-01 0.2424E-04 0.8388    
   6     -0.3069775E-01 0.5419E-04 -0.3068491E-01 0.2213E-04 0.6844    
   7     -0.3073291E-01 0.5426E-04 -0.3069177E-01 0.2049E-04 0.6822    
   8     -0.3064185E-01 0.5418E-04 -0.3068554E-01 0.1916E-04 0.6908    
   9     -0.3074113E-01 0.5431E-04 -0.3069172E-01 0.1807E-04 0.7210    
  10     -0.3078475E-01 0.5436E-04 -0.3070103E-01 0.1715E-04 0.9350    
  11     -0.3078590E-01 0.5431E-04 -0.3070876E-01 0.1635E-04  1.064    
  12     -0.3071473E-01 0.5420E-04 -0.3070926E-01 0.1566E-04 0.9684    
  13     -0.3069759E-01 0.5426E-04 -0.3070836E-01 0.1504E-04 0.8913    
  14     -0.3077595E-01 0.5430E-04 -0.3071320E-01 0.1450E-04 0.9336    
  15     -0.3077978E-01 0.5422E-04 -0.3071766E-01 0.1400E-04 0.9675    
  16     -0.3064350E-01 0.5416E-04 -0.3071303E-01 0.1356E-04  1.020    
  17     -0.3074571E-01 0.5425E-04 -0.3071496E-01 0.1315E-04 0.9775    
  18     -0.3069828E-01 0.5421E-04 -0.3071403E-01 0.1278E-04 0.9253    
  19     -0.3067303E-01 0.5415E-04 -0.3071187E-01 0.1244E-04 0.9041    
  20     -0.3074919E-01 0.5419E-04 -0.3071374E-01 0.1213E-04 0.8802    
   
   
 Integral Plus:   3.6862677834754755E-003 +-   0.0000000000000000     
 with chisq    =  0.88016852423859560     
  
  
  
 For xq =         2200 
  
   
   
 ~~~~~~~~~~~~~~~~~~~~~~~~~~~~~~~~~~~~~~~~~~~~
     Calculating PlusA distribution
 ~~~~~~~~~~~~~~~~~~~~~~~~~~~~~~~~~~~~~~~~~~~~
   
 RM48 INITIALIZED:        40           0         0



 INPUT PARAMETERS FOR VEGAS:  NDIM=  4  NCALL=   74030112.
                              IT=    0  ITMX=   10
                              MDS= -1   ND=  39
   1     -0.3022821E-01 0.7362E-03 -0.3022821E-01 0.7362E-03  0.000    
   2     -0.3042989E-01 0.2143E-03 -0.3041433E-01 0.2052E-03 0.6879E-01
   3     -0.3069381E-01 0.1926E-03 -0.3056457E-01 0.1401E-03 0.5288    
   4     -0.3050310E-01 0.1876E-03 -0.3054252E-01 0.1122E-03 0.3752    
   5     -0.3048600E-01 0.1876E-03 -0.3052761E-01 0.9632E-04 0.2981    
   6     -0.3114698E-01 0.1893E-03 -0.3065944E-01 0.8577E-04  1.984    
   7     -0.3034805E-01 0.1866E-03 -0.3060582E-01 0.7796E-04  2.036    
   8     -0.3064158E-01 0.1887E-03 -0.3061106E-01 0.7204E-04  1.748    
   9     -0.3043734E-01 0.1877E-03 -0.3058891E-01 0.6727E-04  1.624    
  10     -0.3090212E-01 0.1912E-03 -0.3062412E-01 0.6345E-04  1.710    



 INPUT PARAMETERS FOR VEGAS:  NDIM=  4  NCALL=  790508322.
                              IT=    0  ITMX=   20
                              MDS= -1   ND=  47
   1     -0.3064215E-01 0.5732E-04 -0.3064215E-01 0.5732E-04  0.000    
   2     -0.3054020E-01 0.5727E-04 -0.3059130E-01 0.4051E-04  1.583    
   3     -0.3060062E-01 0.5733E-04 -0.3059441E-01 0.3308E-04 0.8003    
   4     -0.3057169E-01 0.5718E-04 -0.3058871E-01 0.2864E-04 0.5731    
   5     -0.3057101E-01 0.5732E-04 -0.3058518E-01 0.2562E-04 0.4490    
   6     -0.3058278E-01 0.5735E-04 -0.3058478E-01 0.2339E-04 0.3595    
   7     -0.3053013E-01 0.5730E-04 -0.3057700E-01 0.2166E-04 0.4294    
   8     -0.3056419E-01 0.5720E-04 -0.3057540E-01 0.2025E-04 0.3743    
   9     -0.3063502E-01 0.5729E-04 -0.3058204E-01 0.1909E-04 0.4481    
  10     -0.3054198E-01 0.5728E-04 -0.3057804E-01 0.1811E-04 0.4472    
  11     -0.3055473E-01 0.5726E-04 -0.3057593E-01 0.1727E-04 0.4176    
  12     -0.3065320E-01 0.5734E-04 -0.3058238E-01 0.1654E-04 0.5315    
  13     -0.3060017E-01 0.5725E-04 -0.3058375E-01 0.1589E-04 0.4946    
  14     -0.3061999E-01 0.5723E-04 -0.3058635E-01 0.1531E-04 0.4852    
  15     -0.3060543E-01 0.5730E-04 -0.3058762E-01 0.1479E-04 0.4579    
  16     -0.3061786E-01 0.5741E-04 -0.3058951E-01 0.1432E-04 0.4447    
  17     -0.3055687E-01 0.5725E-04 -0.3058759E-01 0.1389E-04 0.4360    
  18     -0.3058390E-01 0.5732E-04 -0.3058739E-01 0.1350E-04 0.4106    
  19     -0.3061269E-01 0.5731E-04 -0.3058872E-01 0.1314E-04 0.3980    
  20     -0.3051347E-01 0.5717E-04 -0.3058496E-01 0.1281E-04 0.4634    
   
   
 ~~~~~~~~~~~~~~~~~~~~~~~~~~~~~~~~~~~~~~~~~~~~
     Calculating PlusB distribution
 ~~~~~~~~~~~~~~~~~~~~~~~~~~~~~~~~~~~~~~~~~~~~
   
 RM48 INITIALIZED:        40           0         0



 INPUT PARAMETERS FOR VEGAS:  NDIM=  4  NCALL=   74030112.
                              IT=    0  ITMX=   10
                              MDS= -1   ND=  39
   1     -0.3421959E-01 0.7974E-03 -0.3421959E-01 0.7974E-03  0.000    
   2     -0.3448163E-01 0.2380E-03 -0.3446049E-01 0.2273E-03 0.9852E-01
   3     -0.3461637E-01 0.2112E-03 -0.3454475E-01 0.1545E-03 0.1754    
   4     -0.3455277E-01 0.2087E-03 -0.3454760E-01 0.1241E-03 0.1171    
   5     -0.3481342E-01 0.2070E-03 -0.3461894E-01 0.1064E-03 0.3940    
   6     -0.3458453E-01 0.2067E-03 -0.3461172E-01 0.9459E-04 0.3194    
   7     -0.3457237E-01 0.2066E-03 -0.3460489E-01 0.8600E-04 0.2711    
   8     -0.3451335E-01 0.2066E-03 -0.3459139E-01 0.7939E-04 0.2563    
   9     -0.3486071E-01 0.2081E-03 -0.3462616E-01 0.7417E-04 0.4091    
  10     -0.3445897E-01 0.2081E-03 -0.3460744E-01 0.6987E-04 0.4272    



 INPUT PARAMETERS FOR VEGAS:  NDIM=  4  NCALL=  790508322.
                              IT=    0  ITMX=   20
                              MDS= -1   ND=  47
   1     -0.3440407E-01 0.6293E-04 -0.3440407E-01 0.6293E-04  0.000    
   2     -0.3447053E-01 0.6306E-04 -0.3443729E-01 0.4454E-04 0.5566    
   3     -0.3455103E-01 0.6301E-04 -0.3447536E-01 0.3637E-04  1.366    
   4     -0.3452631E-01 0.6292E-04 -0.3448815E-01 0.3149E-04  1.074    
   5     -0.3455219E-01 0.6296E-04 -0.3450100E-01 0.2816E-04  1.013    
   6     -0.3446481E-01 0.6292E-04 -0.3449497E-01 0.2571E-04 0.8654    
   7     -0.3445572E-01 0.6293E-04 -0.3448937E-01 0.2380E-04 0.7769    
   8     -0.3443741E-01 0.6280E-04 -0.3448286E-01 0.2225E-04 0.7514    
   9     -0.3440447E-01 0.6286E-04 -0.3447417E-01 0.2098E-04 0.8300    
  10     -0.3450605E-01 0.6297E-04 -0.3447736E-01 0.1990E-04 0.7633    
  11     -0.3454125E-01 0.6302E-04 -0.3448317E-01 0.1898E-04 0.7805    
  12     -0.3450067E-01 0.6297E-04 -0.3448463E-01 0.1817E-04 0.7159    
  13     -0.3450389E-01 0.6298E-04 -0.3448611E-01 0.1746E-04 0.6634    
  14     -0.3455129E-01 0.6303E-04 -0.3449077E-01 0.1683E-04 0.6889    
  15     -0.3453144E-01 0.6294E-04 -0.3449349E-01 0.1625E-04 0.6675    
  16     -0.3450467E-01 0.6299E-04 -0.3449419E-01 0.1574E-04 0.6249    
  17     -0.3450928E-01 0.6303E-04 -0.3449508E-01 0.1527E-04 0.5892    
  18     -0.3444858E-01 0.6293E-04 -0.3449250E-01 0.1484E-04 0.5849    
  19     -0.3458600E-01 0.6299E-04 -0.3449744E-01 0.1444E-04 0.6688    
  20     -0.3451877E-01 0.6296E-04 -0.3449851E-01 0.1408E-04 0.6393    
   
   
 Integral Plus:   3.9135461280229433E-003 +-   0.0000000000000000     
 with chisq    =  0.63926640277346680     
  
  
  
 For xq =         2500 
  
   
   
 ~~~~~~~~~~~~~~~~~~~~~~~~~~~~~~~~~~~~~~~~~~~~
     Calculating PlusA distribution
 ~~~~~~~~~~~~~~~~~~~~~~~~~~~~~~~~~~~~~~~~~~~~
   
 RM48 INITIALIZED:        40           0         0



 INPUT PARAMETERS FOR VEGAS:  NDIM=  4  NCALL=   74030112.
                              IT=    0  ITMX=   10
                              MDS= -1   ND=  39
   1     -0.1139066     0.3846E-02 -0.1139066     0.3846E-02  0.000    
   2     -0.1120576     0.1151E-02 -0.1122142     0.1110E-02 0.2150    
   3     -0.1108801     0.1039E-02 -0.1115153     0.7614E-03 0.4918    
   4     -0.1107799     0.1021E-02 -0.1112571     0.6112E-03 0.4400    
   5     -0.1097279     0.1008E-02 -0.1108579     0.5234E-03 0.7442    
   6     -0.1108864     0.1009E-02 -0.1108639     0.4647E-03 0.5966    
   7     -0.1114094     0.1025E-02 -0.1109568     0.4233E-03 0.5363    
   8     -0.1117045     0.1031E-02 -0.1110653     0.3915E-03 0.5239    
   9     -0.1113195     0.1030E-02 -0.1110973     0.3660E-03 0.4652    
  10     -0.1117990     0.1030E-02 -0.1111765     0.3448E-03 0.4593    



 INPUT PARAMETERS FOR VEGAS:  NDIM=  4  NCALL=  790508322.
                              IT=    0  ITMX=   20
                              MDS= -1   ND=  47
   1     -0.1112379     0.3124E-03 -0.1112379     0.3124E-03  0.000    
   2     -0.1115551     0.3125E-03 -0.1113969     0.2209E-03 0.5154    
   3     -0.1115100     0.3148E-03 -0.1114343     0.1808E-03 0.3008    
   4     -0.1111260     0.3123E-03 -0.1113572     0.1565E-03 0.4436    
   5     -0.1106804     0.3115E-03 -0.1112221     0.1398E-03  1.269    
   6     -0.1108706     0.3117E-03 -0.1111635     0.1276E-03  1.227    
   7     -0.1108687     0.3107E-03 -0.1111212     0.1180E-03  1.151    
   8     -0.1110205     0.3114E-03 -0.1111085     0.1104E-03  1.000    
   9     -0.1111103     0.3128E-03 -0.1111087     0.1041E-03 0.8751    
  10     -0.1105902     0.3114E-03 -0.1110571     0.9871E-04  1.054    
  11     -0.1108115     0.3118E-03 -0.1110348     0.9411E-04  1.005    
  12     -0.1111060     0.3126E-03 -0.1110407     0.9011E-04 0.9177    
  13     -0.1109243     0.3131E-03 -0.1110318     0.8660E-04 0.8520    
  14     -0.1102833     0.3119E-03 -0.1109789     0.8344E-04  1.194    
  15     -0.1108304     0.3119E-03 -0.1109690     0.8061E-04  1.124    
  16     -0.1107414     0.3116E-03 -0.1109548     0.7804E-04  1.082    
  17     -0.1110604     0.3123E-03 -0.1109610     0.7571E-04  1.021    
  18     -0.1111958     0.3122E-03 -0.1109741     0.7358E-04 0.9927    
  19     -0.1110761     0.3124E-03 -0.1109795     0.7162E-04 0.9431    
  20     -0.1108062     0.3108E-03 -0.1109708     0.6979E-04 0.9091    
   
   
 ~~~~~~~~~~~~~~~~~~~~~~~~~~~~~~~~~~~~~~~~~~~~
     Calculating PlusB distribution
 ~~~~~~~~~~~~~~~~~~~~~~~~~~~~~~~~~~~~~~~~~~~~
   
 RM48 INITIALIZED:        40           0         0



 INPUT PARAMETERS FOR VEGAS:  NDIM=  4  NCALL=   74030112.
                              IT=    0  ITMX=   10
                              MDS= -1   ND=  39
   1     -0.1261271     0.4116E-02 -0.1261271     0.4116E-02  0.000    
   2     -0.1268741     0.1273E-02 -0.1268096     0.1213E-02 0.2991E-01
   3     -0.1239900     0.1128E-02 -0.1253260     0.8294E-03  1.456    
   4     -0.1251970     0.1124E-02 -0.1252808     0.6677E-03 0.9753    
   5     -0.1250325     0.1108E-02 -0.1252150     0.5721E-03 0.7419    
   6     -0.1262690     0.1117E-02 -0.1254362     0.5091E-03 0.7343    
   7     -0.1269915     0.1123E-02 -0.1257064     0.4635E-03 0.8794    
   8     -0.1243878     0.1116E-02 -0.1255160     0.4281E-03 0.9232    
   9     -0.1236727     0.1117E-02 -0.1252863     0.3999E-03  1.100    
  10     -0.1243834     0.1130E-02 -0.1251872     0.3770E-03  1.042    



 INPUT PARAMETERS FOR VEGAS:  NDIM=  4  NCALL=  790508322.
                              IT=    0  ITMX=   20
                              MDS= -1   ND=  47
   1     -0.1245853     0.3427E-03 -0.1245853     0.3427E-03  0.000    
   2     -0.1252055     0.3442E-03 -0.1248956     0.2429E-03  1.631    
   3     -0.1247603     0.3432E-03 -0.1248505     0.1982E-03 0.8677    
   4     -0.1242366     0.3426E-03 -0.1246976     0.1716E-03  1.378    
   5     -0.1251000     0.3442E-03 -0.1247782     0.1536E-03  1.307    
   6     -0.1246719     0.3435E-03 -0.1247605     0.1402E-03  1.062    
   7     -0.1248232     0.3440E-03 -0.1247694     0.1298E-03 0.8894    
   8     -0.1245313     0.3429E-03 -0.1247397     0.1214E-03 0.8228    
   9     -0.1251637     0.3439E-03 -0.1247869     0.1145E-03 0.8893    
  10     -0.1240120     0.3422E-03 -0.1247098     0.1086E-03  1.299    
  11     -0.1251771     0.3436E-03 -0.1247525     0.1035E-03  1.337    
  12     -0.1244546     0.3434E-03 -0.1247278     0.9912E-04  1.279    
  13     -0.1254023     0.3440E-03 -0.1247800     0.9525E-04  1.470    
  14     -0.1253562     0.3450E-03 -0.1248212     0.9181E-04  1.557    
  15     -0.1242701     0.3428E-03 -0.1247846     0.8869E-04  1.617    
  16     -0.1249658     0.3436E-03 -0.1247960     0.8587E-04  1.527    
  17     -0.1251647     0.3441E-03 -0.1248177     0.8332E-04  1.499    
  18     -0.1244119     0.3426E-03 -0.1247952     0.8096E-04  1.488    
  19     -0.1252083     0.3448E-03 -0.1248169     0.7882E-04  1.481    
  20     -0.1246398     0.3431E-03 -0.1248080     0.7681E-04  1.417    
   
   
 Integral Plus:   1.3837287549178873E-002 +-   0.0000000000000000     
 with chisq    =   1.4167747893090272     
  
  
  
    xq         Integral Plus                 error
    100      0.165318005318496E-03      0.365619050495319E-07
    400      0.165604256077876E-02      0.273298996803443E-05
    700      0.303040741449652E-02      0.840150033973008E-05
   1000      0.367980558847885E-02      0.140062427272495E-04
   1300      0.383231436675836E-02      0.181696131914656E-04
   1600      0.377151812660910E-02      0.209390685091610E-04
   1900      0.368626778347548E-02      0.231158563524819E-04
   2200      0.391354612802294E-02      0.268873347511762E-04
   2500      0.138372875491789E-01      0.146603455912843E-03
Thanks for using LHAPDF 6.5.4. Please make sure to cite the paper:
  Eur.Phys.J. C75 (2015) 3, 132  (http://arxiv.org/abs/1412.7420)
