       100     1.523548996001334e-07     8.343675768735720e-09
       400     2.236128390140568e-05     1.324519688177032e-06
       700     7.873586650410363e-05     4.303713584537016e-06
      1000     1.515170801739962e-04     7.349605293823634e-06
      1300     1.969996949328767e-04     9.692711431766163e-06
      1600     2.582633456584306e-04     1.126518017178796e-05
      1900     3.075854251696347e-04     1.252261871146311e-05
      2200     3.840479022122791e-04     1.460739051265728e-05
      2500     1.469019082677069e-03     7.991087852874987e-05
 Directory not found ../summary/run2_01                                                                                  
 Making new directory..
/home/niraj/OneDrive/WorkSpaceIITG/Generalfiles/integrators/DY1/ggaa/summary/run2_01
 Directory constructed successfully🤩
  
  
 Writing data in the file  ../summary/run2_01/PK_Plus0.dat                                                                     
  
LHAPDF 6.5.4 loading /home/niraj/1TB-Disc/Workspace-IITG/Packages/Install/LHAPDF-6.5.4/install/share/LHAPDF/MMHT2014nlo68cl/MMHT2014nlo68cl_0000.dat
MMHT2014nlo68cl PDF set, member #0, version 3; LHAPDF ID = 25100
   
   
 ~~~~~~~~~~~~~~~~~~~~~~~~~~~~~~~~~~~~~~~~~~~~
     Calculating P and K terms
 ~~~~~~~~~~~~~~~~~~~~~~~~~~~~~~~~~~~~~~~~~~~~
   
   
   
 ~~~~~~~~~~~~~~~~~~~~~~~~~~~~~~~~~~~~~~~~~~~~
     Calculating [+] distribution
 ~~~~~~~~~~~~~~~~~~~~~~~~~~~~~~~~~~~~~~~~~~~~
   
 ~~~~~~~~~~~~~~~~~~~~~~~~~~~~~~~~~~~~~~~~
using vegas points:                   8.E+07
         iteration:                   10
 ~~~~~~~~~~~~~~~~~~~~~~~~~~~~~~~~~~~~~~~~
  
 For xq =          100 
  
   
   
 ~~~~~~~~~~~~~~~~~~~~~~~~~~~~~~~~~~~~~~~~~~~~
     Calculating PlusA distribution
 ~~~~~~~~~~~~~~~~~~~~~~~~~~~~~~~~~~~~~~~~~~~~
   
 RM48 INITIALIZED:        40           0         0



 INPUT PARAMETERS FOR VEGAS:  NDIM=  4  NCALL=   74030112.
                              IT=    0  ITMX=   10
                              MDS= -1   ND=  39
   1     -0.3212954E-04 0.2865E-05 -0.3212954E-04 0.2865E-05  0.000    
   2     -0.3239022E-04 0.1308E-06 -0.3238968E-04 0.1301E-06 0.8195E-02
   3     -0.3204282E-04 0.7576E-07 -0.3213153E-04 0.6566E-07  2.660    
   4     -0.3207851E-04 0.7021E-07 -0.3210688E-04 0.4799E-07  1.878    
   5     -0.3210239E-04 0.6610E-07 -0.3210534E-04 0.3884E-07  1.410    
   6     -0.3205331E-04 0.6832E-07 -0.3209269E-04 0.3378E-07  1.217    
   7     -0.3221219E-04 0.6857E-07 -0.3211611E-04 0.3030E-07  1.422    
   8     -0.3201824E-04 0.6613E-07 -0.3209924E-04 0.2755E-07  1.477    
   9     -0.3225384E-04 0.6531E-07 -0.3212275E-04 0.2538E-07  1.889    
  10     -0.3218314E-04 0.6682E-07 -0.3213038E-04 0.2372E-07  1.758    



 INPUT PARAMETERS FOR VEGAS:  NDIM=  4  NCALL=  790508322.
                              IT=    0  ITMX=   20
                              MDS= -1   ND=  47
   1     -0.3215963E-04 0.1885E-07 -0.3215963E-04 0.1885E-07  0.000    
   2     -0.3214118E-04 0.1885E-07 -0.3215041E-04 0.1333E-07 0.4790    
   3     -0.3214668E-04 0.1883E-07 -0.3214917E-04 0.1088E-07 0.2526    
   4     -0.3215746E-04 0.1887E-07 -0.3215123E-04 0.9425E-08 0.2167    
   5     -0.3212936E-04 0.1885E-07 -0.3214686E-04 0.8430E-08 0.4318    
   6     -0.3215747E-04 0.1889E-07 -0.3214862E-04 0.7698E-08 0.3980    
   7     -0.3214565E-04 0.1884E-07 -0.3214820E-04 0.7126E-08 0.3352    
   8     -0.3214411E-04 0.1883E-07 -0.3214769E-04 0.6665E-08 0.2932    
   9     -0.3216007E-04 0.1882E-07 -0.3214907E-04 0.6283E-08 0.3047    
  10     -0.3214432E-04 0.1886E-07 -0.3214859E-04 0.5961E-08 0.2772    
  11     -0.3211858E-04 0.1885E-07 -0.3214587E-04 0.5683E-08 0.4796    
  12     -0.3215449E-04 0.1889E-07 -0.3214659E-04 0.5442E-08 0.4533    
  13     -0.3215832E-04 0.1885E-07 -0.3214749E-04 0.5229E-08 0.4454    
  14     -0.3211839E-04 0.1884E-07 -0.3214541E-04 0.5038E-08 0.5813    
  15     -0.3213127E-04 0.1884E-07 -0.3214447E-04 0.4867E-08 0.5774    
  16     -0.3215580E-04 0.1886E-07 -0.3214518E-04 0.4713E-08 0.5614    
  17     -0.3214170E-04 0.1886E-07 -0.3214497E-04 0.4572E-08 0.5283    
  18     -0.3220459E-04 0.1890E-07 -0.3214828E-04 0.4444E-08  1.052    
  19     -0.3215039E-04 0.1886E-07 -0.3214839E-04 0.4326E-08 0.9941    
  20     -0.3212625E-04 0.1886E-07 -0.3214729E-04 0.4216E-08  1.011    
   
   
 ~~~~~~~~~~~~~~~~~~~~~~~~~~~~~~~~~~~~~~~~~~~~
     Calculating PlusB distribution
 ~~~~~~~~~~~~~~~~~~~~~~~~~~~~~~~~~~~~~~~~~~~~
   
 RM48 INITIALIZED:        40           0         0



 INPUT PARAMETERS FOR VEGAS:  NDIM=  4  NCALL=   74030112.
                              IT=    0  ITMX=   10
                              MDS= -1   ND=  39
   1     -0.3191882E-04 0.2875E-05 -0.3191882E-04 0.2875E-05  0.000    
   2     -0.3219897E-04 0.1149E-06 -0.3219854E-04 0.1143E-06 0.9397E-02
   3     -0.3222589E-04 0.7526E-07 -0.3221768E-04 0.6274E-07 0.2465E-01
   4     -0.3231694E-04 0.9810E-07 -0.3224675E-04 0.5284E-07 0.2600    
   5     -0.3236155E-04 0.8362E-07 -0.3227979E-04 0.4465E-07 0.5333    
   6     -0.3231659E-04 0.7265E-07 -0.3228993E-04 0.3802E-07 0.4635    
   7     -0.3215461E-04 0.6690E-07 -0.3225699E-04 0.3306E-07 0.9007    
   8     -0.3226030E-04 0.6396E-07 -0.3225769E-04 0.2937E-07 0.7720    
   9     -0.3218027E-04 0.6470E-07 -0.3224449E-04 0.2674E-07 0.8239    
  10     -0.3222103E-04 0.6659E-07 -0.3224123E-04 0.2482E-07 0.7442    



 INPUT PARAMETERS FOR VEGAS:  NDIM=  4  NCALL=  790508322.
                              IT=    0  ITMX=   20
                              MDS= -1   ND=  47
   1     -0.3228874E-04 0.1846E-07 -0.3228874E-04 0.1846E-07  0.000    
   2     -0.3231966E-04 0.1854E-07 -0.3230415E-04 0.1308E-07  1.397    
   3     -0.3225217E-04 0.1841E-07 -0.3228675E-04 0.1066E-07  3.344    
   4     -0.3229053E-04 0.1847E-07 -0.3228770E-04 0.9234E-08  2.240    
   5     -0.3228988E-04 0.1842E-07 -0.3228814E-04 0.8255E-08  1.683    
   6     -0.3228516E-04 0.1848E-07 -0.3228764E-04 0.7537E-08  1.350    
   7     -0.3228084E-04 0.1844E-07 -0.3228667E-04 0.6977E-08  1.145    
   8     -0.3231778E-04 0.1841E-07 -0.3229058E-04 0.6524E-08  1.338    
   9     -0.3233324E-04 0.1848E-07 -0.3229532E-04 0.6152E-08  1.764    
  10     -0.3231111E-04 0.1850E-07 -0.3229689E-04 0.5838E-08  1.641    
  11     -0.3230209E-04 0.1846E-07 -0.3229737E-04 0.5566E-08  1.484    
  12     -0.3230945E-04 0.1842E-07 -0.3229838E-04 0.5328E-08  1.385    
  13     -0.3230853E-04 0.1842E-07 -0.3229916E-04 0.5118E-08  1.293    
  14     -0.3233330E-04 0.1847E-07 -0.3230160E-04 0.4932E-08  1.438    
  15     -0.3228350E-04 0.1850E-07 -0.3230040E-04 0.4766E-08  1.399    
  16     -0.3229696E-04 0.1842E-07 -0.3230018E-04 0.4614E-08  1.308    
  17     -0.3228305E-04 0.1842E-07 -0.3229917E-04 0.4476E-08  1.277    
  18     -0.3230027E-04 0.1847E-07 -0.3229923E-04 0.4350E-08  1.202    
  19     -0.3229332E-04 0.1852E-07 -0.3229893E-04 0.4235E-08  1.141    
  20     -0.3231329E-04 0.1848E-07 -0.3229964E-04 0.4128E-08  1.111    
   
   
 Integral Plus:   1.5235489960013343E-007 +-   0.0000000000000000     
 with chisq    =   1.1107865753488728     
  
  
  
    xq         Integral Plus                 error
    100      0.152354899600133E-06      0.834367576873572E-08
Thanks for using LHAPDF 6.5.4. Please make sure to cite the paper:
  Eur.Phys.J. C75 (2015) 3, 132  (http://arxiv.org/abs/1412.7420)
  
 Writing data in the file  ../summary/run2_01/PK_Plus1.dat                                                                     
  
LHAPDF 6.5.4 loading /home/niraj/1TB-Disc/Workspace-IITG/Packages/Install/LHAPDF-6.5.4/install/share/LHAPDF/MMHT2014nlo68cl/MMHT2014nlo68cl_0000.dat
MMHT2014nlo68cl PDF set, member #0, version 3; LHAPDF ID = 25100
   
   
 ~~~~~~~~~~~~~~~~~~~~~~~~~~~~~~~~~~~~~~~~~~~~
     Calculating P and K terms
 ~~~~~~~~~~~~~~~~~~~~~~~~~~~~~~~~~~~~~~~~~~~~
   
   
   
 ~~~~~~~~~~~~~~~~~~~~~~~~~~~~~~~~~~~~~~~~~~~~
     Calculating [+] distribution
 ~~~~~~~~~~~~~~~~~~~~~~~~~~~~~~~~~~~~~~~~~~~~
   
 ~~~~~~~~~~~~~~~~~~~~~~~~~~~~~~~~~~~~~~~~
using vegas points:                   8.E+07
         iteration:                   10
 ~~~~~~~~~~~~~~~~~~~~~~~~~~~~~~~~~~~~~~~~
  
 For xq =          400 
  
   
   
 ~~~~~~~~~~~~~~~~~~~~~~~~~~~~~~~~~~~~~~~~~~~~
     Calculating PlusA distribution
 ~~~~~~~~~~~~~~~~~~~~~~~~~~~~~~~~~~~~~~~~~~~~
   
 RM48 INITIALIZED:        40           0         0



 INPUT PARAMETERS FOR VEGAS:  NDIM=  4  NCALL=   74030112.
                              IT=    0  ITMX=   10
                              MDS= -1   ND=  39
   1     -0.2661116E-02 0.1109E-03 -0.2661116E-02 0.1109E-03  0.000    
   2     -0.2644478E-02 0.1280E-04 -0.2644699E-02 0.1275E-04 0.2235E-01
   3     -0.2638637E-02 0.1018E-04 -0.2641012E-02 0.7969E-05 0.8017E-01
   4     -0.2655889E-02 0.1011E-04 -0.2646735E-02 0.6255E-05 0.4996    
   5     -0.2639122E-02 0.9859E-05 -0.2644563E-02 0.5284E-05 0.4812    
   6     -0.2642695E-02 0.9819E-05 -0.2644145E-02 0.4653E-05 0.3908    
   7     -0.2616126E-02 0.9704E-05 -0.2639005E-02 0.4198E-05  1.439    
   8     -0.2631165E-02 0.9755E-05 -0.2637789E-02 0.3857E-05  1.312    
   9     -0.2644789E-02 0.9974E-05 -0.2638702E-02 0.3597E-05  1.201    
  10     -0.2655956E-02 0.9927E-05 -0.2640724E-02 0.3382E-05  1.366    



 INPUT PARAMETERS FOR VEGAS:  NDIM=  4  NCALL=  790508322.
                              IT=    0  ITMX=   20
                              MDS= -1   ND=  47
   1     -0.2645156E-02 0.2950E-05 -0.2645156E-02 0.2950E-05  0.000    
   2     -0.2645483E-02 0.2953E-05 -0.2645319E-02 0.2087E-05 0.6146E-02
   3     -0.2647308E-02 0.2954E-05 -0.2645982E-02 0.1705E-05 0.1542    
   4     -0.2643130E-02 0.2954E-05 -0.2645271E-02 0.1476E-05 0.3358    
   5     -0.2641673E-02 0.2946E-05 -0.2644550E-02 0.1320E-05 0.5494    
   6     -0.2641370E-02 0.2945E-05 -0.2644019E-02 0.1205E-05 0.6335    
   7     -0.2642527E-02 0.2949E-05 -0.2643806E-02 0.1115E-05 0.5645    
   8     -0.2643683E-02 0.2946E-05 -0.2643791E-02 0.1043E-05 0.4841    
   9     -0.2642216E-02 0.2947E-05 -0.2643616E-02 0.9831E-06 0.4554    
  10     -0.2643880E-02 0.2953E-05 -0.2643642E-02 0.9328E-06 0.4056    
  11     -0.2646616E-02 0.2953E-05 -0.2643912E-02 0.8895E-06 0.4573    
  12     -0.2642961E-02 0.2953E-05 -0.2643833E-02 0.8517E-06 0.4244    
  13     -0.2646229E-02 0.2955E-05 -0.2644017E-02 0.8184E-06 0.4396    
  14     -0.2640067E-02 0.2944E-05 -0.2643735E-02 0.7885E-06 0.5341    
  15     -0.2641352E-02 0.2946E-05 -0.2643576E-02 0.7617E-06 0.5396    
  16     -0.2648849E-02 0.2957E-05 -0.2643905E-02 0.7376E-06 0.7030    
  17     -0.2641735E-02 0.2948E-05 -0.2643777E-02 0.7155E-06 0.6910    
  18     -0.2644244E-02 0.2952E-05 -0.2643803E-02 0.6954E-06 0.6517    
  19     -0.2643663E-02 0.2952E-05 -0.2643796E-02 0.6769E-06 0.6156    
  20     -0.2642399E-02 0.2951E-05 -0.2643726E-02 0.6597E-06 0.5945    
   
   
 ~~~~~~~~~~~~~~~~~~~~~~~~~~~~~~~~~~~~~~~~~~~~
     Calculating PlusB distribution
 ~~~~~~~~~~~~~~~~~~~~~~~~~~~~~~~~~~~~~~~~~~~~
   
 RM48 INITIALIZED:        40           0         0



 INPUT PARAMETERS FOR VEGAS:  NDIM=  4  NCALL=   74030112.
                              IT=    0  ITMX=   10
                              MDS= -1   ND=  39
   1     -0.2702454E-02 0.1114E-03 -0.2702454E-02 0.1114E-03  0.000    
   2     -0.2671428E-02 0.1216E-04 -0.2671801E-02 0.1215E-04 0.7747E-01
   3     -0.2651244E-02 0.1068E-04 -0.2660337E-02 0.8048E-05 0.8438    
   4     -0.2667143E-02 0.1014E-04 -0.2662957E-02 0.6307E-05 0.6553    
   5     -0.2665240E-02 0.1005E-04 -0.2663599E-02 0.5344E-05 0.5013    
   6     -0.2658956E-02 0.9998E-05 -0.2662575E-02 0.4714E-05 0.4350    
   7     -0.2701314E-02 0.1013E-04 -0.2669606E-02 0.4273E-05  2.397    
   8     -0.2672521E-02 0.1008E-04 -0.2670049E-02 0.3934E-05  2.065    
   9     -0.2667496E-02 0.1007E-04 -0.2669713E-02 0.3665E-05  1.815    
  10     -0.2660015E-02 0.1022E-04 -0.2668617E-02 0.3450E-05  1.703    



 INPUT PARAMETERS FOR VEGAS:  NDIM=  4  NCALL=  790508322.
                              IT=    0  ITMX=   20
                              MDS= -1   ND=  47
   1     -0.2667953E-02 0.2975E-05 -0.2667953E-02 0.2975E-05  0.000    
   2     -0.2666841E-02 0.2969E-05 -0.2667396E-02 0.2102E-05 0.7006E-01
   3     -0.2666363E-02 0.2969E-05 -0.2667051E-02 0.1715E-05 0.7541E-01
   4     -0.2665143E-02 0.2977E-05 -0.2666576E-02 0.1486E-05 0.1530    
   5     -0.2664860E-02 0.2972E-05 -0.2666233E-02 0.1329E-05 0.1814    
   6     -0.2665538E-02 0.2973E-05 -0.2666117E-02 0.1214E-05 0.1543    
   7     -0.2667141E-02 0.2977E-05 -0.2666263E-02 0.1124E-05 0.1455    
   8     -0.2664724E-02 0.2969E-05 -0.2666071E-02 0.1051E-05 0.1583    
   9     -0.2668088E-02 0.2970E-05 -0.2666295E-02 0.9908E-06 0.1898    
  10     -0.2666976E-02 0.2970E-05 -0.2666364E-02 0.9399E-06 0.1740    
  11     -0.2666286E-02 0.2971E-05 -0.2666357E-02 0.8961E-06 0.1566    
  12     -0.2665763E-02 0.2976E-05 -0.2666307E-02 0.8580E-06 0.1457    
  13     -0.2663615E-02 0.2974E-05 -0.2666101E-02 0.8244E-06 0.1965    
  14     -0.2669294E-02 0.2975E-05 -0.2666329E-02 0.7945E-06 0.2638    
  15     -0.2661319E-02 0.2973E-05 -0.2665996E-02 0.7675E-06 0.4337    
  16     -0.2670026E-02 0.2977E-05 -0.2666248E-02 0.7432E-06 0.5195    
  17     -0.2665388E-02 0.2975E-05 -0.2666198E-02 0.7211E-06 0.4920    
  18     -0.2664390E-02 0.2971E-05 -0.2666097E-02 0.7007E-06 0.4836    
  19     -0.2666220E-02 0.2971E-05 -0.2666104E-02 0.6820E-06 0.4568    
  20     -0.2665781E-02 0.2976E-05 -0.2666088E-02 0.6648E-06 0.4334    
   
   
 Integral Plus:   2.2361283901405678E-005 +-   0.0000000000000000     
 with chisq    =  0.43339773520319452     
  
  
  
    xq         Integral Plus                 error
    400      0.223612839014057E-04      0.132451968817703E-05
Thanks for using LHAPDF 6.5.4. Please make sure to cite the paper:
  Eur.Phys.J. C75 (2015) 3, 132  (http://arxiv.org/abs/1412.7420)
  
 Writing data in the file  ../summary/run2_01/PK_Plus2.dat                                                                     
  
LHAPDF 6.5.4 loading /home/niraj/1TB-Disc/Workspace-IITG/Packages/Install/LHAPDF-6.5.4/install/share/LHAPDF/MMHT2014nlo68cl/MMHT2014nlo68cl_0000.dat
MMHT2014nlo68cl PDF set, member #0, version 3; LHAPDF ID = 25100
   
   
 ~~~~~~~~~~~~~~~~~~~~~~~~~~~~~~~~~~~~~~~~~~~~
     Calculating P and K terms
 ~~~~~~~~~~~~~~~~~~~~~~~~~~~~~~~~~~~~~~~~~~~~
   
   
   
 ~~~~~~~~~~~~~~~~~~~~~~~~~~~~~~~~~~~~~~~~~~~~
     Calculating [+] distribution
 ~~~~~~~~~~~~~~~~~~~~~~~~~~~~~~~~~~~~~~~~~~~~
   
 ~~~~~~~~~~~~~~~~~~~~~~~~~~~~~~~~~~~~~~~~
using vegas points:                   8.E+07
         iteration:                   10
 ~~~~~~~~~~~~~~~~~~~~~~~~~~~~~~~~~~~~~~~~
  
 For xq =          700 
  
   
   
 ~~~~~~~~~~~~~~~~~~~~~~~~~~~~~~~~~~~~~~~~~~~~
     Calculating PlusA distribution
 ~~~~~~~~~~~~~~~~~~~~~~~~~~~~~~~~~~~~~~~~~~~~
   
 RM48 INITIALIZED:        40           0         0



 INPUT PARAMETERS FOR VEGAS:  NDIM=  4  NCALL=   74030112.
                              IT=    0  ITMX=   10
                              MDS= -1   ND=  39
   1     -0.7101569E-02 0.2336E-03 -0.7101569E-02 0.2336E-03  0.000    
   2     -0.6900425E-02 0.3998E-04 -0.6906479E-02 0.3996E-04 0.7398    
   3     -0.6921490E-02 0.3245E-04 -0.6915440E-02 0.2527E-04 0.4152    
   4     -0.6937356E-02 0.3183E-04 -0.6923858E-02 0.1980E-04 0.3741    
   5     -0.6977019E-02 0.3194E-04 -0.6938657E-02 0.1683E-04 0.7815    
   6     -0.6979001E-02 0.3193E-04 -0.6947448E-02 0.1489E-04 0.8752    
   7     -0.7000811E-02 0.3164E-04 -0.6957189E-02 0.1347E-04  1.119    
   8     -0.6926462E-02 0.3161E-04 -0.6952523E-02 0.1239E-04  1.074    
   9     -0.6967210E-02 0.3157E-04 -0.6954483E-02 0.1154E-04 0.9630    
  10     -0.6934202E-02 0.3176E-04 -0.6952140E-02 0.1084E-04 0.8965    



 INPUT PARAMETERS FOR VEGAS:  NDIM=  4  NCALL=  790508322.
                              IT=    0  ITMX=   20
                              MDS= -1   ND=  47
   1     -0.6941725E-02 0.9544E-05 -0.6941725E-02 0.9544E-05  0.000    
   2     -0.6944167E-02 0.9545E-05 -0.6942946E-02 0.6749E-05 0.3273E-01
   3     -0.6937457E-02 0.9541E-05 -0.6941118E-02 0.5510E-05 0.1266    
   4     -0.6932346E-02 0.9539E-05 -0.6938927E-02 0.4771E-05 0.2956    
   5     -0.6931914E-02 0.9538E-05 -0.6937526E-02 0.4267E-05 0.3297    
   6     -0.6935631E-02 0.9540E-05 -0.6937210E-02 0.3895E-05 0.2704    
   7     -0.6927680E-02 0.9525E-05 -0.6935848E-02 0.3605E-05 0.3681    
   8     -0.6940266E-02 0.9548E-05 -0.6936400E-02 0.3373E-05 0.3422    
   9     -0.6918267E-02 0.9529E-05 -0.6934390E-02 0.3180E-05 0.7003    
  10     -0.6947049E-02 0.9555E-05 -0.6935657E-02 0.3017E-05 0.7984    
  11     -0.6945094E-02 0.9556E-05 -0.6936514E-02 0.2877E-05 0.8072    
  12     -0.6938200E-02 0.9535E-05 -0.6936655E-02 0.2754E-05 0.7364    
  13     -0.6934101E-02 0.9533E-05 -0.6936458E-02 0.2646E-05 0.6806    
  14     -0.6929437E-02 0.9536E-05 -0.6935957E-02 0.2550E-05 0.6670    
  15     -0.6947260E-02 0.9550E-05 -0.6936712E-02 0.2463E-05 0.7129    
  16     -0.6932242E-02 0.9539E-05 -0.6936433E-02 0.2385E-05 0.6791    
  17     -0.6928519E-02 0.9525E-05 -0.6935967E-02 0.2314E-05 0.6773    
  18     -0.6935531E-02 0.9531E-05 -0.6935942E-02 0.2248E-05 0.6376    
  19     -0.6936167E-02 0.9532E-05 -0.6935954E-02 0.2188E-05 0.6022    
  20     -0.6949899E-02 0.9555E-05 -0.6936652E-02 0.2133E-05 0.6773    
   
   
 ~~~~~~~~~~~~~~~~~~~~~~~~~~~~~~~~~~~~~~~~~~~~
     Calculating PlusB distribution
 ~~~~~~~~~~~~~~~~~~~~~~~~~~~~~~~~~~~~~~~~~~~~
   
 RM48 INITIALIZED:        40           0         0



 INPUT PARAMETERS FOR VEGAS:  NDIM=  4  NCALL=   74030112.
                              IT=    0  ITMX=   10
                              MDS= -1   ND=  39
   1     -0.7192238E-02 0.2333E-03 -0.7192238E-02 0.2333E-03  0.000    
   2     -0.7003141E-02 0.4029E-04 -0.7008910E-02 0.4021E-04 0.6541    
   3     -0.7047912E-02 0.3382E-04 -0.7031620E-02 0.2593E-04 0.6038    
   4     -0.6999998E-02 0.3249E-04 -0.7019490E-02 0.2030E-04 0.5961    
   5     -0.7021851E-02 0.3239E-04 -0.7020150E-02 0.1721E-04 0.4491    
   6     -0.7005705E-02 0.3202E-04 -0.7016948E-02 0.1516E-04 0.3914    
   7     -0.7054689E-02 0.3257E-04 -0.7023685E-02 0.1375E-04 0.5102    
   8     -0.7012224E-02 0.3224E-04 -0.7021936E-02 0.1265E-04 0.4531    
   9     -0.6974989E-02 0.3213E-04 -0.7015743E-02 0.1177E-04 0.6250    
  10     -0.7015115E-02 0.3236E-04 -0.7015670E-02 0.1106E-04 0.5559    



 INPUT PARAMETERS FOR VEGAS:  NDIM=  4  NCALL=  790508322.
                              IT=    0  ITMX=   20
                              MDS= -1   ND=  47
   1     -0.6999972E-02 0.9696E-05 -0.6999972E-02 0.9696E-05  0.000    
   2     -0.7026279E-02 0.9722E-05 -0.7013141E-02 0.6865E-05  3.671    
   3     -0.7021450E-02 0.9706E-05 -0.7015916E-02 0.5605E-05  2.078    
   4     -0.6998995E-02 0.9690E-05 -0.7011690E-02 0.4852E-05  2.147    
   5     -0.7005185E-02 0.9699E-05 -0.7010390E-02 0.4339E-05  1.701    
   6     -0.7017845E-02 0.9706E-05 -0.7011634E-02 0.3961E-05  1.459    
   7     -0.7024719E-02 0.9715E-05 -0.7013505E-02 0.3668E-05  1.475    
   8     -0.7012166E-02 0.9701E-05 -0.7013338E-02 0.3431E-05  1.267    
   9     -0.7008401E-02 0.9703E-05 -0.7012790E-02 0.3235E-05  1.137    
  10     -0.7032715E-02 0.9718E-05 -0.7014787E-02 0.3069E-05  1.433    
  11     -0.7025533E-02 0.9703E-05 -0.7015767E-02 0.2926E-05  1.401    
  12     -0.7002258E-02 0.9702E-05 -0.7014645E-02 0.2802E-05  1.435    
  13     -0.7013665E-02 0.9703E-05 -0.7014570E-02 0.2692E-05  1.316    
  14     -0.7006256E-02 0.9697E-05 -0.7013976E-02 0.2594E-05  1.267    
  15     -0.7005071E-02 0.9717E-05 -0.7013385E-02 0.2506E-05  1.233    
  16     -0.7028254E-02 0.9720E-05 -0.7014316E-02 0.2427E-05  1.297    
  17     -0.7010452E-02 0.9710E-05 -0.7014089E-02 0.2354E-05  1.226    
  18     -0.7029144E-02 0.9725E-05 -0.7014925E-02 0.2288E-05  1.287    
  19     -0.7018375E-02 0.9711E-05 -0.7015107E-02 0.2227E-05  1.222    
  20     -0.7020699E-02 0.9695E-05 -0.7015388E-02 0.2171E-05  1.174    
   
   
 Integral Plus:   7.8735866504103628E-005 +-   0.0000000000000000     
 with chisq    =   1.1742484111909357     
  
  
  
    xq         Integral Plus                 error
    700      0.787358665041036E-04      0.430371358453702E-05
Thanks for using LHAPDF 6.5.4. Please make sure to cite the paper:
  Eur.Phys.J. C75 (2015) 3, 132  (http://arxiv.org/abs/1412.7420)
  
 Writing data in the file  ../summary/run2_01/PK_Plus3.dat                                                                     
  
LHAPDF 6.5.4 loading /home/niraj/1TB-Disc/Workspace-IITG/Packages/Install/LHAPDF-6.5.4/install/share/LHAPDF/MMHT2014nlo68cl/MMHT2014nlo68cl_0000.dat
MMHT2014nlo68cl PDF set, member #0, version 3; LHAPDF ID = 25100
   
   
 ~~~~~~~~~~~~~~~~~~~~~~~~~~~~~~~~~~~~~~~~~~~~
     Calculating P and K terms
 ~~~~~~~~~~~~~~~~~~~~~~~~~~~~~~~~~~~~~~~~~~~~
   
   
   
 ~~~~~~~~~~~~~~~~~~~~~~~~~~~~~~~~~~~~~~~~~~~~
     Calculating [+] distribution
 ~~~~~~~~~~~~~~~~~~~~~~~~~~~~~~~~~~~~~~~~~~~~
   
 ~~~~~~~~~~~~~~~~~~~~~~~~~~~~~~~~~~~~~~~~
using vegas points:                   8.E+07
         iteration:                   10
 ~~~~~~~~~~~~~~~~~~~~~~~~~~~~~~~~~~~~~~~~
  
 For xq =         1000 
  
   
   
 ~~~~~~~~~~~~~~~~~~~~~~~~~~~~~~~~~~~~~~~~~~~~
     Calculating PlusA distribution
 ~~~~~~~~~~~~~~~~~~~~~~~~~~~~~~~~~~~~~~~~~~~~
   
 RM48 INITIALIZED:        40           0         0



 INPUT PARAMETERS FOR VEGAS:  NDIM=  4  NCALL=   74030112.
                              IT=    0  ITMX=   10
                              MDS= -1   ND=  39
   1     -0.1049089E-01 0.3148E-03 -0.1049089E-01 0.3148E-03  0.000    
   2     -0.1061960E-01 0.6730E-04 -0.1061410E-01 0.6545E-04 0.1581    
   3     -0.1047376E-01 0.5500E-04 -0.1053238E-01 0.4219E-04  1.425    
   4     -0.1055255E-01 0.5387E-04 -0.1054007E-01 0.3321E-04 0.9781    
   5     -0.1055790E-01 0.5367E-04 -0.1054502E-01 0.2823E-04 0.7529    
   6     -0.1052219E-01 0.5337E-04 -0.1054004E-01 0.2496E-04 0.6312    
   7     -0.1044721E-01 0.5336E-04 -0.1052361E-01 0.2262E-04 0.9363    
   8     -0.1054056E-01 0.5358E-04 -0.1052618E-01 0.2083E-04 0.8144    
   9     -0.1063760E-01 0.5413E-04 -0.1054082E-01 0.1944E-04  1.180    
  10     -0.1052486E-01 0.5387E-04 -0.1053899E-01 0.1829E-04  1.057    



 INPUT PARAMETERS FOR VEGAS:  NDIM=  4  NCALL=  790508322.
                              IT=    0  ITMX=   20
                              MDS= -1   ND=  47
   1     -0.1054101E-01 0.1618E-04 -0.1054101E-01 0.1618E-04  0.000    
   2     -0.1053674E-01 0.1621E-04 -0.1053888E-01 0.1145E-04 0.3473E-01
   3     -0.1054558E-01 0.1622E-04 -0.1054112E-01 0.9355E-05 0.7434E-01
   4     -0.1051913E-01 0.1619E-04 -0.1053563E-01 0.8100E-05 0.5094    
   5     -0.1053305E-01 0.1621E-04 -0.1053512E-01 0.7245E-05 0.3872    
   6     -0.1051739E-01 0.1622E-04 -0.1053218E-01 0.6615E-05 0.5084    
   7     -0.1054620E-01 0.1623E-04 -0.1053418E-01 0.6126E-05 0.5305    
   8     -0.1052960E-01 0.1619E-04 -0.1053361E-01 0.5730E-05 0.4647    
   9     -0.1054644E-01 0.1623E-04 -0.1053503E-01 0.5403E-05 0.4762    
  10     -0.1051643E-01 0.1619E-04 -0.1053317E-01 0.5125E-05 0.5550    
  11     -0.1053113E-01 0.1620E-04 -0.1053299E-01 0.4886E-05 0.5010    
  12     -0.1053401E-01 0.1619E-04 -0.1053307E-01 0.4678E-05 0.4558    
  13     -0.1055395E-01 0.1624E-04 -0.1053468E-01 0.4495E-05 0.5453    
  14     -0.1052269E-01 0.1620E-04 -0.1053382E-01 0.4331E-05 0.5425    
  15     -0.1052885E-01 0.1617E-04 -0.1053349E-01 0.4184E-05 0.5101    
  16     -0.1056024E-01 0.1621E-04 -0.1053517E-01 0.4051E-05 0.6469    
  17     -0.1053527E-01 0.1620E-04 -0.1053518E-01 0.3930E-05 0.6065    
  18     -0.1058097E-01 0.1625E-04 -0.1053773E-01 0.3820E-05  1.015    
  19     -0.1054902E-01 0.1622E-04 -0.1053832E-01 0.3718E-05 0.9842    
  20     -0.1055931E-01 0.1623E-04 -0.1053937E-01 0.3624E-05  1.016    
   
   
 ~~~~~~~~~~~~~~~~~~~~~~~~~~~~~~~~~~~~~~~~~~~~
     Calculating PlusB distribution
 ~~~~~~~~~~~~~~~~~~~~~~~~~~~~~~~~~~~~~~~~~~~~
   
 RM48 INITIALIZED:        40           0         0



 INPUT PARAMETERS FOR VEGAS:  NDIM=  4  NCALL=   74030112.
                              IT=    0  ITMX=   10
                              MDS= -1   ND=  39
   1     -0.1047184E-01 0.3161E-03 -0.1047184E-01 0.3161E-03  0.000    
   2     -0.1063158E-01 0.6828E-04 -0.1062467E-01 0.6628E-04 0.2407    
   3     -0.1067815E-01 0.5641E-04 -0.1065599E-01 0.4283E-04 0.3085    
   4     -0.1066676E-01 0.5522E-04 -0.1066007E-01 0.3382E-04 0.2129    
   5     -0.1082101E-01 0.5548E-04 -0.1070492E-01 0.2883E-04  1.724    
   6     -0.1062954E-01 0.5409E-04 -0.1068830E-01 0.2545E-04  1.682    
   7     -0.1074932E-01 0.5496E-04 -0.1069924E-01 0.2309E-04  1.569    
   8     -0.1061412E-01 0.5424E-04 -0.1068629E-01 0.2124E-04  1.642    
   9     -0.1065148E-01 0.5433E-04 -0.1068168E-01 0.1979E-04  1.482    
  10     -0.1066932E-01 0.5483E-04 -0.1068025E-01 0.1861E-04  1.322    



 INPUT PARAMETERS FOR VEGAS:  NDIM=  4  NCALL=  790508322.
                              IT=    0  ITMX=   20
                              MDS= -1   ND=  47
   1     -0.1068468E-01 0.1666E-04 -0.1068468E-01 0.1666E-04  0.000    
   2     -0.1066023E-01 0.1662E-04 -0.1067245E-01 0.1177E-04  1.079    
   3     -0.1068646E-01 0.1666E-04 -0.1067712E-01 0.9611E-05 0.7754    
   4     -0.1068665E-01 0.1666E-04 -0.1067951E-01 0.8325E-05 0.5985    
   5     -0.1068547E-01 0.1663E-04 -0.1068070E-01 0.7445E-05 0.4745    
   6     -0.1070051E-01 0.1665E-04 -0.1068401E-01 0.6796E-05 0.6160    
   7     -0.1068656E-01 0.1666E-04 -0.1068438E-01 0.6293E-05 0.5166    
   8     -0.1069217E-01 0.1666E-04 -0.1068535E-01 0.5887E-05 0.4701    
   9     -0.1065430E-01 0.1662E-04 -0.1068191E-01 0.5549E-05 0.7976    
  10     -0.1070610E-01 0.1667E-04 -0.1068433E-01 0.5265E-05 0.9202    
  11     -0.1068882E-01 0.1668E-04 -0.1068474E-01 0.5021E-05 0.8347    
  12     -0.1070294E-01 0.1666E-04 -0.1068626E-01 0.4807E-05 0.8583    
  13     -0.1068606E-01 0.1668E-04 -0.1068624E-01 0.4619E-05 0.7868    
  14     -0.1071195E-01 0.1671E-04 -0.1068808E-01 0.4452E-05 0.8958    
  15     -0.1068055E-01 0.1662E-04 -0.1068757E-01 0.4300E-05 0.8456    
  16     -0.1069251E-01 0.1668E-04 -0.1068788E-01 0.4164E-05 0.7947    
  17     -0.1070108E-01 0.1667E-04 -0.1068866E-01 0.4040E-05 0.7818    
  18     -0.1070290E-01 0.1667E-04 -0.1068945E-01 0.3926E-05 0.7764    
  19     -0.1070839E-01 0.1670E-04 -0.1069045E-01 0.3822E-05 0.8011    
  20     -0.1069928E-01 0.1665E-04 -0.1069089E-01 0.3725E-05 0.7730    
   
   
 Integral Plus:   1.5151708017399623E-004 +-   0.0000000000000000     
 with chisq    =  0.77297375417263647     
  
  
  
    xq         Integral Plus                 error
   1000      0.151517080173996E-03      0.734960529382363E-05
Thanks for using LHAPDF 6.5.4. Please make sure to cite the paper:
  Eur.Phys.J. C75 (2015) 3, 132  (http://arxiv.org/abs/1412.7420)
  
 Writing data in the file  ../summary/run2_01/PK_Plus4.dat                                                                     
  
LHAPDF 6.5.4 loading /home/niraj/1TB-Disc/Workspace-IITG/Packages/Install/LHAPDF-6.5.4/install/share/LHAPDF/MMHT2014nlo68cl/MMHT2014nlo68cl_0000.dat
MMHT2014nlo68cl PDF set, member #0, version 3; LHAPDF ID = 25100
   
   
 ~~~~~~~~~~~~~~~~~~~~~~~~~~~~~~~~~~~~~~~~~~~~
     Calculating P and K terms
 ~~~~~~~~~~~~~~~~~~~~~~~~~~~~~~~~~~~~~~~~~~~~
   
   
   
 ~~~~~~~~~~~~~~~~~~~~~~~~~~~~~~~~~~~~~~~~~~~~
     Calculating [+] distribution
 ~~~~~~~~~~~~~~~~~~~~~~~~~~~~~~~~~~~~~~~~~~~~
   
 ~~~~~~~~~~~~~~~~~~~~~~~~~~~~~~~~~~~~~~~~
using vegas points:                   8.E+07
         iteration:                   10
 ~~~~~~~~~~~~~~~~~~~~~~~~~~~~~~~~~~~~~~~~
  
 For xq =         1300 
  
   
   
 ~~~~~~~~~~~~~~~~~~~~~~~~~~~~~~~~~~~~~~~~~~~~
     Calculating PlusA distribution
 ~~~~~~~~~~~~~~~~~~~~~~~~~~~~~~~~~~~~~~~~~~~~
   
 RM48 INITIALIZED:        40           0         0



 INPUT PARAMETERS FOR VEGAS:  NDIM=  4  NCALL=   74030112.
                              IT=    0  ITMX=   10
                              MDS= -1   ND=  39
   1     -0.1288459E-01 0.3624E-03 -0.1288459E-01 0.3624E-03  0.000    
   2     -0.1299225E-01 0.8551E-04 -0.1298666E-01 0.8292E-04 0.8298E-01
   3     -0.1293505E-01 0.7247E-04 -0.1295741E-01 0.5457E-04 0.1513    
   4     -0.1291763E-01 0.7151E-04 -0.1294280E-01 0.4339E-04 0.1661    
   5     -0.1291905E-01 0.7049E-04 -0.1293628E-01 0.3695E-04 0.1452    
   6     -0.1278682E-01 0.6978E-04 -0.1290411E-01 0.3268E-04 0.8235    
   7     -0.1286610E-01 0.7074E-04 -0.1289746E-01 0.2967E-04 0.7263    
   8     -0.1285758E-01 0.7046E-04 -0.1289149E-01 0.2734E-04 0.6618    
   9     -0.1271374E-01 0.6938E-04 -0.1286817E-01 0.2545E-04  1.276    
  10     -0.1287844E-01 0.7117E-04 -0.1286933E-01 0.2396E-04  1.136    



 INPUT PARAMETERS FOR VEGAS:  NDIM=  4  NCALL=  790508322.
                              IT=    0  ITMX=   20
                              MDS= -1   ND=  47
   1     -0.1290419E-01 0.2138E-04 -0.1290419E-01 0.2138E-04  0.000    
   2     -0.1288396E-01 0.2135E-04 -0.1289408E-01 0.1511E-04 0.4482    
   3     -0.1285872E-01 0.2136E-04 -0.1288233E-01 0.1233E-04  1.136    
   4     -0.1284881E-01 0.2132E-04 -0.1287396E-01 0.1068E-04  1.374    
   5     -0.1287172E-01 0.2132E-04 -0.1287351E-01 0.9547E-05  1.032    
   6     -0.1289365E-01 0.2138E-04 -0.1287687E-01 0.8717E-05 0.9739    
   7     -0.1289408E-01 0.2136E-04 -0.1287933E-01 0.8071E-05 0.9043    
   8     -0.1288567E-01 0.2139E-04 -0.1288012E-01 0.7551E-05 0.7860    
   9     -0.1289379E-01 0.2135E-04 -0.1288164E-01 0.7119E-05 0.7332    
  10     -0.1287969E-01 0.2135E-04 -0.1288145E-01 0.6754E-05 0.6526    
  11     -0.1288795E-01 0.2135E-04 -0.1288204E-01 0.6439E-05 0.5957    
  12     -0.1286411E-01 0.2136E-04 -0.1288055E-01 0.6165E-05 0.6002    
  13     -0.1284008E-01 0.2134E-04 -0.1287745E-01 0.5923E-05 0.8257    
  14     -0.1290384E-01 0.2138E-04 -0.1287934E-01 0.5708E-05 0.8712    
  15     -0.1285275E-01 0.2135E-04 -0.1287757E-01 0.5514E-05 0.9122    
  16     -0.1287580E-01 0.2136E-04 -0.1287746E-01 0.5339E-05 0.8518    
  17     -0.1285343E-01 0.2134E-04 -0.1287605E-01 0.5180E-05 0.8731    
  18     -0.1289689E-01 0.2139E-04 -0.1287721E-01 0.5034E-05 0.8745    
  19     -0.1285290E-01 0.2133E-04 -0.1287593E-01 0.4899E-05 0.8942    
  20     -0.1283335E-01 0.2133E-04 -0.1287381E-01 0.4775E-05  1.045    
   
   
 ~~~~~~~~~~~~~~~~~~~~~~~~~~~~~~~~~~~~~~~~~~~~
     Calculating PlusB distribution
 ~~~~~~~~~~~~~~~~~~~~~~~~~~~~~~~~~~~~~~~~~~~~
   
 RM48 INITIALIZED:        40           0         0



 INPUT PARAMETERS FOR VEGAS:  NDIM=  4  NCALL=   74030112.
                              IT=    0  ITMX=   10
                              MDS= -1   ND=  39
   1     -0.1309390E-01 0.3629E-03 -0.1309390E-01 0.3629E-03  0.000    
   2     -0.1310262E-01 0.8801E-04 -0.1310214E-01 0.8550E-04 0.5453E-03
   3     -0.1314377E-01 0.7450E-04 -0.1312587E-01 0.5612E-04 0.6771E-01
   4     -0.1308865E-01 0.7334E-04 -0.1311216E-01 0.4458E-04 0.9925E-01
   5     -0.1313745E-01 0.7247E-04 -0.1311912E-01 0.3796E-04 0.9651E-01
   6     -0.1305654E-01 0.7186E-04 -0.1310556E-01 0.3358E-04 0.1953    
   7     -0.1305138E-01 0.7199E-04 -0.1309594E-01 0.3043E-04 0.2400    
   8     -0.1321186E-01 0.7245E-04 -0.1311359E-01 0.2805E-04 0.5201    
   9     -0.1315267E-01 0.7303E-04 -0.1311864E-01 0.2619E-04 0.4861    
  10     -0.1311133E-01 0.7262E-04 -0.1311780E-01 0.2463E-04 0.4331    



 INPUT PARAMETERS FOR VEGAS:  NDIM=  4  NCALL=  790508322.
                              IT=    0  ITMX=   20
                              MDS= -1   ND=  47
   1     -0.1304999E-01 0.2194E-04 -0.1304999E-01 0.2194E-04  0.000    
   2     -0.1308424E-01 0.2202E-04 -0.1306710E-01 0.1554E-04  1.214    
   3     -0.1307143E-01 0.2201E-04 -0.1306854E-01 0.1270E-04 0.6198    
   4     -0.1309376E-01 0.2201E-04 -0.1307486E-01 0.1100E-04 0.7416    
   5     -0.1306943E-01 0.2200E-04 -0.1307377E-01 0.9837E-05 0.5685    
   6     -0.1307536E-01 0.2199E-04 -0.1307404E-01 0.8979E-05 0.4556    
   7     -0.1307323E-01 0.2198E-04 -0.1307392E-01 0.8312E-05 0.3799    
   8     -0.1305669E-01 0.2197E-04 -0.1307177E-01 0.7774E-05 0.4024    
   9     -0.1303467E-01 0.2196E-04 -0.1306766E-01 0.7329E-05 0.6678    
  10     -0.1305397E-01 0.2198E-04 -0.1306629E-01 0.6953E-05 0.6324    
  11     -0.1306237E-01 0.2197E-04 -0.1306594E-01 0.6628E-05 0.5721    
  12     -0.1310211E-01 0.2201E-04 -0.1306896E-01 0.6347E-05 0.7462    
  13     -0.1306230E-01 0.2202E-04 -0.1306845E-01 0.6099E-05 0.6911    
  14     -0.1308060E-01 0.2198E-04 -0.1306932E-01 0.5877E-05 0.6597    
  15     -0.1308148E-01 0.2203E-04 -0.1307013E-01 0.5678E-05 0.6328    
  16     -0.1306385E-01 0.2197E-04 -0.1306974E-01 0.5497E-05 0.5958    
  17     -0.1306985E-01 0.2197E-04 -0.1306974E-01 0.5333E-05 0.5585    
  18     -0.1309313E-01 0.2202E-04 -0.1307104E-01 0.5183E-05 0.5884    
  19     -0.1306897E-01 0.2202E-04 -0.1307093E-01 0.5045E-05 0.5562    
  20     -0.1306843E-01 0.2199E-04 -0.1307081E-01 0.4918E-05 0.5276    
   
   
 Integral Plus:   1.9699969493287665E-004 +-   0.0000000000000000     
 with chisq    =  0.52760130265650529     
  
  
  
    xq         Integral Plus                 error
   1300      0.196999694932877E-03      0.969271143176616E-05
Thanks for using LHAPDF 6.5.4. Please make sure to cite the paper:
  Eur.Phys.J. C75 (2015) 3, 132  (http://arxiv.org/abs/1412.7420)
  
 Writing data in the file  ../summary/run2_01/PK_Plus5.dat                                                                     
  
LHAPDF 6.5.4 loading /home/niraj/1TB-Disc/Workspace-IITG/Packages/Install/LHAPDF-6.5.4/install/share/LHAPDF/MMHT2014nlo68cl/MMHT2014nlo68cl_0000.dat
MMHT2014nlo68cl PDF set, member #0, version 3; LHAPDF ID = 25100
   
   
 ~~~~~~~~~~~~~~~~~~~~~~~~~~~~~~~~~~~~~~~~~~~~
     Calculating P and K terms
 ~~~~~~~~~~~~~~~~~~~~~~~~~~~~~~~~~~~~~~~~~~~~
   
   
   
 ~~~~~~~~~~~~~~~~~~~~~~~~~~~~~~~~~~~~~~~~~~~~
     Calculating [+] distribution
 ~~~~~~~~~~~~~~~~~~~~~~~~~~~~~~~~~~~~~~~~~~~~
   
 ~~~~~~~~~~~~~~~~~~~~~~~~~~~~~~~~~~~~~~~~
using vegas points:                   8.E+07
         iteration:                   10
 ~~~~~~~~~~~~~~~~~~~~~~~~~~~~~~~~~~~~~~~~
  
 For xq =         1600 
  
   
   
 ~~~~~~~~~~~~~~~~~~~~~~~~~~~~~~~~~~~~~~~~~~~~
     Calculating PlusA distribution
 ~~~~~~~~~~~~~~~~~~~~~~~~~~~~~~~~~~~~~~~~~~~~
   
 RM48 INITIALIZED:        40           0         0



 INPUT PARAMETERS FOR VEGAS:  NDIM=  4  NCALL=   74030112.
                              IT=    0  ITMX=   10
                              MDS= -1   ND=  39
   1     -0.1352485E-01 0.3631E-03 -0.1352485E-01 0.3631E-03  0.000    
   2     -0.1424864E-01 0.9692E-04 -0.1420498E-01 0.9160E-04  3.538    
   3     -0.1427921E-01 0.8381E-04 -0.1424639E-01 0.6148E-04  1.916    
   4     -0.1436483E-01 0.8324E-04 -0.1428951E-01 0.4933E-04  1.707    
   5     -0.1416445E-01 0.8138E-04 -0.1425571E-01 0.4217E-04  1.712    
   6     -0.1427464E-01 0.8188E-04 -0.1425975E-01 0.3747E-04  1.373    
   7     -0.1436866E-01 0.8243E-04 -0.1427889E-01 0.3410E-04  1.385    
   8     -0.1417119E-01 0.8134E-04 -0.1426280E-01 0.3145E-04  1.400    
   9     -0.1426227E-01 0.8190E-04 -0.1426273E-01 0.2935E-04  1.224    
  10     -0.1416460E-01 0.8242E-04 -0.1425172E-01 0.2765E-04  1.227    



 INPUT PARAMETERS FOR VEGAS:  NDIM=  4  NCALL=  790508322.
                              IT=    0  ITMX=   20
                              MDS= -1   ND=  47
   1     -0.1421538E-01 0.2481E-04 -0.1421538E-01 0.2481E-04  0.000    
   2     -0.1420064E-01 0.2481E-04 -0.1420802E-01 0.1754E-04 0.1763    
   3     -0.1421186E-01 0.2484E-04 -0.1420930E-01 0.1433E-04 0.9613E-01
   4     -0.1423903E-01 0.2484E-04 -0.1421675E-01 0.1241E-04 0.4232    
   5     -0.1417756E-01 0.2474E-04 -0.1420890E-01 0.1109E-04 0.8171    
   6     -0.1419011E-01 0.2480E-04 -0.1420578E-01 0.1013E-04 0.7495    
   7     -0.1417214E-01 0.2478E-04 -0.1420098E-01 0.9374E-05 0.8873    
   8     -0.1421174E-01 0.2480E-04 -0.1420233E-01 0.8769E-05 0.7840    
   9     -0.1420983E-01 0.2484E-04 -0.1420316E-01 0.8268E-05 0.6960    
  10     -0.1415849E-01 0.2476E-04 -0.1419870E-01 0.7843E-05 0.9428    
  11     -0.1421623E-01 0.2483E-04 -0.1420030E-01 0.7479E-05 0.8937    
  12     -0.1421788E-01 0.2483E-04 -0.1420176E-01 0.7161E-05 0.8542    
  13     -0.1417442E-01 0.2482E-04 -0.1419967E-01 0.6880E-05 0.8762    
  14     -0.1420438E-01 0.2480E-04 -0.1420001E-01 0.6630E-05 0.8113    
  15     -0.1417588E-01 0.2480E-04 -0.1419840E-01 0.6405E-05 0.8165    
  16     -0.1419749E-01 0.2481E-04 -0.1419835E-01 0.6201E-05 0.7622    
  17     -0.1418918E-01 0.2478E-04 -0.1419781E-01 0.6016E-05 0.7226    
  18     -0.1420272E-01 0.2480E-04 -0.1419808E-01 0.5846E-05 0.6823    
  19     -0.1419688E-01 0.2481E-04 -0.1419802E-01 0.5690E-05 0.6445    
  20     -0.1420228E-01 0.2482E-04 -0.1419823E-01 0.5546E-05 0.6120    
   
   
 ~~~~~~~~~~~~~~~~~~~~~~~~~~~~~~~~~~~~~~~~~~~~
     Calculating PlusB distribution
 ~~~~~~~~~~~~~~~~~~~~~~~~~~~~~~~~~~~~~~~~~~~~
   
 RM48 INITIALIZED:        40           0         0



 INPUT PARAMETERS FOR VEGAS:  NDIM=  4  NCALL=   74030112.
                              IT=    0  ITMX=   10
                              MDS= -1   ND=  39
   1     -0.1388879E-01 0.3644E-03 -0.1388879E-01 0.3644E-03  0.000    
   2     -0.1450004E-01 0.9970E-04 -0.1446076E-01 0.9443E-04  2.520    
   3     -0.1444261E-01 0.8574E-04 -0.1445066E-01 0.6324E-04  1.256    
   4     -0.1444143E-01 0.8406E-04 -0.1444728E-01 0.5047E-04 0.8349    
   5     -0.1432999E-01 0.8306E-04 -0.1441561E-01 0.4313E-04 0.9903    
   6     -0.1446576E-01 0.8392E-04 -0.1442626E-01 0.3835E-04 0.8468    
   7     -0.1450901E-01 0.8375E-04 -0.1444087E-01 0.3485E-04 0.8400    
   8     -0.1455710E-01 0.8388E-04 -0.1445836E-01 0.3218E-04 0.9560    
   9     -0.1448721E-01 0.8399E-04 -0.1446210E-01 0.3004E-04 0.8483    
  10     -0.1437405E-01 0.8386E-04 -0.1445212E-01 0.2828E-04 0.8625    



 INPUT PARAMETERS FOR VEGAS:  NDIM=  4  NCALL=  790508322.
                              IT=    0  ITMX=   20
                              MDS= -1   ND=  47
   1     -0.1447522E-01 0.2557E-04 -0.1447522E-01 0.2557E-04  0.000    
   2     -0.1449294E-01 0.2561E-04 -0.1448407E-01 0.1809E-04 0.2399    
   3     -0.1446992E-01 0.2560E-04 -0.1447937E-01 0.1478E-04 0.2218    
   4     -0.1443056E-01 0.2550E-04 -0.1446716E-01 0.1279E-04  1.059    
   5     -0.1445329E-01 0.2557E-04 -0.1446439E-01 0.1144E-04 0.8534    
   6     -0.1444473E-01 0.2557E-04 -0.1446112E-01 0.1044E-04 0.7814    
   7     -0.1444469E-01 0.2556E-04 -0.1445878E-01 0.9664E-05 0.7103    
   8     -0.1445432E-01 0.2556E-04 -0.1445822E-01 0.9039E-05 0.6127    
   9     -0.1442776E-01 0.2556E-04 -0.1445485E-01 0.8522E-05 0.6936    
  10     -0.1442714E-01 0.2553E-04 -0.1445208E-01 0.8084E-05 0.7342    
  11     -0.1444001E-01 0.2553E-04 -0.1445098E-01 0.7707E-05 0.6811    
  12     -0.1445575E-01 0.2560E-04 -0.1445138E-01 0.7379E-05 0.6221    
  13     -0.1444230E-01 0.2554E-04 -0.1445068E-01 0.7089E-05 0.5800    
  14     -0.1448680E-01 0.2563E-04 -0.1445326E-01 0.6833E-05 0.6778    
  15     -0.1443714E-01 0.2555E-04 -0.1445219E-01 0.6601E-05 0.6559    
  16     -0.1445496E-01 0.2552E-04 -0.1445236E-01 0.6391E-05 0.6129    
  17     -0.1445451E-01 0.2560E-04 -0.1445249E-01 0.6200E-05 0.5750    
  18     -0.1449913E-01 0.2565E-04 -0.1445508E-01 0.6027E-05 0.7258    
  19     -0.1447666E-01 0.2567E-04 -0.1445621E-01 0.5867E-05 0.7227    
  20     -0.1446193E-01 0.2558E-04 -0.1445649E-01 0.5719E-05 0.6871    
   
   
 Integral Plus:   2.5826334565843059E-004 +-   0.0000000000000000     
 with chisq    =  0.68714324799500781     
  
  
  
    xq         Integral Plus                 error
   1600      0.258263345658431E-03      0.112651801717880E-04
Thanks for using LHAPDF 6.5.4. Please make sure to cite the paper:
  Eur.Phys.J. C75 (2015) 3, 132  (http://arxiv.org/abs/1412.7420)
  
 Writing data in the file  ../summary/run2_01/PK_Plus6.dat                                                                     
  
LHAPDF 6.5.4 loading /home/niraj/1TB-Disc/Workspace-IITG/Packages/Install/LHAPDF-6.5.4/install/share/LHAPDF/MMHT2014nlo68cl/MMHT2014nlo68cl_0000.dat
MMHT2014nlo68cl PDF set, member #0, version 3; LHAPDF ID = 25100
   
   
 ~~~~~~~~~~~~~~~~~~~~~~~~~~~~~~~~~~~~~~~~~~~~
     Calculating P and K terms
 ~~~~~~~~~~~~~~~~~~~~~~~~~~~~~~~~~~~~~~~~~~~~
   
   
   
 ~~~~~~~~~~~~~~~~~~~~~~~~~~~~~~~~~~~~~~~~~~~~
     Calculating [+] distribution
 ~~~~~~~~~~~~~~~~~~~~~~~~~~~~~~~~~~~~~~~~~~~~
   
 ~~~~~~~~~~~~~~~~~~~~~~~~~~~~~~~~~~~~~~~~
using vegas points:                   8.E+07
         iteration:                   10
 ~~~~~~~~~~~~~~~~~~~~~~~~~~~~~~~~~~~~~~~~
  
 For xq =         1900 
  
   
   
 ~~~~~~~~~~~~~~~~~~~~~~~~~~~~~~~~~~~~~~~~~~~~
     Calculating PlusA distribution
 ~~~~~~~~~~~~~~~~~~~~~~~~~~~~~~~~~~~~~~~~~~~~
   
 RM48 INITIALIZED:        40           0         0



 INPUT PARAMETERS FOR VEGAS:  NDIM=  4  NCALL=   74030112.
                              IT=    0  ITMX=   10
                              MDS= -1   ND=  39
   1     -0.1461535E-01 0.3726E-03 -0.1461535E-01 0.3726E-03  0.000    
   2     -0.1510045E-01 0.1049E-03 -0.1506691E-01 0.9961E-04  1.526    
   3     -0.1524595E-01 0.9241E-04 -0.1516541E-01 0.6739E-04  1.623    
   4     -0.1512211E-01 0.9134E-04 -0.1514997E-01 0.5418E-04  1.126    
   5     -0.1514585E-01 0.9101E-04 -0.1514888E-01 0.4653E-04 0.8424    
   6     -0.1530068E-01 0.9171E-04 -0.1518079E-01 0.4147E-04  1.115    
   7     -0.1498791E-01 0.8997E-04 -0.1514737E-01 0.3767E-04  1.557    
   8     -0.1516022E-01 0.9075E-04 -0.1514928E-01 0.3479E-04  1.335    
   9     -0.1521406E-01 0.9104E-04 -0.1515765E-01 0.3249E-04  1.222    
  10     -0.1519217E-01 0.9232E-04 -0.1516150E-01 0.3065E-04  1.099    



 INPUT PARAMETERS FOR VEGAS:  NDIM=  4  NCALL=  790508322.
                              IT=    0  ITMX=   20
                              MDS= -1   ND=  47
   1     -0.1518430E-01 0.2771E-04 -0.1518430E-01 0.2771E-04  0.000    
   2     -0.1519006E-01 0.2763E-04 -0.1518719E-01 0.1956E-04 0.2167E-01
   3     -0.1514223E-01 0.2759E-04 -0.1517220E-01 0.1596E-04 0.8928    
   4     -0.1516553E-01 0.2763E-04 -0.1517054E-01 0.1382E-04 0.6099    
   5     -0.1516035E-01 0.2764E-04 -0.1516850E-01 0.1236E-04 0.4847    
   6     -0.1510123E-01 0.2756E-04 -0.1515732E-01 0.1128E-04  1.375    
   7     -0.1516612E-01 0.2764E-04 -0.1515857E-01 0.1044E-04  1.160    
   8     -0.1516696E-01 0.2765E-04 -0.1515962E-01 0.9768E-05  1.006    
   9     -0.1515828E-01 0.2767E-04 -0.1515947E-01 0.9211E-05 0.8802    
  10     -0.1515109E-01 0.2759E-04 -0.1515863E-01 0.8737E-05 0.7917    
  11     -0.1517285E-01 0.2762E-04 -0.1515993E-01 0.8330E-05 0.7366    
  12     -0.1517971E-01 0.2762E-04 -0.1516158E-01 0.7975E-05 0.7123    
  13     -0.1515583E-01 0.2764E-04 -0.1516114E-01 0.7663E-05 0.6563    
  14     -0.1520308E-01 0.2763E-04 -0.1516415E-01 0.7384E-05 0.7709    
  15     -0.1514384E-01 0.2760E-04 -0.1516280E-01 0.7133E-05 0.7520    
  16     -0.1514051E-01 0.2755E-04 -0.1516140E-01 0.6906E-05 0.7427    
  17     -0.1516414E-01 0.2759E-04 -0.1516156E-01 0.6699E-05 0.6969    
  18     -0.1521051E-01 0.2771E-04 -0.1516428E-01 0.6511E-05 0.8300    
  19     -0.1517610E-01 0.2766E-04 -0.1516490E-01 0.6338E-05 0.7935    
  20     -0.1514275E-01 0.2762E-04 -0.1516380E-01 0.6178E-05 0.7839    
   
   
 ~~~~~~~~~~~~~~~~~~~~~~~~~~~~~~~~~~~~~~~~~~~~
     Calculating PlusB distribution
 ~~~~~~~~~~~~~~~~~~~~~~~~~~~~~~~~~~~~~~~~~~~~
   
 RM48 INITIALIZED:        40           0         0



 INPUT PARAMETERS FOR VEGAS:  NDIM=  4  NCALL=   74030112.
                              IT=    0  ITMX=   10
                              MDS= -1   ND=  39
   1     -0.1574025E-01 0.3860E-03 -0.1574025E-01 0.3860E-03  0.000    
   2     -0.1531515E-01 0.1077E-03 -0.1534746E-01 0.1050E-03  1.151    
   3     -0.1558434E-01 0.9584E-04 -0.1547709E-01 0.7073E-04  1.964    
   4     -0.1545251E-01 0.9332E-04 -0.1546819E-01 0.5641E-04  1.328    
   5     -0.1547841E-01 0.9323E-04 -0.1547092E-01 0.4827E-04 0.9993    
   6     -0.1550653E-01 0.9313E-04 -0.1547845E-01 0.4286E-04 0.8226    
   7     -0.1552286E-01 0.9373E-04 -0.1548614E-01 0.3898E-04 0.7164    
   8     -0.1541063E-01 0.9313E-04 -0.1547501E-01 0.3596E-04 0.6942    
   9     -0.1547412E-01 0.9350E-04 -0.1547490E-01 0.3356E-04 0.6077    
  10     -0.1539286E-01 0.9404E-04 -0.1546574E-01 0.3161E-04 0.6151    



 INPUT PARAMETERS FOR VEGAS:  NDIM=  4  NCALL=  790508322.
                              IT=    0  ITMX=   20
                              MDS= -1   ND=  47
   1     -0.1539997E-01 0.2835E-04 -0.1539997E-01 0.2835E-04  0.000    
   2     -0.1545296E-01 0.2835E-04 -0.1542655E-01 0.2004E-04  1.747    
   3     -0.1551034E-01 0.2842E-04 -0.1545459E-01 0.1638E-04  3.783    
   4     -0.1550408E-01 0.2841E-04 -0.1546699E-01 0.1419E-04  3.279    
   5     -0.1553976E-01 0.2844E-04 -0.1548161E-01 0.1270E-04  3.773    
   6     -0.1544297E-01 0.2832E-04 -0.1547517E-01 0.1159E-04  3.329    
   7     -0.1543331E-01 0.2837E-04 -0.1546921E-01 0.1073E-04  3.086    
   8     -0.1547998E-01 0.2842E-04 -0.1547056E-01 0.1004E-04  2.663    
   9     -0.1548430E-01 0.2845E-04 -0.1547208E-01 0.9464E-05  2.356    
  10     -0.1545718E-01 0.2828E-04 -0.1547058E-01 0.8975E-05  2.122    
  11     -0.1549673E-01 0.2839E-04 -0.1547297E-01 0.8557E-05  1.987    
  12     -0.1547891E-01 0.2837E-04 -0.1547346E-01 0.8193E-05  1.810    
  13     -0.1544561E-01 0.2832E-04 -0.1547132E-01 0.7870E-05  1.733    
  14     -0.1547143E-01 0.2839E-04 -0.1547133E-01 0.7584E-05  1.600    
  15     -0.1550239E-01 0.2837E-04 -0.1547340E-01 0.7327E-05  1.566    
  16     -0.1544923E-01 0.2838E-04 -0.1547190E-01 0.7094E-05  1.507    
  17     -0.1547582E-01 0.2839E-04 -0.1547213E-01 0.6883E-05  1.414    
  18     -0.1541974E-01 0.2834E-04 -0.1546923E-01 0.6688E-05  1.520    
  19     -0.1550931E-01 0.2838E-04 -0.1547135E-01 0.6510E-05  1.540    
  20     -0.1547204E-01 0.2836E-04 -0.1547138E-01 0.6345E-05  1.459    
   
   
 Integral Plus:   3.0758542516963472E-004 +-   0.0000000000000000     
 with chisq    =   1.4592668323274285     
  
  
  
    xq         Integral Plus                 error
   1900      0.307585425169635E-03      0.125226187114631E-04
Thanks for using LHAPDF 6.5.4. Please make sure to cite the paper:
  Eur.Phys.J. C75 (2015) 3, 132  (http://arxiv.org/abs/1412.7420)
  
 Writing data in the file  ../summary/run2_01/PK_Plus7.dat                                                                     
  
LHAPDF 6.5.4 loading /home/niraj/1TB-Disc/Workspace-IITG/Packages/Install/LHAPDF-6.5.4/install/share/LHAPDF/MMHT2014nlo68cl/MMHT2014nlo68cl_0000.dat
MMHT2014nlo68cl PDF set, member #0, version 3; LHAPDF ID = 25100
   
   
 ~~~~~~~~~~~~~~~~~~~~~~~~~~~~~~~~~~~~~~~~~~~~
     Calculating P and K terms
 ~~~~~~~~~~~~~~~~~~~~~~~~~~~~~~~~~~~~~~~~~~~~
   
   
   
 ~~~~~~~~~~~~~~~~~~~~~~~~~~~~~~~~~~~~~~~~~~~~
     Calculating [+] distribution
 ~~~~~~~~~~~~~~~~~~~~~~~~~~~~~~~~~~~~~~~~~~~~
   
 ~~~~~~~~~~~~~~~~~~~~~~~~~~~~~~~~~~~~~~~~
using vegas points:                   8.E+07
         iteration:                   10
 ~~~~~~~~~~~~~~~~~~~~~~~~~~~~~~~~~~~~~~~~
  
 For xq =         2200 
  
   
   
 ~~~~~~~~~~~~~~~~~~~~~~~~~~~~~~~~~~~~~~~~~~~~
     Calculating PlusA distribution
 ~~~~~~~~~~~~~~~~~~~~~~~~~~~~~~~~~~~~~~~~~~~~
   
 RM48 INITIALIZED:        40           0         0



 INPUT PARAMETERS FOR VEGAS:  NDIM=  4  NCALL=   74030112.
                              IT=    0  ITMX=   10
                              MDS= -1   ND=  39
   1     -0.1696207E-01 0.4140E-03 -0.1696207E-01 0.4140E-03  0.000    
   2     -0.1727998E-01 0.1210E-03 -0.1725581E-01 0.1152E-03 0.5348    
   3     -0.1703637E-01 0.1067E-03 -0.1713828E-01 0.7838E-04  1.243    
   4     -0.1730091E-01 0.1067E-03 -0.1719615E-01 0.6310E-04  1.331    
   5     -0.1697811E-01 0.1046E-03 -0.1713881E-01 0.5407E-04  1.791    
   6     -0.1734506E-01 0.1058E-03 -0.1718242E-01 0.4812E-04  2.039    
   7     -0.1715583E-01 0.1054E-03 -0.1717783E-01 0.4377E-04  1.707    
   8     -0.1700159E-01 0.1053E-03 -0.1715227E-01 0.4043E-04  1.803    
   9     -0.1689331E-01 0.1043E-03 -0.1711926E-01 0.3771E-04  2.239    
  10     -0.1721263E-01 0.1056E-03 -0.1712994E-01 0.3551E-04  2.065    



 INPUT PARAMETERS FOR VEGAS:  NDIM=  4  NCALL=  790508322.
                              IT=    0  ITMX=   20
                              MDS= -1   ND=  47
   1     -0.1715810E-01 0.3199E-04 -0.1715810E-01 0.3199E-04  0.000    
   2     -0.1721754E-01 0.3216E-04 -0.1718777E-01 0.2268E-04  1.716    
   3     -0.1713402E-01 0.3208E-04 -0.1716993E-01 0.1852E-04  1.794    
   4     -0.1716658E-01 0.3207E-04 -0.1716909E-01 0.1604E-04  1.199    
   5     -0.1718383E-01 0.3206E-04 -0.1717204E-01 0.1434E-04 0.9410    
   6     -0.1718140E-01 0.3215E-04 -0.1717360E-01 0.1310E-04 0.7668    
   7     -0.1710905E-01 0.3200E-04 -0.1716440E-01 0.1212E-04  1.217    
   8     -0.1717131E-01 0.3210E-04 -0.1716526E-01 0.1134E-04  1.049    
   9     -0.1716325E-01 0.3204E-04 -0.1716503E-01 0.1069E-04 0.9185    
  10     -0.1716521E-01 0.3206E-04 -0.1716505E-01 0.1014E-04 0.8164    
  11     -0.1719352E-01 0.3205E-04 -0.1716765E-01 0.9670E-05 0.8065    
  12     -0.1718633E-01 0.3205E-04 -0.1716921E-01 0.9257E-05 0.7614    
  13     -0.1716071E-01 0.3208E-04 -0.1716856E-01 0.8895E-05 0.7034    
  14     -0.1719851E-01 0.3208E-04 -0.1717070E-01 0.8571E-05 0.7115    
  15     -0.1715982E-01 0.3214E-04 -0.1716998E-01 0.8282E-05 0.6684    
  16     -0.1711694E-01 0.3198E-04 -0.1716667E-01 0.8017E-05 0.7950    
  17     -0.1716179E-01 0.3206E-04 -0.1716638E-01 0.7778E-05 0.7467    
  18     -0.1716744E-01 0.3208E-04 -0.1716644E-01 0.7559E-05 0.7028    
  19     -0.1712578E-01 0.3200E-04 -0.1716430E-01 0.7356E-05 0.7486    
  20     -0.1713962E-01 0.3202E-04 -0.1716307E-01 0.7170E-05 0.7389    
   
   
 ~~~~~~~~~~~~~~~~~~~~~~~~~~~~~~~~~~~~~~~~~~~~
     Calculating PlusB distribution
 ~~~~~~~~~~~~~~~~~~~~~~~~~~~~~~~~~~~~~~~~~~~~
   
 RM48 INITIALIZED:        40           0         0



 INPUT PARAMETERS FOR VEGAS:  NDIM=  4  NCALL=   74030112.
                              IT=    0  ITMX=   10
                              MDS= -1   ND=  39
   1     -0.1742843E-01 0.4202E-03 -0.1742843E-01 0.4202E-03  0.000    
   2     -0.1767276E-01 0.1251E-03 -0.1765336E-01 0.1192E-03 0.3069    
   3     -0.1770658E-01 0.1116E-03 -0.1768196E-01 0.8135E-04 0.2058    
   4     -0.1755728E-01 0.1090E-03 -0.1763751E-01 0.6522E-04 0.4169    
   5     -0.1756366E-01 0.1094E-03 -0.1761818E-01 0.5602E-04 0.3968    
   6     -0.1773783E-01 0.1094E-03 -0.1764338E-01 0.4984E-04 0.5082    
   7     -0.1762805E-01 0.1090E-03 -0.1764073E-01 0.4532E-04 0.4261    
   8     -0.1749942E-01 0.1081E-03 -0.1761984E-01 0.4181E-04 0.5714    
   9     -0.1747493E-01 0.1084E-03 -0.1760130E-01 0.3901E-04 0.6933    
  10     -0.1760886E-01 0.1097E-03 -0.1760215E-01 0.3675E-04 0.6165    



 INPUT PARAMETERS FOR VEGAS:  NDIM=  4  NCALL=  790508322.
                              IT=    0  ITMX=   20
                              MDS= -1   ND=  47
   1     -0.1751808E-01 0.3318E-04 -0.1751808E-01 0.3318E-04  0.000    
   2     -0.1757121E-01 0.3328E-04 -0.1754464E-01 0.2350E-04  1.278    
   3     -0.1758730E-01 0.3329E-04 -0.1755887E-01 0.1920E-04  1.187    
   4     -0.1761232E-01 0.3340E-04 -0.1757221E-01 0.1664E-04  1.434    
   5     -0.1757661E-01 0.3336E-04 -0.1757308E-01 0.1489E-04  1.079    
   6     -0.1751100E-01 0.3323E-04 -0.1756276E-01 0.1359E-04  1.443    
   7     -0.1752315E-01 0.3319E-04 -0.1755709E-01 0.1258E-04  1.406    
   8     -0.1760104E-01 0.3334E-04 -0.1756259E-01 0.1177E-04  1.422    
   9     -0.1751595E-01 0.3326E-04 -0.1755743E-01 0.1109E-04  1.463    
  10     -0.1754083E-01 0.3328E-04 -0.1755577E-01 0.1052E-04  1.325    
  11     -0.1755915E-01 0.3327E-04 -0.1755608E-01 0.1003E-04  1.194    
  12     -0.1756224E-01 0.3329E-04 -0.1755659E-01 0.9607E-05  1.088    
  13     -0.1755676E-01 0.3325E-04 -0.1755660E-01 0.9230E-05 0.9972    
  14     -0.1751870E-01 0.3319E-04 -0.1755389E-01 0.8892E-05  1.014    
  15     -0.1756568E-01 0.3323E-04 -0.1755468E-01 0.8590E-05 0.9494    
  16     -0.1751530E-01 0.3323E-04 -0.1755223E-01 0.8317E-05 0.9738    
  17     -0.1752361E-01 0.3323E-04 -0.1755054E-01 0.8068E-05 0.9566    
  18     -0.1748900E-01 0.3318E-04 -0.1754713E-01 0.7840E-05  1.091    
  19     -0.1757635E-01 0.3333E-04 -0.1754867E-01 0.7631E-05  1.070    
  20     -0.1751752E-01 0.3324E-04 -0.1754711E-01 0.7438E-05  1.058    
   
   
 Integral Plus:   3.8404790221227905E-004 +-   0.0000000000000000     
 with chisq    =   1.0579825624208397     
  
  
  
    xq         Integral Plus                 error
   2200      0.384047902212279E-03      0.146073905126573E-04
Thanks for using LHAPDF 6.5.4. Please make sure to cite the paper:
  Eur.Phys.J. C75 (2015) 3, 132  (http://arxiv.org/abs/1412.7420)
  
 Writing data in the file  ../summary/run2_01/PK_Plus8.dat                                                                     
  
LHAPDF 6.5.4 loading /home/niraj/1TB-Disc/Workspace-IITG/Packages/Install/LHAPDF-6.5.4/install/share/LHAPDF/MMHT2014nlo68cl/MMHT2014nlo68cl_0000.dat
MMHT2014nlo68cl PDF set, member #0, version 3; LHAPDF ID = 25100
   
   
 ~~~~~~~~~~~~~~~~~~~~~~~~~~~~~~~~~~~~~~~~~~~~
     Calculating P and K terms
 ~~~~~~~~~~~~~~~~~~~~~~~~~~~~~~~~~~~~~~~~~~~~
   
   
   
 ~~~~~~~~~~~~~~~~~~~~~~~~~~~~~~~~~~~~~~~~~~~~
     Calculating [+] distribution
 ~~~~~~~~~~~~~~~~~~~~~~~~~~~~~~~~~~~~~~~~~~~~
   
 ~~~~~~~~~~~~~~~~~~~~~~~~~~~~~~~~~~~~~~~~
using vegas points:                   8.E+07
         iteration:                   10
 ~~~~~~~~~~~~~~~~~~~~~~~~~~~~~~~~~~~~~~~~
  
 For xq =         2500 
  
   
   
 ~~~~~~~~~~~~~~~~~~~~~~~~~~~~~~~~~~~~~~~~~~~~
     Calculating PlusA distribution
 ~~~~~~~~~~~~~~~~~~~~~~~~~~~~~~~~~~~~~~~~~~~~
   
 RM48 INITIALIZED:        40           0         0



 INPUT PARAMETERS FOR VEGAS:  NDIM=  4  NCALL=   74030112.
                              IT=    0  ITMX=   10
                              MDS= -1   ND=  39
   1     -0.6394251E-01 0.2163E-02 -0.6394251E-01 0.2163E-02  0.000    
   2     -0.6301979E-01 0.6455E-03 -0.6309732E-01 0.6224E-03 0.1692    
   3     -0.6253870E-01 0.5807E-03 -0.6280287E-01 0.4259E-03 0.2999    
   4     -0.6314417E-01 0.5782E-03 -0.6292284E-01 0.3429E-03 0.2752    
   5     -0.6333660E-01 0.5757E-03 -0.6303163E-01 0.2946E-03 0.3018    
   6     -0.6261242E-01 0.5671E-03 -0.6294385E-01 0.2615E-03 0.3273    
   7     -0.6288778E-01 0.5755E-03 -0.6293431E-01 0.2381E-03 0.2743    
   8     -0.6134726E-01 0.5670E-03 -0.6270736E-01 0.2197E-03  1.150    
   9     -0.6241072E-01 0.5786E-03 -0.6267045E-01 0.2054E-03  1.037    
  10     -0.6237484E-01 0.5770E-03 -0.6263761E-01 0.1935E-03 0.9483    



 INPUT PARAMETERS FOR VEGAS:  NDIM=  4  NCALL=  790508322.
                              IT=    0  ITMX=   20
                              MDS= -1   ND=  47
   1     -0.6245005E-01 0.1758E-03 -0.6245005E-01 0.1758E-03  0.000    
   2     -0.6237556E-01 0.1753E-03 -0.6241276E-01 0.1241E-03 0.9002E-01
   3     -0.6216299E-01 0.1752E-03 -0.6232970E-01 0.1013E-03 0.7200    
   4     -0.6248096E-01 0.1759E-03 -0.6236750E-01 0.8777E-04 0.6650    
   5     -0.6207319E-01 0.1749E-03 -0.6230875E-01 0.7845E-04  1.062    
   6     -0.6249801E-01 0.1751E-03 -0.6234054E-01 0.7159E-04  1.044    
   7     -0.6225457E-01 0.1754E-03 -0.6232830E-01 0.6629E-04 0.9046    
   8     -0.6226617E-01 0.1752E-03 -0.6232053E-01 0.6200E-04 0.7913    
   9     -0.6257157E-01 0.1755E-03 -0.6234860E-01 0.5846E-04 0.9207    
  10     -0.6237273E-01 0.1755E-03 -0.6235101E-01 0.5546E-04 0.8202    
  11     -0.6242121E-01 0.1758E-03 -0.6235738E-01 0.5289E-04 0.7526    
  12     -0.6255131E-01 0.1752E-03 -0.6237367E-01 0.5063E-04 0.7864    
  13     -0.6250319E-01 0.1753E-03 -0.6238368E-01 0.4864E-04 0.7628    
  14     -0.6270249E-01 0.1759E-03 -0.6240654E-01 0.4688E-04 0.9403    
  15     -0.6210126E-01 0.1748E-03 -0.6238624E-01 0.4528E-04  1.075    
  16     -0.6249224E-01 0.1749E-03 -0.6239293E-01 0.4384E-04  1.026    
  17     -0.6249355E-01 0.1756E-03 -0.6239885E-01 0.4253E-04 0.9813    
  18     -0.6241296E-01 0.1757E-03 -0.6239963E-01 0.4134E-04 0.9240    
  19     -0.6215883E-01 0.1751E-03 -0.6238700E-01 0.4023E-04 0.9718    
  20     -0.6244147E-01 0.1755E-03 -0.6238973E-01 0.3922E-04 0.9254    
   
   
 ~~~~~~~~~~~~~~~~~~~~~~~~~~~~~~~~~~~~~~~~~~~~
     Calculating PlusB distribution
 ~~~~~~~~~~~~~~~~~~~~~~~~~~~~~~~~~~~~~~~~~~~~
   
 RM48 INITIALIZED:        40           0         0



 INPUT PARAMETERS FOR VEGAS:  NDIM=  4  NCALL=   74030112.
                              IT=    0  ITMX=   10
                              MDS= -1   ND=  39
   1     -0.6450872E-01 0.2191E-02 -0.6450872E-01 0.2191E-02  0.000    
   2     -0.6403185E-01 0.6662E-03 -0.6407275E-01 0.6394E-03 0.4363E-01
   3     -0.6330495E-01 0.5998E-03 -0.6367016E-01 0.4388E-03 0.4039    
   4     -0.6395230E-01 0.5907E-03 -0.6377047E-01 0.3522E-03 0.3183    
   5     -0.6307294E-01 0.5831E-03 -0.6358775E-01 0.3018E-03 0.4983    
   6     -0.6368803E-01 0.5875E-03 -0.6360864E-01 0.2684E-03 0.4034    
   7     -0.6427836E-01 0.5922E-03 -0.6372435E-01 0.2444E-03 0.5142    
   8     -0.6264213E-01 0.5853E-03 -0.6356871E-01 0.2257E-03 0.8474    
   9     -0.6320462E-01 0.5883E-03 -0.6352262E-01 0.2107E-03 0.7840    
  10     -0.6418304E-01 0.6012E-03 -0.6359598E-01 0.1988E-03 0.8167    



 INPUT PARAMETERS FOR VEGAS:  NDIM=  4  NCALL=  790508322.
                              IT=    0  ITMX=   20
                              MDS= -1   ND=  47
   1     -0.6406123E-01 0.1822E-03 -0.6406123E-01 0.1822E-03  0.000    
   2     -0.6405265E-01 0.1822E-03 -0.6405694E-01 0.1288E-03 0.1108E-02
   3     -0.6356459E-01 0.1811E-03 -0.6389320E-01 0.1050E-03  2.441    
   4     -0.6417809E-01 0.1824E-03 -0.6396458E-01 0.9099E-04  2.238    
   5     -0.6376244E-01 0.1821E-03 -0.6392438E-01 0.8139E-04  1.926    
   6     -0.6404711E-01 0.1825E-03 -0.6394480E-01 0.7434E-04  1.615    
   7     -0.6383427E-01 0.1824E-03 -0.6392910E-01 0.6884E-04  1.399    
   8     -0.6370108E-01 0.1815E-03 -0.6390061E-01 0.6436E-04  1.396    
   9     -0.6371276E-01 0.1812E-03 -0.6387969E-01 0.6065E-04  1.341    
  10     -0.6369681E-01 0.1812E-03 -0.6386135E-01 0.5751E-04  1.294    
  11     -0.6418310E-01 0.1826E-03 -0.6389065E-01 0.5486E-04  1.449    
  12     -0.6378387E-01 0.1818E-03 -0.6388176E-01 0.5252E-04  1.346    
  13     -0.6403445E-01 0.1823E-03 -0.6389352E-01 0.5047E-04  1.287    
  14     -0.6374009E-01 0.1813E-03 -0.6388253E-01 0.4862E-04  1.240    
  15     -0.6394096E-01 0.1825E-03 -0.6388641E-01 0.4698E-04  1.158    
  16     -0.6369863E-01 0.1817E-03 -0.6387471E-01 0.4548E-04  1.148    
  17     -0.6395557E-01 0.1824E-03 -0.6387946E-01 0.4413E-04  1.087    
  18     -0.6351137E-01 0.1813E-03 -0.6385909E-01 0.4288E-04  1.251    
  19     -0.6409799E-01 0.1831E-03 -0.6387159E-01 0.4175E-04  1.271    
  20     -0.6361266E-01 0.1820E-03 -0.6385875E-01 0.4069E-04  1.305    
   
   
 Integral Plus:   1.4690190826770685E-003 +-   0.0000000000000000     
 with chisq    =   1.3048748740752758     
  
  
  
    xq         Integral Plus                 error
   2500      0.146901908267707E-02      0.799108785287499E-04
Thanks for using LHAPDF 6.5.4. Please make sure to cite the paper:
  Eur.Phys.J. C75 (2015) 3, 132  (http://arxiv.org/abs/1412.7420)
