   1000.0000000000000        1.2653685058608341E-006   6.3037665894589641E-010
   100.00000000000000        3.5297044658267683E-002   8.0582556410734343E-006
   200.00000000000000        2.0574224232265859E-003   6.1988650250669071E-007
   300.00000000000000        3.6377845781089964E-004   1.2653609479330815E-007
   400.00000000000000        1.0205849711160480E-004   3.9006001059306324E-008
   500.00000000000000        3.7086730806091014E-005   1.5204993420203073E-008
   600.00000000000000        1.5856279218366109E-005   6.8622066256621620E-009
   700.00000000000000        7.5901732479984687E-006   3.4324927219010489E-009
   800.00000000000000        3.9410872963573521E-006   1.8502810292114723E-009
   900.00000000000000        2.1793905649028760E-006   1.0554024075979921E-009
   1000.0000000000000        1.2653685058608341E-006   6.3037665894589641E-010
   1100.0000000000000        7.6390217426976936E-007   3.8982547957088927E-010
   1200.0000000000000        4.7704468904557879E-007   2.4890699200418796E-010
   1300.0000000000000        3.0591642572171403E-007   1.6255642319693474E-010
   1400.0000000000000        2.0068912013792909E-007   1.0844756078329396E-010
   1500.0000000000000        1.3412102284986787E-007   7.3907106046134218E-011
   1600.0000000000000        9.1268174479723452E-008   5.0982823859190870E-011
   1700.0000000000000        6.2914615992401679E-008   3.5562200582621939E-011
   1800.0000000000000        4.4012882277826311E-008   2.5123569349547255E-011
   1900.0000000000000        3.1080308040312068E-008   1.7948881230315556E-011
   2000.0000000000000        2.2198861341768978E-008   1.2938169138782952E-011
   2100.0000000000000        1.5990546806632372E-008   9.4269245568123592E-012
   2200.0000000000000        1.1604134350755669E-008   6.9061970848304718E-012
   2300.0000000000000        8.4809513459360536E-009   5.0890692281510971E-012
   2400.0000000000000        6.2377967943927303E-009   3.7648648485491072E-012
   2500.0000000000000        4.6140991662299555E-009   2.8009031237265677E-012
   2600.0000000000000        3.4316199288180363E-009   2.0981135260605060E-012
   2700.0000000000000        2.5594352823365545E-009   1.5732512480408598E-012
   2800.0000000000000        1.9198102216042915E-009   1.1895109250387026E-012
   2900.0000000000000        1.4434126660608375E-009   8.9860408539298889E-013
   3000.0000000000000        1.0882666858844770E-009   6.8105344439683482E-013
 Directory not found ../summary/run_07                                                                                   
 Making new directory..
/home/niraj/OneDrive/WorkSpaceIITG/Generalfiles/integrators/DY1/DrellYan/summary/run_07
 Directory constructed successfully🤩
  
 Writing your data in ../summary/run_07/PK_Regular.dat
LHAPDF 6.5.4 loading /home/niraj/1TB-Disc/Workspace-IITG/Packages/Install/LHAPDF-6.5.4/install/share/LHAPDF/MMHT2014nlo68cl/MMHT2014nlo68cl_0000.dat
MMHT2014nlo68cl PDF set, member #0, version 3; LHAPDF ID = 25100
   
   
 ~~~~~~~~~~~~~~~~~~~~~~~~~~~~~~~~~~~~~~~~~~~~
     Calculating Regular Terms
 ~~~~~~~~~~~~~~~~~~~~~~~~~~~~~~~~~~~~~~~~~~~~
   
 ~~~~~~~~~~~~~~~~~~~~~~~~~~~~~~~~~~~~~~~~
Using Vegas points:                   5.E+07
         Iteration:                   10
 ~~~~~~~~~~~~~~~~~~~~~~~~~~~~~~~~~~~~~~~~
  
 For xq =          100 
  
 RM48 INITIALIZED:        40           0         0



 INPUT PARAMETERS FOR VEGAS:  NDIM=  4  NCALL=   48020000.
                              IT=    0  ITMX=   10
                              MDS= -1   ND=  35
   1      0.3705386E-01 0.2909E-02  0.3705386E-01 0.2909E-02  0.000    
   2      0.3594656E-01 0.4804E-03  0.3597775E-01 0.4809E-03 0.1451    
   3      0.3555896E-01 0.2386E-03  0.3564522E-01 0.2164E-03 0.3801    
   4      0.3517349E-01 0.1606E-03  0.3534729E-01 0.1304E-03  1.271    
   5      0.3532943E-01 0.1331E-03  0.3533869E-01 0.9363E-04 0.9623    
   6      0.3548838E-01 0.1231E-03  0.3539290E-01 0.7467E-04 0.9579    
   7      0.3534457E-01 0.1193E-03  0.3537953E-01 0.6340E-04 0.8203    
   8      0.3525212E-01 0.1177E-03  0.3535144E-01 0.5589E-04 0.8329    
   9      0.3523620E-01 0.1170E-03  0.3533044E-01 0.5047E-04 0.8278    
  10      0.3522982E-01 0.1171E-03  0.3531495E-01 0.4638E-04 0.8055    



 INPUT PARAMETERS FOR VEGAS:  NDIM=  4  NCALL=  457773282.
                              IT=    0  ITMX=   20
                              MDS= -1   ND=  41
   1      0.3528667E-01 0.3604E-04  0.3528667E-01 0.3604E-04  0.000    
   2      0.3527441E-01 0.3602E-04  0.3528054E-01 0.2548E-04 0.5792E-01
   3      0.3531379E-01 0.3605E-04  0.3529163E-01 0.2081E-04 0.3129    
   4      0.3529068E-01 0.3602E-04  0.3529139E-01 0.1802E-04 0.2087    
   5      0.3529170E-01 0.3604E-04  0.3529145E-01 0.1611E-04 0.1566    
   6      0.3523928E-01 0.3605E-04  0.3528279E-01 0.1471E-04 0.4738    
   7      0.3534608E-01 0.3606E-04  0.3529184E-01 0.1362E-04 0.8359    
   8      0.3531649E-01 0.3604E-04  0.3529493E-01 0.1274E-04 0.7749    
   9      0.3530774E-01 0.3605E-04  0.3529635E-01 0.1201E-04 0.6920    
  10      0.3530325E-01 0.3603E-04  0.3529704E-01 0.1140E-04 0.6188    
  11      0.3528488E-01 0.3603E-04  0.3529594E-01 0.1087E-04 0.5673    
  12      0.3529146E-01 0.3603E-04  0.3529556E-01 0.1040E-04 0.5170    
  13      0.3526669E-01 0.3605E-04  0.3529335E-01 0.9995E-05 0.5233    
  14      0.3527767E-01 0.3604E-04  0.3529223E-01 0.9632E-05 0.4966    
  15      0.3524443E-01 0.3600E-04  0.3528904E-01 0.9305E-05 0.5784    
  16      0.3533681E-01 0.3604E-04  0.3529204E-01 0.9009E-05 0.6498    
  17      0.3541034E-01 0.3605E-04  0.3529903E-01 0.8741E-05  1.246    
  18      0.3528701E-01 0.3603E-04  0.3529836E-01 0.8494E-05  1.179    
  19      0.3527078E-01 0.3602E-04  0.3529691E-01 0.8267E-05  1.144    
  20      0.3529953E-01 0.3605E-04  0.3529704E-01 0.8058E-05  1.084    
   
   
 Integral Regular:   3.5297044658267683E-002 +-   8.0582556410734343E-006
 with chisq    =   1.0844179183256319     
  
  
  
 For xq =          200 
  
 RM48 INITIALIZED:        40           0         0



 INPUT PARAMETERS FOR VEGAS:  NDIM=  4  NCALL=   48020000.
                              IT=    0  ITMX=   10
                              MDS= -1   ND=  35
   1      0.2041411E-02 0.1260E-03  0.2041411E-02 0.1260E-03  0.000    
   2      0.2029127E-02 0.2332E-04  0.2029538E-02 0.2299E-04 0.9243E-02
   3      0.2041039E-02 0.1252E-04  0.2038421E-02 0.1098E-04 0.1011    
   4      0.2063723E-02 0.1012E-04  0.2052266E-02 0.7413E-05  1.029    
   5      0.2062614E-02 0.9293E-05  0.2056334E-02 0.5785E-05 0.9600    
   6      0.2072393E-02 0.9034E-05  0.2061084E-02 0.4864E-05  1.219    
   7      0.2054405E-02 0.8881E-05  0.2059540E-02 0.4266E-05  1.088    
   8      0.2070016E-02 0.8848E-05  0.2061544E-02 0.3840E-05  1.095    
   9      0.2079621E-02 0.8871E-05  0.2064456E-02 0.3522E-05  1.401    
  10      0.2054559E-02 0.8806E-05  0.2063094E-02 0.3271E-05  1.366    



 INPUT PARAMETERS FOR VEGAS:  NDIM=  4  NCALL=  457773282.
                              IT=    0  ITMX=   20
                              MDS= -1   ND=  41
   1      0.2061548E-02 0.2773E-05  0.2061548E-02 0.2773E-05  0.000    
   2      0.2053230E-02 0.2768E-05  0.2057399E-02 0.1959E-05  4.507    
   3      0.2056904E-02 0.2771E-05  0.2057234E-02 0.1600E-05  2.264    
   4      0.2055881E-02 0.2772E-05  0.2056896E-02 0.1385E-05  1.570    
   5      0.2059271E-02 0.2774E-05  0.2057371E-02 0.1239E-05  1.323    
   6      0.2059752E-02 0.2774E-05  0.2057768E-02 0.1132E-05  1.181    
   7      0.2054436E-02 0.2768E-05  0.2057292E-02 0.1048E-05  1.191    
   8      0.2057414E-02 0.2773E-05  0.2057308E-02 0.9799E-06  1.021    
   9      0.2060781E-02 0.2775E-05  0.2057694E-02 0.9240E-06  1.068    
  10      0.2057421E-02 0.2773E-05  0.2057667E-02 0.8766E-06 0.9503    
  11      0.2052262E-02 0.2771E-05  0.2057177E-02 0.8358E-06  1.200    
  12      0.2056468E-02 0.2773E-05  0.2057118E-02 0.8002E-06  1.096    
  13      0.2056092E-02 0.2771E-05  0.2057039E-02 0.7688E-06  1.016    
  14      0.2058291E-02 0.2773E-05  0.2057129E-02 0.7409E-06 0.9520    
  15      0.2058434E-02 0.2773E-05  0.2057216E-02 0.7158E-06 0.8987    
  16      0.2056001E-02 0.2770E-05  0.2057140E-02 0.6930E-06 0.8509    
  17      0.2057691E-02 0.2771E-05  0.2057172E-02 0.6723E-06 0.8000    
  18      0.2060361E-02 0.2775E-05  0.2057350E-02 0.6534E-06 0.8264    
  19      0.2056543E-02 0.2773E-05  0.2057307E-02 0.6360E-06 0.7849    
  20      0.2059611E-02 0.2774E-05  0.2057422E-02 0.6199E-06 0.7781    
   
   
 Integral Regular:   2.0574224232265859E-003 +-   6.1988650250669071E-007
 with chisq    =  0.77810107256309136     
  
  
  
 For xq =          300 
  
 RM48 INITIALIZED:        40           0         0



 INPUT PARAMETERS FOR VEGAS:  NDIM=  4  NCALL=   48020000.
                              IT=    0  ITMX=   10
                              MDS= -1   ND=  35
   1      0.3712193E-03 0.2218E-04  0.3712193E-03 0.2218E-04  0.000    
   2      0.3577196E-03 0.3550E-05  0.3580819E-03 0.3569E-05 0.3737    
   3      0.3657439E-03 0.2259E-05  0.3635632E-03 0.1906E-05  1.832    
   4      0.3647880E-03 0.1965E-05  0.3641568E-03 0.1368E-05  1.288    
   5      0.3597484E-03 0.1844E-05  0.3626201E-03 0.1101E-05  1.881    
   6      0.3625591E-03 0.1807E-05  0.3626037E-03 0.9407E-06  1.507    
   7      0.3592101E-03 0.1781E-05  0.3618774E-03 0.8325E-06  1.726    
   8      0.3634170E-03 0.1792E-05  0.3621511E-03 0.7550E-06  1.566    
   9      0.3652490E-03 0.1791E-05  0.3626234E-03 0.6955E-06  1.689    
  10      0.3639705E-03 0.1788E-05  0.3628010E-03 0.6482E-06  1.556    



 INPUT PARAMETERS FOR VEGAS:  NDIM=  4  NCALL=  457773282.
                              IT=    0  ITMX=   20
                              MDS= -1   ND=  41
   1      0.3633149E-03 0.5656E-06  0.3633149E-03 0.5656E-06  0.000    
   2      0.3636334E-03 0.5654E-06  0.3634743E-03 0.3999E-06 0.1586    
   3      0.3636218E-03 0.5661E-06  0.3635234E-03 0.3266E-06 0.1019    
   4      0.3635613E-03 0.5652E-06  0.3635329E-03 0.2828E-06 0.6908E-01
   5      0.3628801E-03 0.5648E-06  0.3634024E-03 0.2529E-06 0.3183    
   6      0.3636553E-03 0.5655E-06  0.3634446E-03 0.2308E-06 0.2879    
   7      0.3637913E-03 0.5659E-06  0.3634942E-03 0.2137E-06 0.2936    
   8      0.3636404E-03 0.5658E-06  0.3635124E-03 0.1999E-06 0.2600    
   9      0.3649860E-03 0.5670E-06  0.3636766E-03 0.1886E-06 0.9829    
  10      0.3634568E-03 0.5663E-06  0.3636547E-03 0.1789E-06 0.8888    
  11      0.3638487E-03 0.5660E-06  0.3636723E-03 0.1706E-06 0.8105    
  12      0.3639767E-03 0.5660E-06  0.3636977E-03 0.1633E-06 0.7609    
  13      0.3639493E-03 0.5666E-06  0.3637170E-03 0.1569E-06 0.7126    
  14      0.3641203E-03 0.5661E-06  0.3637459E-03 0.1512E-06 0.6940    
  15      0.3637112E-03 0.5655E-06  0.3637436E-03 0.1461E-06 0.6447    
  16      0.3645214E-03 0.5661E-06  0.3637923E-03 0.1415E-06 0.7200    
  17      0.3631684E-03 0.5650E-06  0.3637557E-03 0.1372E-06 0.7466    
  18      0.3636144E-03 0.5658E-06  0.3637478E-03 0.1334E-06 0.7062    
  19      0.3640701E-03 0.5666E-06  0.3637648E-03 0.1298E-06 0.6839    
  20      0.3640387E-03 0.5663E-06  0.3637785E-03 0.1265E-06 0.6596    
   
   
 Integral Regular:   3.6377845781089964E-004 +-   1.2653609479330815E-007
 with chisq    =  0.65961835696281401     
  
  
  
 For xq =          400 
  
 RM48 INITIALIZED:        40           0         0



 INPUT PARAMETERS FOR VEGAS:  NDIM=  4  NCALL=   48020000.
                              IT=    0  ITMX=   10
                              MDS= -1   ND=  35
   1      0.1081609E-03 0.5462E-05  0.1081609E-03 0.5462E-05  0.000    
   2      0.1013831E-03 0.9456E-06  0.1016067E-03 0.9614E-06  1.585    
   3      0.1014570E-03 0.6441E-06  0.1015055E-03 0.5414E-06 0.8181    
   4      0.1021995E-03 0.5850E-06  0.1018206E-03 0.3986E-06 0.7999    
   5      0.1020878E-03 0.5652E-06  0.1019079E-03 0.3263E-06 0.6397    
   6      0.1026821E-03 0.5575E-06  0.1021043E-03 0.2817E-06 0.7985    
   7      0.1019800E-03 0.5497E-06  0.1020788E-03 0.2508E-06 0.6740    
   8      0.1016311E-03 0.5495E-06  0.1020032E-03 0.2283E-06 0.6566    
   9      0.1014102E-03 0.5472E-06  0.1019171E-03 0.2108E-06 0.6988    
  10      0.1013099E-03 0.5460E-06  0.1018400E-03 0.1967E-06 0.7400    



 INPUT PARAMETERS FOR VEGAS:  NDIM=  4  NCALL=  457773282.
                              IT=    0  ITMX=   20
                              MDS= -1   ND=  41
   1      0.1020467E-03 0.1744E-06  0.1020467E-03 0.1744E-06  0.000    
   2      0.1023351E-03 0.1747E-06  0.1021910E-03 0.1234E-06  1.365    
   3      0.1022246E-03 0.1747E-06  0.1022022E-03 0.1008E-06 0.6949    
   4      0.1019832E-03 0.1743E-06  0.1021475E-03 0.8726E-07 0.8574    
   5      0.1020027E-03 0.1745E-06  0.1021186E-03 0.7804E-07 0.7808    
   6      0.1021453E-03 0.1745E-06  0.1021230E-03 0.7124E-07 0.6285    
   7      0.1020467E-03 0.1745E-06  0.1021121E-03 0.6596E-07 0.5512    
   8      0.1021878E-03 0.1747E-06  0.1021216E-03 0.6171E-07 0.4959    
   9      0.1019660E-03 0.1742E-06  0.1021043E-03 0.5817E-07 0.5224    
  10      0.1019926E-03 0.1743E-06  0.1020931E-03 0.5518E-07 0.5054    
  11      0.1020321E-03 0.1743E-06  0.1020876E-03 0.5260E-07 0.4661    
  12      0.1016471E-03 0.1742E-06  0.1020510E-03 0.5036E-07 0.9532    
  13      0.1025232E-03 0.1748E-06  0.1020875E-03 0.4839E-07  1.439    
  14      0.1023083E-03 0.1745E-06  0.1021034E-03 0.4663E-07  1.443    
  15      0.1020141E-03 0.1744E-06  0.1020974E-03 0.4505E-07  1.357    
  16      0.1020161E-03 0.1745E-06  0.1020923E-03 0.4362E-07  1.280    
  17      0.1018611E-03 0.1745E-06  0.1020788E-03 0.4232E-07  1.304    
  18      0.1018334E-03 0.1742E-06  0.1020652E-03 0.4112E-07  1.337    
  19      0.1019458E-03 0.1742E-06  0.1020589E-03 0.4002E-07  1.288    
  20      0.1020506E-03 0.1744E-06  0.1020585E-03 0.3901E-07  1.220    
   
   
 Integral Regular:   1.0205849711160480E-004 +-   3.9006001059306324E-008
 with chisq    =   1.2198666342789433     
  
  
  
 For xq =          500 
  
 RM48 INITIALIZED:        40           0         0



 INPUT PARAMETERS FOR VEGAS:  NDIM=  4  NCALL=   48020000.
                              IT=    0  ITMX=   10
                              MDS= -1   ND=  35
   1      0.3493154E-04 0.1639E-05  0.3493154E-04 0.1639E-05  0.000    
   2      0.3745683E-04 0.3458E-06  0.3736271E-04 0.3281E-06  2.126    
   3      0.3662641E-04 0.2434E-06  0.3688400E-04 0.1948E-06  2.680    
   4      0.3689531E-04 0.2235E-06  0.3688896E-04 0.1464E-06  1.774    
   5      0.3729448E-04 0.2180E-06  0.3701888E-04 0.1213E-06  1.927    
   6      0.3732730E-04 0.2160E-06  0.3709485E-04 0.1056E-06  1.849    
   7      0.3669475E-04 0.2136E-06  0.3701652E-04 0.9468E-07  2.010    
   8      0.3705945E-04 0.2133E-06  0.3702369E-04 0.8651E-07  1.724    
   9      0.3683428E-04 0.2123E-06  0.3699667E-04 0.8011E-07  1.594    
  10      0.3683034E-04 0.2126E-06  0.3697596E-04 0.7496E-07  1.476    



 INPUT PARAMETERS FOR VEGAS:  NDIM=  4  NCALL=  457773282.
                              IT=    0  ITMX=   20
                              MDS= -1   ND=  41
   1      0.3701645E-04 0.6794E-07  0.3701645E-04 0.6794E-07  0.000    
   2      0.3704142E-04 0.6796E-07  0.3702894E-04 0.4805E-07 0.6750E-01
   3      0.3711644E-04 0.6804E-07  0.3705815E-04 0.3925E-07 0.5863    
   4      0.3720193E-04 0.6807E-07  0.3709423E-04 0.3400E-07  1.510    
   5      0.3710406E-04 0.6799E-07  0.3709620E-04 0.3041E-07  1.137    
   6      0.3701635E-04 0.6794E-07  0.3708292E-04 0.2776E-07  1.140    
   7      0.3704375E-04 0.6799E-07  0.3707733E-04 0.2570E-07 0.9974    
   8      0.3706575E-04 0.6794E-07  0.3707588E-04 0.2404E-07 0.8586    
   9      0.3703421E-04 0.6803E-07  0.3707127E-04 0.2266E-07 0.7931    
  10      0.3703623E-04 0.6797E-07  0.3706777E-04 0.2150E-07 0.7316    
  11      0.3705347E-04 0.6797E-07  0.3706647E-04 0.2050E-07 0.6625    
  12      0.3707793E-04 0.6800E-07  0.3706742E-04 0.1963E-07 0.6046    
  13      0.3706382E-04 0.6803E-07  0.3706715E-04 0.1886E-07 0.5545    
  14      0.3720845E-04 0.6806E-07  0.3707729E-04 0.1817E-07 0.8215    
  15      0.3704786E-04 0.6795E-07  0.3707533E-04 0.1756E-07 0.7754    
  16      0.3706908E-04 0.6795E-07  0.3707494E-04 0.1700E-07 0.7242    
  17      0.3700901E-04 0.6791E-07  0.3707106E-04 0.1649E-07 0.7343    
  18      0.3716016E-04 0.6810E-07  0.3707602E-04 0.1603E-07 0.7865    
  19      0.3720392E-04 0.6809E-07  0.3708278E-04 0.1560E-07 0.9294    
  20      0.3716166E-04 0.6804E-07  0.3708673E-04 0.1520E-07 0.9477    
   
   
 Integral Regular:   3.7086730806091014E-005 +-   1.5204993420203073E-008
 with chisq    =  0.94773678559408392     
  
  
  
 For xq =          600 
  
 RM48 INITIALIZED:        40           0         0



 INPUT PARAMETERS FOR VEGAS:  NDIM=  4  NCALL=   48020000.
                              IT=    0  ITMX=   10
                              MDS= -1   ND=  35
   1      0.1665877E-04 0.7565E-06  0.1665877E-04 0.7565E-06  0.000    
   2      0.1586177E-04 0.1439E-06  0.1589235E-04 0.1447E-06  1.120    
   3      0.1601543E-04 0.1084E-06  0.1597032E-04 0.8715E-07 0.7970    
   4      0.1579474E-04 0.9980E-07  0.1589644E-04 0.6593E-07  1.114    
   5      0.1592012E-04 0.9759E-07  0.1590375E-04 0.5470E-07 0.8489    
   6      0.1573988E-04 0.9618E-07  0.1586489E-04 0.4762E-07  1.112    
   7      0.1592937E-04 0.9640E-07  0.1587744E-04 0.4270E-07 0.9875    
   8      0.1575845E-04 0.9571E-07  0.1585816E-04 0.3902E-07  1.030    
   9      0.1588045E-04 0.9581E-07  0.1586131E-04 0.3615E-07 0.9079    
  10      0.1575815E-04 0.9562E-07  0.1584869E-04 0.3382E-07 0.9200    



 INPUT PARAMETERS FOR VEGAS:  NDIM=  4  NCALL=  457773282.
                              IT=    0  ITMX=   20
                              MDS= -1   ND=  41
   1      0.1583182E-04 0.3065E-07  0.1583182E-04 0.3065E-07  0.000    
   2      0.1587341E-04 0.3075E-07  0.1585261E-04 0.2171E-07 0.9178    
   3      0.1583834E-04 0.3068E-07  0.1584785E-04 0.1772E-07 0.5312    
   4      0.1584775E-04 0.3068E-07  0.1584783E-04 0.1535E-07 0.3541    
   5      0.1587616E-04 0.3072E-07  0.1585350E-04 0.1373E-07 0.4360    
   6      0.1588535E-04 0.3071E-07  0.1585883E-04 0.1253E-07 0.5283    
   7      0.1585255E-04 0.3072E-07  0.1585793E-04 0.1160E-07 0.4463    
   8      0.1588142E-04 0.3074E-07  0.1586087E-04 0.1086E-07 0.4555    
   9      0.1584289E-04 0.3063E-07  0.1585887E-04 0.1023E-07 0.4369    
  10      0.1581957E-04 0.3066E-07  0.1585494E-04 0.9706E-08 0.5522    
  11      0.1586502E-04 0.3069E-07  0.1585586E-04 0.9254E-08 0.5067    
  12      0.1582777E-04 0.3066E-07  0.1585352E-04 0.8860E-08 0.5305    
  13      0.1585514E-04 0.3069E-07  0.1585365E-04 0.8512E-08 0.4865    
  14      0.1586114E-04 0.3069E-07  0.1585418E-04 0.8202E-08 0.4533    
  15      0.1580902E-04 0.3066E-07  0.1585118E-04 0.7924E-08 0.5650    
  16      0.1590097E-04 0.3070E-07  0.1585431E-04 0.7672E-08 0.6923    
  17      0.1581442E-04 0.3067E-07  0.1585197E-04 0.7443E-08 0.7483    
  18      0.1586889E-04 0.3069E-07  0.1585291E-04 0.7233E-08 0.7212    
  19      0.1591987E-04 0.3071E-07  0.1585646E-04 0.7041E-08 0.9329    
  20      0.1585281E-04 0.3068E-07  0.1585628E-04 0.6862E-08 0.8845    
   
   
 Integral Regular:   1.5856279218366109E-005 +-   6.8622066256621620E-009
 with chisq    =  0.88452700353343727     
  
  
  
 For xq =          700 
  
 RM48 INITIALIZED:        40           0         0



 INPUT PARAMETERS FOR VEGAS:  NDIM=  4  NCALL=   48020000.
                              IT=    0  ITMX=   10
                              MDS= -1   ND=  35
   1      0.8018504E-05 0.3578E-06  0.8018504E-05 0.3578E-06  0.000    
   2      0.7677460E-05 0.6934E-07  0.7690885E-05 0.6949E-07 0.9109    
   3      0.7605708E-05 0.5289E-07  0.7638210E-05 0.4249E-07 0.9392    
   4      0.7546192E-05 0.4946E-07  0.7600447E-05 0.3239E-07  1.286    
   5      0.7628675E-05 0.4863E-07  0.7608988E-05 0.2699E-07  1.026    
   6      0.7576480E-05 0.4820E-07  0.7601412E-05 0.2358E-07 0.8934    
   7      0.7574780E-05 0.4783E-07  0.7596318E-05 0.2116E-07 0.7882    
   8      0.7526754E-05 0.4777E-07  0.7585243E-05 0.1936E-07 0.9254    
   9      0.7651920E-05 0.4832E-07  0.7594480E-05 0.1797E-07  1.015    
  10      0.7541318E-05 0.4778E-07  0.7588049E-05 0.1683E-07  1.023    



 INPUT PARAMETERS FOR VEGAS:  NDIM=  4  NCALL=  457773282.
                              IT=    0  ITMX=   20
                              MDS= -1   ND=  41
   1      0.7581818E-05 0.1534E-07  0.7581818E-05 0.1534E-07  0.000    
   2      0.7621575E-05 0.1540E-07  0.7601729E-05 0.1087E-07  3.345    
   3      0.7587800E-05 0.1534E-07  0.7597085E-05 0.8868E-08  1.949    
   4      0.7580807E-05 0.1533E-07  0.7593017E-05 0.7676E-08  1.582    
   5      0.7585701E-05 0.1535E-07  0.7591555E-05 0.6865E-08  1.232    
   6      0.7573170E-05 0.1533E-07  0.7588496E-05 0.6266E-08  1.225    
   7      0.7600226E-05 0.1537E-07  0.7590172E-05 0.5802E-08  1.104    
   8      0.7581831E-05 0.1535E-07  0.7589131E-05 0.5427E-08 0.9835    
   9      0.7596193E-05 0.1535E-07  0.7589917E-05 0.5117E-08 0.8839    
  10      0.7555455E-05 0.1532E-07  0.7586486E-05 0.4853E-08  1.289    
  11      0.7610224E-05 0.1538E-07  0.7588648E-05 0.4628E-08  1.377    
  12      0.7592413E-05 0.1534E-07  0.7588963E-05 0.4431E-08  1.257    
  13      0.7583370E-05 0.1534E-07  0.7588533E-05 0.4257E-08  1.162    
  14      0.7592002E-05 0.1537E-07  0.7588780E-05 0.4102E-08  1.077    
  15      0.7594898E-05 0.1536E-07  0.7589188E-05 0.3963E-08  1.010    
  16      0.7572167E-05 0.1533E-07  0.7588126E-05 0.3837E-08  1.020    
  17      0.7580686E-05 0.1534E-07  0.7587689E-05 0.3722E-08 0.9700    
  18      0.7583442E-05 0.1535E-07  0.7587453E-05 0.3618E-08 0.9172    
  19      0.7619865E-05 0.1537E-07  0.7589168E-05 0.3521E-08  1.102    
  20      0.7609237E-05 0.1538E-07  0.7590173E-05 0.3432E-08  1.129    
   
   
 Integral Regular:   7.5901732479984687E-006 +-   3.4324927219010489E-009
 with chisq    =   1.1290910250684820     
  
  
  
 For xq =          800 
  
 RM48 INITIALIZED:        40           0         0



 INPUT PARAMETERS FOR VEGAS:  NDIM=  4  NCALL=   48020000.
                              IT=    0  ITMX=   10
                              MDS= -1   ND=  35
   1      0.4084173E-05 0.1742E-06  0.4084173E-05 0.1742E-06  0.000    
   2      0.4023624E-05 0.3716E-07  0.4026337E-05 0.3660E-07 0.1172    
   3      0.3937105E-05 0.2814E-07  0.3971489E-05 0.2250E-07  1.922    
   4      0.3970316E-05 0.2666E-07  0.3971007E-05 0.1723E-07  1.289    
   5      0.3988757E-05 0.2621E-07  0.3976333E-05 0.1440E-07  1.048    
   6      0.3960337E-05 0.2589E-07  0.3972612E-05 0.1259E-07 0.8988    
   7      0.3955252E-05 0.2585E-07  0.3969334E-05 0.1133E-07 0.8111    
   8      0.3914522E-05 0.2564E-07  0.3960661E-05 0.1037E-07  1.230    
   9      0.3920117E-05 0.2586E-07  0.3955190E-05 0.9628E-08  1.339    
  10      0.3943481E-05 0.2584E-07  0.3953781E-05 0.9024E-08  1.211    



 INPUT PARAMETERS FOR VEGAS:  NDIM=  4  NCALL=  457773282.
                              IT=    0  ITMX=   20
                              MDS= -1   ND=  41
   1      0.3937087E-05 0.8263E-08  0.3937087E-05 0.8263E-08  0.000    
   2      0.3945089E-05 0.8280E-08  0.3941088E-05 0.5849E-08 0.4680    
   3      0.3936927E-05 0.8264E-08  0.3939701E-05 0.4774E-08 0.3186    
   4      0.3959355E-05 0.8295E-08  0.3944628E-05 0.4138E-08  1.625    
   5      0.3955948E-05 0.8293E-08  0.3946894E-05 0.3702E-08  1.591    
   6      0.3947458E-05 0.8273E-08  0.3946989E-05 0.3379E-08  1.274    
   7      0.3939511E-05 0.8272E-08  0.3945923E-05 0.3128E-08  1.178    
   8      0.3948813E-05 0.8283E-08  0.3946284E-05 0.2927E-08  1.025    
   9      0.3920893E-05 0.8255E-08  0.3943481E-05 0.2758E-08  1.938    
  10      0.3942642E-05 0.8285E-08  0.3943398E-05 0.2617E-08  1.724    
  11      0.3934067E-05 0.8260E-08  0.3942550E-05 0.2495E-08  1.668    
  12      0.3940913E-05 0.8290E-08  0.3942414E-05 0.2389E-08  1.519    
  13      0.3941530E-05 0.8269E-08  0.3942346E-05 0.2295E-08  1.394    
  14      0.3937824E-05 0.8279E-08  0.3942024E-05 0.2212E-08  1.308    
  15      0.3931573E-05 0.8268E-08  0.3941330E-05 0.2137E-08  1.321    
  16      0.3928004E-05 0.8258E-08  0.3940499E-05 0.2069E-08  1.395    
  17      0.3946069E-05 0.8275E-08  0.3940827E-05 0.2007E-08  1.335    
  18      0.3941775E-05 0.8279E-08  0.3940880E-05 0.1950E-08  1.257    
  19      0.3953419E-05 0.8291E-08  0.3941541E-05 0.1898E-08  1.308    
  20      0.3932447E-05 0.8264E-08  0.3941087E-05 0.1850E-08  1.299    
   
   
 Integral Regular:   3.9410872963573521E-006 +-   1.8502810292114723E-009
 with chisq    =   1.2993491456381416     
  
  
  
 For xq =          900 
  
 RM48 INITIALIZED:        40           0         0



 INPUT PARAMETERS FOR VEGAS:  NDIM=  4  NCALL=   48020000.
                              IT=    0  ITMX=   10
                              MDS= -1   ND=  35
   1      0.2157920E-05 0.9021E-07  0.2157920E-05 0.9021E-07  0.000    
   2      0.2176377E-05 0.2019E-07  0.2175512E-05 0.1962E-07 0.3956E-01
   3      0.2197158E-05 0.1588E-07  0.2188732E-05 0.1230E-07 0.3878    
   4      0.2171582E-05 0.1501E-07  0.2181865E-05 0.9518E-08 0.5187    
   5      0.2198880E-05 0.1491E-07  0.2186866E-05 0.8015E-08 0.6211    
   6      0.2189509E-05 0.1475E-07  0.2187472E-05 0.7041E-08 0.5012    
   7      0.2173909E-05 0.1466E-07  0.2184944E-05 0.6347E-08 0.5335    
   8      0.2175324E-05 0.1469E-07  0.2183437E-05 0.5827E-08 0.5090    
   9      0.2189973E-05 0.1478E-07  0.2184323E-05 0.5420E-08 0.4663    
  10      0.2173148E-05 0.1470E-07  0.2182995E-05 0.5086E-08 0.4709    



 INPUT PARAMETERS FOR VEGAS:  NDIM=  4  NCALL=  457773282.
                              IT=    0  ITMX=   20
                              MDS= -1   ND=  41
   1      0.2179168E-05 0.4724E-08  0.2179168E-05 0.4724E-08  0.000    
   2      0.2182489E-05 0.4723E-08  0.2180831E-05 0.3340E-08 0.2472    
   3      0.2174190E-05 0.4714E-08  0.2178620E-05 0.2725E-08 0.7833    
   4      0.2187382E-05 0.4727E-08  0.2180819E-05 0.2361E-08  1.384    
   5      0.2173899E-05 0.4714E-08  0.2179439E-05 0.2111E-08  1.468    
   6      0.2186548E-05 0.4724E-08  0.2180628E-05 0.1927E-08  1.553    
   7      0.2180199E-05 0.4721E-08  0.2180567E-05 0.1784E-08  1.295    
   8      0.2186095E-05 0.4733E-08  0.2181258E-05 0.1670E-08  1.281    
   9      0.2182515E-05 0.4725E-08  0.2181398E-05 0.1574E-08  1.128    
  10      0.2176536E-05 0.4716E-08  0.2180913E-05 0.1493E-08  1.109    
  11      0.2174763E-05 0.4706E-08  0.2180353E-05 0.1423E-08  1.153    
  12      0.2172900E-05 0.4712E-08  0.2179734E-05 0.1363E-08  1.256    
  13      0.2177936E-05 0.4727E-08  0.2179596E-05 0.1309E-08  1.163    
  14      0.2183326E-05 0.4724E-08  0.2179863E-05 0.1262E-08  1.118    
  15      0.2176467E-05 0.4713E-08  0.2179636E-05 0.1219E-08  1.073    
  16      0.2179866E-05 0.4720E-08  0.2179651E-05 0.1180E-08  1.001    
  17      0.2181218E-05 0.4718E-08  0.2179743E-05 0.1145E-08 0.9451    
  18      0.2181183E-05 0.4722E-08  0.2179823E-05 0.1113E-08 0.8946    
  19      0.2172608E-05 0.4711E-08  0.2179444E-05 0.1083E-08 0.9679    
  20      0.2178364E-05 0.4724E-08  0.2179391E-05 0.1055E-08 0.9196    
   
   
 Integral Regular:   2.1793905649028760E-006 +-   1.0554024075979921E-009
 with chisq    =  0.91964603434970782     
  
  
  
 For xq =         1000 
  
 RM48 INITIALIZED:        40           0         0



 INPUT PARAMETERS FOR VEGAS:  NDIM=  4  NCALL=   48020000.
                              IT=    0  ITMX=   10
                              MDS= -1   ND=  35
   1      0.1286566E-05 0.5312E-07  0.1286566E-05 0.5312E-07  0.000    
   2      0.1276687E-05 0.1190E-07  0.1277166E-05 0.1166E-07 0.3316E-01
   3      0.1259776E-05 0.9329E-08  0.1266708E-05 0.7318E-08 0.6937    
   4      0.1261752E-05 0.8933E-08  0.1264742E-05 0.5670E-08 0.5257    
   5      0.1262212E-05 0.8847E-08  0.1264013E-05 0.4777E-08 0.4098    
   6      0.1253907E-05 0.8740E-08  0.1261732E-05 0.4195E-08 0.5320    
   7      0.1276596E-05 0.8795E-08  0.1264521E-05 0.3785E-08 0.8341    
   8      0.1268216E-05 0.8806E-08  0.1265097E-05 0.3477E-08 0.7362    
   9      0.1269244E-05 0.8782E-08  0.1265660E-05 0.3233E-08 0.6682    
  10      0.1274559E-05 0.8840E-08  0.1266719E-05 0.3036E-08 0.6934    



 INPUT PARAMETERS FOR VEGAS:  NDIM=  4  NCALL=  457773282.
                              IT=    0  ITMX=   20
                              MDS= -1   ND=  41
   1      0.1265054E-05 0.2819E-08  0.1265054E-05 0.2819E-08  0.000    
   2      0.1266089E-05 0.2820E-08  0.1265571E-05 0.1994E-08 0.6737E-01
   3      0.1268418E-05 0.2827E-08  0.1266520E-05 0.1629E-08 0.3728    
   4      0.1264990E-05 0.2817E-08  0.1266137E-05 0.1410E-08 0.3222    
   5      0.1262342E-05 0.2814E-08  0.1265379E-05 0.1261E-08 0.6040    
   6      0.1268181E-05 0.2819E-08  0.1265848E-05 0.1151E-08 0.6480    
   7      0.1267313E-05 0.2820E-08  0.1266057E-05 0.1066E-08 0.5785    
   8      0.1268584E-05 0.2824E-08  0.1266373E-05 0.9970E-09 0.5960    
   9      0.1265546E-05 0.2819E-08  0.1266281E-05 0.9400E-09 0.5311    
  10      0.1265667E-05 0.2821E-08  0.1266220E-05 0.8918E-09 0.4769    
  11      0.1265901E-05 0.2816E-08  0.1266191E-05 0.8502E-09 0.4304    
  12      0.1264407E-05 0.2820E-08  0.1266043E-05 0.8140E-09 0.4246    
  13      0.1261034E-05 0.2815E-08  0.1265659E-05 0.7819E-09 0.6313    
  14      0.1264701E-05 0.2820E-08  0.1265591E-05 0.7535E-09 0.5910    
  15      0.1261431E-05 0.2815E-08  0.1265314E-05 0.7279E-09 0.6938    
  16      0.1266562E-05 0.2818E-08  0.1265392E-05 0.7048E-09 0.6597    
  17      0.1265963E-05 0.2821E-08  0.1265426E-05 0.6837E-09 0.6209    
  18      0.1268763E-05 0.2823E-08  0.1265612E-05 0.6645E-09 0.6622    
  19      0.1261821E-05 0.2813E-08  0.1265413E-05 0.6467E-09 0.7206    
  20      0.1264529E-05 0.2822E-08  0.1265369E-05 0.6304E-09 0.6877    
   
   
 Integral Regular:   1.2653685058608341E-006 +-   6.3037665894589641E-010
 with chisq    =  0.68766530863736564     
  
  
  
 For xq =         1100 
  
 RM48 INITIALIZED:        40           0         0



 INPUT PARAMETERS FOR VEGAS:  NDIM=  4  NCALL=   48020000.
                              IT=    0  ITMX=   10
                              MDS= -1   ND=  35
   1      0.7283079E-06 0.3013E-07  0.7283079E-06 0.3013E-07  0.000    
   2      0.7637284E-06 0.7238E-08  0.7619616E-06 0.6894E-08  1.251    
   3      0.7592838E-06 0.5727E-08  0.7603548E-06 0.4385E-08 0.6630    
   4      0.7670251E-06 0.5551E-08  0.7629865E-06 0.3431E-08 0.7381    
   5      0.7697754E-06 0.5492E-08  0.7649469E-06 0.2905E-08 0.8295    
   6      0.7620363E-06 0.5422E-08  0.7642920E-06 0.2560E-08 0.7074    
   7      0.7672185E-06 0.5468E-08  0.7648280E-06 0.2318E-08 0.6274    
   8      0.7555957E-06 0.5392E-08  0.7634018E-06 0.2130E-08 0.8891    
   9      0.7677751E-06 0.5441E-08  0.7639943E-06 0.1983E-08 0.8473    
  10      0.7723454E-06 0.5476E-08  0.7649895E-06 0.1864E-08 0.9849    



 INPUT PARAMETERS FOR VEGAS:  NDIM=  4  NCALL=  457773282.
                              IT=    0  ITMX=   20
                              MDS= -1   ND=  41
   1      0.7632848E-06 0.1743E-08  0.7632848E-06 0.1743E-08  0.000    
   2      0.7631066E-06 0.1743E-08  0.7631957E-06 0.1233E-08 0.5224E-02
   3      0.7618212E-06 0.1743E-08  0.7627384E-06 0.1006E-08 0.2097    
   4      0.7638023E-06 0.1742E-08  0.7630052E-06 0.8714E-09 0.2331    
   5      0.7648498E-06 0.1744E-08  0.7633751E-06 0.7795E-09 0.3990    
   6      0.7664980E-06 0.1746E-08  0.7638975E-06 0.7118E-09 0.8550    
   7      0.7652771E-06 0.1747E-08  0.7640945E-06 0.6592E-09 0.8015    
   8      0.7629232E-06 0.1742E-08  0.7639482E-06 0.6165E-09 0.7437    
   9      0.7631874E-06 0.1744E-08  0.7638638E-06 0.5813E-09 0.6720    
  10      0.7647265E-06 0.1742E-08  0.7639503E-06 0.5514E-09 0.6217    
  11      0.7650128E-06 0.1744E-08  0.7640471E-06 0.5257E-09 0.5932    
  12      0.7616749E-06 0.1738E-08  0.7638495E-06 0.5032E-09 0.6939    
  13      0.7643608E-06 0.1745E-08  0.7638888E-06 0.4835E-09 0.6426    
  14      0.7654557E-06 0.1745E-08  0.7640009E-06 0.4660E-09 0.6508    
  15      0.7661292E-06 0.1744E-08  0.7641434E-06 0.4502E-09 0.7038    
  16      0.7611262E-06 0.1740E-08  0.7639555E-06 0.4358E-09 0.8438    
  17      0.7631915E-06 0.1746E-08  0.7639108E-06 0.4228E-09 0.8024    
  18      0.7631232E-06 0.1741E-08  0.7638670E-06 0.4109E-09 0.7666    
  19      0.7630062E-06 0.1741E-08  0.7638217E-06 0.3999E-09 0.7370    
  20      0.7654308E-06 0.1746E-08  0.7639022E-06 0.3898E-09 0.7407    
   
   
 Integral Regular:   7.6390217426976936E-007 +-   3.8982547957088927E-010
 with chisq    =  0.74065646803910123     
  
  
  
 For xq =         1200 
  
 RM48 INITIALIZED:        40           0         0



 INPUT PARAMETERS FOR VEGAS:  NDIM=  4  NCALL=   48020000.
                              IT=    0  ITMX=   10
                              MDS= -1   ND=  35
   1      0.5005429E-06 0.2023E-07  0.5005429E-06 0.2023E-07  0.000    
   2      0.4766273E-06 0.4545E-08  0.4778887E-06 0.4536E-08  1.389    
   3      0.4776514E-06 0.3648E-08  0.4777473E-06 0.2861E-08 0.7057    
   4      0.4742859E-06 0.3493E-08  0.4763949E-06 0.2221E-08 0.6684    
   5      0.4753367E-06 0.3468E-08  0.4760936E-06 0.1873E-08 0.5205    
   6      0.4692461E-06 0.3446E-08  0.4745910E-06 0.1648E-08  1.011    
   7      0.4776747E-06 0.3453E-08  0.4751603E-06 0.1487E-08 0.9513    
   8      0.4720709E-06 0.3444E-08  0.4746862E-06 0.1366E-08 0.9132    
   9      0.4770184E-06 0.3466E-08  0.4749985E-06 0.1271E-08 0.8482    
  10      0.4699642E-06 0.3441E-08  0.4744117E-06 0.1193E-08 0.9603    



 INPUT PARAMETERS FOR VEGAS:  NDIM=  4  NCALL=  457773282.
                              IT=    0  ITMX=   20
                              MDS= -1   ND=  41
   1      0.4763129E-06 0.1112E-08  0.4763129E-06 0.1112E-08  0.000    
   2      0.4781082E-06 0.1115E-08  0.4772116E-06 0.7873E-09  1.300    
   3      0.4756647E-06 0.1111E-08  0.4766964E-06 0.6423E-09  1.296    
   4      0.4788763E-06 0.1117E-08  0.4772419E-06 0.5568E-09  1.820    
   5      0.4773033E-06 0.1115E-08  0.4772541E-06 0.4981E-09  1.366    
   6      0.4776722E-06 0.1114E-08  0.4773239E-06 0.4547E-09  1.116    
   7      0.4772338E-06 0.1113E-08  0.4773110E-06 0.4210E-09 0.9308    
   8      0.4762341E-06 0.1112E-08  0.4771765E-06 0.3937E-09 0.9151    
   9      0.4764971E-06 0.1112E-08  0.4771010E-06 0.3711E-09 0.8424    
  10      0.4765654E-06 0.1114E-08  0.4770477E-06 0.3521E-09 0.7720    
  11      0.4758974E-06 0.1111E-08  0.4769432E-06 0.3356E-09 0.7921    
  12      0.4765829E-06 0.1113E-08  0.4769132E-06 0.3214E-09 0.7289    
  13      0.4776619E-06 0.1113E-08  0.4769709E-06 0.3087E-09 0.7029    
  14      0.4768302E-06 0.1113E-08  0.4769609E-06 0.2975E-09 0.6500    
  15      0.4769531E-06 0.1113E-08  0.4769604E-06 0.2874E-09 0.6036    
  16      0.4754815E-06 0.1110E-08  0.4768679E-06 0.2782E-09 0.6739    
  17      0.4779672E-06 0.1114E-08  0.4769328E-06 0.2699E-09 0.6892    
  18      0.4782058E-06 0.1116E-08  0.4770035E-06 0.2624E-09 0.7211    
  19      0.4766156E-06 0.1112E-08  0.4769831E-06 0.2554E-09 0.6875    
  20      0.4782130E-06 0.1115E-08  0.4770447E-06 0.2489E-09 0.7123    
   
   
 Integral Regular:   4.7704468904557879E-007 +-   2.4890699200418796E-010
 with chisq    =  0.71230532706443916     
  
  
  
 For xq =         1300 
  
 RM48 INITIALIZED:        40           0         0



 INPUT PARAMETERS FOR VEGAS:  NDIM=  4  NCALL=   48020000.
                              IT=    0  ITMX=   10
                              MDS= -1   ND=  35
   1      0.2956867E-06 0.1171E-07  0.2956867E-06 0.1171E-07  0.000    
   2      0.3053334E-06 0.2968E-08  0.3047854E-06 0.2837E-08 0.6195    
   3      0.3048078E-06 0.2369E-08  0.3047987E-06 0.1812E-08 0.3068    
   4      0.3013606E-06 0.2268E-08  0.3034630E-06 0.1416E-08 0.6716    
   5      0.3044499E-06 0.2268E-08  0.3037433E-06 0.1200E-08 0.5363    
   6      0.3070100E-06 0.2263E-08  0.3044775E-06 0.1060E-08 0.7581    
   7      0.3107012E-06 0.2275E-08  0.3056324E-06 0.9596E-09  1.687    
   8      0.3044762E-06 0.2252E-08  0.3054545E-06 0.8828E-09  1.477    
   9      0.3069147E-06 0.2256E-08  0.3056513E-06 0.8220E-09  1.336    
  10      0.3032365E-06 0.2264E-08  0.3053722E-06 0.7727E-09  1.300    



 INPUT PARAMETERS FOR VEGAS:  NDIM=  4  NCALL=  457773282.
                              IT=    0  ITMX=   20
                              MDS= -1   ND=  41
   1      0.3056177E-06 0.7267E-09  0.3056177E-06 0.7267E-09  0.000    
   2      0.3062418E-06 0.7272E-09  0.3059302E-06 0.5140E-09 0.3685    
   3      0.3056260E-06 0.7273E-09  0.3058290E-06 0.4198E-09 0.2426    
   4      0.3061319E-06 0.7271E-09  0.3059048E-06 0.3635E-09 0.2051    
   5      0.3058093E-06 0.7271E-09  0.3058857E-06 0.3252E-09 0.1573    
   6      0.3058399E-06 0.7275E-09  0.3058781E-06 0.2969E-09 0.1265    
   7      0.3069019E-06 0.7287E-09  0.3060247E-06 0.2749E-09 0.3888    
   8      0.3060513E-06 0.7276E-09  0.3060280E-06 0.2572E-09 0.3334    
   9      0.3050145E-06 0.7260E-09  0.3059157E-06 0.2424E-09 0.5073    
  10      0.3045496E-06 0.7246E-09  0.3057793E-06 0.2299E-09 0.8040    
  11      0.3064372E-06 0.7275E-09  0.3058392E-06 0.2192E-09 0.7979    
  12      0.3062019E-06 0.7273E-09  0.3058695E-06 0.2099E-09 0.7460    
  13      0.3047465E-06 0.7251E-09  0.3057833E-06 0.2016E-09 0.8675    
  14      0.3044220E-06 0.7255E-09  0.3056865E-06 0.1942E-09  1.051    
  15      0.3071690E-06 0.7281E-09  0.3057859E-06 0.1877E-09  1.254    
  16      0.3059856E-06 0.7266E-09  0.3057984E-06 0.1817E-09  1.175    
  17      0.3062393E-06 0.7281E-09  0.3058243E-06 0.1763E-09  1.123    
  18      0.3066082E-06 0.7268E-09  0.3058681E-06 0.1713E-09  1.121    
  19      0.3057135E-06 0.7265E-09  0.3058600E-06 0.1668E-09  1.062    
  20      0.3069841E-06 0.7278E-09  0.3059164E-06 0.1626E-09  1.125    
   
   
 Integral Regular:   3.0591642572171403E-007 +-   1.6255642319693474E-010
 with chisq    =   1.1254151361707687     
  
  
  
 For xq =         1400 
  
 RM48 INITIALIZED:        40           0         0



 INPUT PARAMETERS FOR VEGAS:  NDIM=  4  NCALL=   48020000.
                              IT=    0  ITMX=   10
                              MDS= -1   ND=  35
   1      0.2084393E-06 0.7961E-08  0.2084393E-06 0.7961E-08  0.000    
   2      0.2002325E-06 0.1971E-08  0.2007434E-06 0.1948E-08  1.036    
   3      0.2033944E-06 0.1581E-08  0.2023351E-06 0.1229E-08  1.078    
   4      0.2008539E-06 0.1524E-08  0.2017624E-06 0.9589E-09 0.9128    
   5      0.2012374E-06 0.1517E-08  0.2016147E-06 0.8113E-09 0.7085    
   6      0.1989219E-06 0.1499E-08  0.2010228E-06 0.7143E-09  1.058    
   7      0.2004701E-06 0.1504E-08  0.2009225E-06 0.6455E-09 0.9019    
   8      0.2008085E-06 0.1505E-08  0.2009050E-06 0.5933E-09 0.7748    
   9      0.1996835E-06 0.1497E-08  0.2007421E-06 0.5517E-09 0.7503    
  10      0.2038781E-06 0.1520E-08  0.2011144E-06 0.5185E-09  1.091    



 INPUT PARAMETERS FOR VEGAS:  NDIM=  4  NCALL=  457773282.
                              IT=    0  ITMX=   20
                              MDS= -1   ND=  41
   1      0.2010135E-06 0.4854E-09  0.2010135E-06 0.4854E-09  0.000    
   2      0.2004534E-06 0.4851E-09  0.2007340E-06 0.3431E-09 0.6661    
   3      0.2007449E-06 0.4848E-09  0.2007377E-06 0.2801E-09 0.3332    
   4      0.2006210E-06 0.4842E-09  0.2007084E-06 0.2424E-09 0.2367    
   5      0.2012455E-06 0.4857E-09  0.2008160E-06 0.2169E-09 0.4228    
   6      0.2018889E-06 0.4875E-09  0.2009950E-06 0.1982E-09  1.152    
   7      0.2007240E-06 0.4851E-09  0.2009563E-06 0.1835E-09  1.005    
   8      0.2008851E-06 0.4852E-09  0.2009474E-06 0.1716E-09 0.8641    
   9      0.2014081E-06 0.4866E-09  0.2009986E-06 0.1618E-09 0.8558    
  10      0.2000236E-06 0.4841E-09  0.2009014E-06 0.1535E-09  1.164    
  11      0.2001108E-06 0.4842E-09  0.2008297E-06 0.1463E-09  1.289    
  12      0.1996762E-06 0.4840E-09  0.2007341E-06 0.1401E-09  1.641    
  13      0.2014615E-06 0.4849E-09  0.2007905E-06 0.1346E-09  1.678    
  14      0.2001623E-06 0.4844E-09  0.2007458E-06 0.1296E-09  1.669    
  15      0.2001901E-06 0.4836E-09  0.2007087E-06 0.1252E-09  1.638    
  16      0.2006516E-06 0.4851E-09  0.2007052E-06 0.1213E-09  1.530    
  17      0.1997518E-06 0.4835E-09  0.2006493E-06 0.1176E-09  1.662    
  18      0.2007701E-06 0.4858E-09  0.2006560E-06 0.1143E-09  1.567    
  19      0.2014775E-06 0.4858E-09  0.2006994E-06 0.1113E-09  1.631    
  20      0.2004940E-06 0.4847E-09  0.2006891E-06 0.1084E-09  1.554    
   
   
 Integral Regular:   2.0068912013792909E-007 +-   1.0844756078329396E-010
 with chisq    =   1.5542962372865898     
  
  
  
 For xq =         1500 
  
 RM48 INITIALIZED:        40           0         0



 INPUT PARAMETERS FOR VEGAS:  NDIM=  4  NCALL=   48020000.
                              IT=    0  ITMX=   10
                              MDS= -1   ND=  35
   1      0.1334534E-06 0.5135E-08  0.1334534E-06 0.5135E-08  0.000    
   2      0.1360532E-06 0.1317E-08  0.1358985E-06 0.1265E-08 0.2364    
   3      0.1357042E-06 0.1076E-08  0.1357851E-06 0.8181E-09 0.1245    
   4      0.1356553E-06 0.1045E-08  0.1357355E-06 0.6439E-09 0.8604E-01
   5      0.1352766E-06 0.1033E-08  0.1356071E-06 0.5465E-09 0.1000    
   6      0.1339276E-06 0.1027E-08  0.1352422E-06 0.4827E-09 0.4921    
   7      0.1341733E-06 0.1028E-08  0.1350510E-06 0.4370E-09 0.5573    
   8      0.1354553E-06 0.1033E-08  0.1351128E-06 0.4024E-09 0.4958    
   9      0.1313880E-06 0.1015E-08  0.1346301E-06 0.3744E-09  1.832    
  10      0.1346546E-06 0.1040E-08  0.1346329E-06 0.3522E-09  1.629    



 INPUT PARAMETERS FOR VEGAS:  NDIM=  4  NCALL=  457773282.
                              IT=    0  ITMX=   20
                              MDS= -1   ND=  41
   1      0.1347286E-06 0.3312E-09  0.1347286E-06 0.3312E-09  0.000    
   2      0.1338882E-06 0.3300E-09  0.1343094E-06 0.2338E-09  3.231    
   3      0.1343951E-06 0.3308E-09  0.1343380E-06 0.1909E-09  1.637    
   4      0.1341402E-06 0.3308E-09  0.1342887E-06 0.1653E-09  1.182    
   5      0.1341952E-06 0.3309E-09  0.1342700E-06 0.1479E-09 0.9023    
   6      0.1343127E-06 0.3309E-09  0.1342771E-06 0.1350E-09 0.7246    
   7      0.1339990E-06 0.3305E-09  0.1342375E-06 0.1250E-09 0.7051    
   8      0.1337848E-06 0.3304E-09  0.1341811E-06 0.1169E-09 0.8383    
   9      0.1340821E-06 0.3305E-09  0.1341701E-06 0.1102E-09 0.7436    
  10      0.1340419E-06 0.3299E-09  0.1341573E-06 0.1045E-09 0.6762    
  11      0.1340781E-06 0.3304E-09  0.1341501E-06 0.9967E-10 0.6138    
  12      0.1342037E-06 0.3305E-09  0.1341545E-06 0.9542E-10 0.5602    
  13      0.1340306E-06 0.3305E-09  0.1341450E-06 0.9168E-10 0.5244    
  14      0.1344810E-06 0.3309E-09  0.1341691E-06 0.8835E-10 0.5578    
  15      0.1338903E-06 0.3303E-09  0.1341505E-06 0.8535E-10 0.5654    
  16      0.1337795E-06 0.3297E-09  0.1341274E-06 0.8263E-10 0.6066    
  17      0.1338413E-06 0.3299E-09  0.1341105E-06 0.8015E-10 0.6129    
  18      0.1342205E-06 0.3310E-09  0.1341166E-06 0.7790E-10 0.5829    
  19      0.1340013E-06 0.3308E-09  0.1341106E-06 0.7583E-10 0.5570    
  20      0.1343190E-06 0.3306E-09  0.1341210E-06 0.7391E-10 0.5475    
   
   
 Integral Regular:   1.3412102284986787E-007 +-   7.3907106046134218E-011
 with chisq    =  0.54752621116242484     
  
  
  
 For xq =         1600 
  
 RM48 INITIALIZED:        40           0         0



 INPUT PARAMETERS FOR VEGAS:  NDIM=  4  NCALL=   48020000.
                              IT=    0  ITMX=   10
                              MDS= -1   ND=  35
   1      0.8898527E-07 0.3494E-08  0.8898527E-07 0.3494E-08  0.000    
   2      0.9012747E-07 0.8823E-09  0.9006062E-07 0.8507E-09 0.9932E-01
   3      0.9122243E-07 0.7317E-09  0.9073888E-07 0.5523E-09 0.5867    
   4      0.9140901E-07 0.7152E-09  0.9099367E-07 0.4363E-09 0.5736    
   5      0.9058029E-07 0.7073E-09  0.9087946E-07 0.3713E-09 0.4919    
   6      0.9258858E-07 0.7164E-09  0.9125474E-07 0.3293E-09  1.314    
   7      0.9014532E-07 0.7058E-09  0.9105884E-07 0.2985E-09  1.432    
   8      0.9082754E-07 0.7033E-09  0.9102346E-07 0.2748E-09  1.240    
   9      0.9032509E-07 0.7060E-09  0.9093232E-07 0.2561E-09  1.192    
  10      0.9295867E-07 0.7219E-09  0.9116891E-07 0.2413E-09  1.862    



 INPUT PARAMETERS FOR VEGAS:  NDIM=  4  NCALL=  457773282.
                              IT=    0  ITMX=   20
                              MDS= -1   ND=  41
   1      0.9141591E-07 0.2282E-09  0.9141591E-07 0.2282E-09  0.000    
   2      0.9109198E-07 0.2279E-09  0.9125427E-07 0.1613E-09  1.009    
   3      0.9130153E-07 0.2281E-09  0.9127003E-07 0.1317E-09 0.5185    
   4      0.9128411E-07 0.2280E-09  0.9127356E-07 0.1140E-09 0.3466    
   5      0.9114357E-07 0.2280E-09  0.9124760E-07 0.1020E-09 0.3250    
   6      0.9159225E-07 0.2285E-09  0.9130521E-07 0.9313E-10 0.6410    
   7      0.9085294E-07 0.2273E-09  0.9124073E-07 0.8617E-10  1.096    
   8      0.9137780E-07 0.2281E-09  0.9125789E-07 0.8061E-10 0.9844    
   9      0.9116809E-07 0.2279E-09  0.9124792E-07 0.7600E-10 0.8787    
  10      0.9105947E-07 0.2277E-09  0.9122910E-07 0.7209E-10 0.8497    
  11      0.9115773E-07 0.2278E-09  0.9122261E-07 0.6873E-10 0.7738    
  12      0.9181626E-07 0.2290E-09  0.9127225E-07 0.6583E-10  1.269    
  13      0.9125391E-07 0.2281E-09  0.9127084E-07 0.6325E-10  1.164    
  14      0.9126063E-07 0.2278E-09  0.9127011E-07 0.6094E-10  1.075    
  15      0.9130621E-07 0.2279E-09  0.9127252E-07 0.5887E-10 0.9994    
  16      0.9100521E-07 0.2274E-09  0.9125582E-07 0.5700E-10  1.019    
  17      0.9136082E-07 0.2279E-09  0.9126202E-07 0.5529E-10 0.9677    
  18      0.9130720E-07 0.2279E-09  0.9126453E-07 0.5373E-10 0.9129    
  19      0.9129863E-07 0.2282E-09  0.9126632E-07 0.5230E-10 0.8633    
  20      0.9130346E-07 0.2284E-09  0.9126817E-07 0.5098E-10 0.8192    
   
   
 Integral Regular:   9.1268174479723452E-008 +-   5.0982823859190870E-011
 with chisq    =  0.81915909462330472     
  
  
  
 For xq =         1700 
  
 RM48 INITIALIZED:        40           0         0



 INPUT PARAMETERS FOR VEGAS:  NDIM=  4  NCALL=   48020000.
                              IT=    0  ITMX=   10
                              MDS= -1   ND=  35
   1      0.5964287E-07 0.2265E-08  0.5964287E-07 0.2265E-08  0.000    
   2      0.6294873E-07 0.6245E-09  0.6273754E-07 0.5885E-09  1.887    
   3      0.6277937E-07 0.5100E-09  0.6276191E-07 0.3833E-09 0.9300    
   4      0.6228049E-07 0.4958E-09  0.6258010E-07 0.3029E-09 0.8154    
   5      0.6296946E-07 0.4943E-09  0.6268903E-07 0.2580E-09 0.7222    
   6      0.6229302E-07 0.4921E-09  0.6260333E-07 0.2285E-09 0.6792    
   7      0.6196504E-07 0.4897E-09  0.6248983E-07 0.2071E-09 0.7981    
   8      0.6295330E-07 0.4930E-09  0.6256090E-07 0.1908E-09 0.7912    
   9      0.6284291E-07 0.4906E-09  0.6259858E-07 0.1778E-09 0.7272    
  10      0.6343983E-07 0.4985E-09  0.6269664E-07 0.1674E-09 0.9328    



 INPUT PARAMETERS FOR VEGAS:  NDIM=  4  NCALL=  457773282.
                              IT=    0  ITMX=   20
                              MDS= -1   ND=  41
   1      0.6281402E-07 0.1589E-09  0.6281402E-07 0.1589E-09  0.000    
   2      0.6304536E-07 0.1592E-09  0.6292989E-07 0.1125E-09  1.057    
   3      0.6289036E-07 0.1587E-09  0.6291669E-07 0.9178E-10 0.5495    
   4      0.6288480E-07 0.1591E-09  0.6290873E-07 0.7950E-10 0.3765    
   5      0.6320408E-07 0.1593E-09  0.6296808E-07 0.7113E-10 0.9739    
   6      0.6308289E-07 0.1592E-09  0.6298724E-07 0.6494E-10 0.8656    
   7      0.6283865E-07 0.1591E-09  0.6296609E-07 0.6012E-10 0.8461    
   8      0.6252301E-07 0.1585E-09  0.6291106E-07 0.5622E-10  1.692    
   9      0.6274422E-07 0.1590E-09  0.6289261E-07 0.5300E-10  1.603    
  10      0.6308722E-07 0.1591E-09  0.6291216E-07 0.5028E-10  1.574    
  11      0.6295781E-07 0.1590E-09  0.6291631E-07 0.4794E-10  1.424    
  12      0.6293587E-07 0.1591E-09  0.6291794E-07 0.4590E-10  1.296    
  13      0.6268177E-07 0.1588E-09  0.6289987E-07 0.4410E-10  1.358    
  14      0.6275761E-07 0.1589E-09  0.6288973E-07 0.4249E-10  1.311    
  15      0.6300740E-07 0.1594E-09  0.6289757E-07 0.4106E-10  1.253    
  16      0.6302503E-07 0.1592E-09  0.6290555E-07 0.3976E-10  1.210    
  17      0.6270321E-07 0.1586E-09  0.6289365E-07 0.3856E-10  1.230    
  18      0.6305934E-07 0.1594E-09  0.6290286E-07 0.3748E-10  1.217    
  19      0.6294919E-07 0.1589E-09  0.6290530E-07 0.3648E-10  1.154    
  20      0.6309120E-07 0.1593E-09  0.6291462E-07 0.3556E-10  1.161    
   
   
 Integral Regular:   6.2914615992401679E-008 +-   3.5562200582621939E-011
 with chisq    =   1.1613605011380490     
  
  
  
 For xq =         1800 
  
 RM48 INITIALIZED:        40           0         0



 INPUT PARAMETERS FOR VEGAS:  NDIM=  4  NCALL=   48020000.
                              IT=    0  ITMX=   10
                              MDS= -1   ND=  35
   1      0.4572589E-07 0.1677E-08  0.4572589E-07 0.1677E-08  0.000    
   2      0.4282685E-07 0.4274E-09  0.4302657E-07 0.4266E-09  2.963    
   3      0.4399851E-07 0.3606E-09  0.4359018E-07 0.2759E-09  3.000    
   4      0.4399449E-07 0.3507E-09  0.4374384E-07 0.2169E-09  2.278    
   5      0.4382304E-07 0.3473E-09  0.4376583E-07 0.1841E-09  1.723    
   6      0.4366572E-07 0.3471E-09  0.4374418E-07 0.1627E-09  1.395    
   7      0.4366387E-07 0.3474E-09  0.4372992E-07 0.1474E-09  1.173    
   8      0.4394304E-07 0.3479E-09  0.4376233E-07 0.1357E-09  1.051    
   9      0.4400802E-07 0.3496E-09  0.4379457E-07 0.1265E-09 0.9728    
  10      0.4419656E-07 0.3505E-09  0.4384136E-07 0.1190E-09 0.9942    



 INPUT PARAMETERS FOR VEGAS:  NDIM=  4  NCALL=  457773282.
                              IT=    0  ITMX=   20
                              MDS= -1   ND=  41
   1      0.4388035E-07 0.1124E-09  0.4388035E-07 0.1124E-09  0.000    
   2      0.4406312E-07 0.1124E-09  0.4397214E-07 0.7948E-10  1.322    
   3      0.4413959E-07 0.1124E-09  0.4402823E-07 0.6490E-10  1.401    
   4      0.4396032E-07 0.1123E-09  0.4401126E-07 0.5619E-10  1.026    
   5      0.4401384E-07 0.1124E-09  0.4401178E-07 0.5026E-10 0.7695    
   6      0.4378822E-07 0.1120E-09  0.4397462E-07 0.4585E-10  1.276    
   7      0.4388511E-07 0.1121E-09  0.4396184E-07 0.4244E-10  1.154    
   8      0.4397266E-07 0.1122E-09  0.4396319E-07 0.3970E-10 0.9906    
   9      0.4406821E-07 0.1125E-09  0.4397487E-07 0.3743E-10 0.9636    
  10      0.4412889E-07 0.1125E-09  0.4399031E-07 0.3552E-10  1.044    
  11      0.4402452E-07 0.1124E-09  0.4399342E-07 0.3387E-10 0.9482    
  12      0.4395170E-07 0.1122E-09  0.4398994E-07 0.3242E-10 0.8736    
  13      0.4400449E-07 0.1123E-09  0.4399106E-07 0.3115E-10 0.8021    
  14      0.4409604E-07 0.1127E-09  0.4399855E-07 0.3002E-10 0.8024    
  15      0.4383120E-07 0.1123E-09  0.4398747E-07 0.2900E-10 0.8925    
  16      0.4420404E-07 0.1125E-09  0.4400109E-07 0.2809E-10  1.066    
  17      0.4388809E-07 0.1123E-09  0.4399447E-07 0.2725E-10  1.059    
  18      0.4409932E-07 0.1122E-09  0.4400033E-07 0.2648E-10  1.045    
  19      0.4419019E-07 0.1128E-09  0.4401034E-07 0.2578E-10  1.137    
  20      0.4406108E-07 0.1123E-09  0.4401288E-07 0.2512E-10  1.087    
   
   
 Integral Regular:   4.4012882277826311E-008 +-   2.5123569349547255E-011
 with chisq    =   1.0874171938477246     
  
  
  
 For xq =         1900 
  
 RM48 INITIALIZED:        40           0         0



 INPUT PARAMETERS FOR VEGAS:  NDIM=  4  NCALL=   48020000.
                              IT=    0  ITMX=   10
                              MDS= -1   ND=  35
   1      0.2966898E-07 0.1145E-08  0.2966898E-07 0.1145E-08  0.000    
   2      0.3175635E-07 0.3073E-09  0.3163291E-07 0.2884E-09  2.914    
   3      0.3146787E-07 0.2574E-09  0.3153911E-07 0.1910E-09  1.526    
   4      0.3098653E-07 0.2500E-09  0.3133538E-07 0.1518E-09  2.045    
   5      0.3132854E-07 0.2498E-09  0.3133351E-07 0.1296E-09  1.527    
   6      0.3151111E-07 0.2512E-09  0.3137172E-07 0.1151E-09  1.296    
   7      0.3086922E-07 0.2480E-09  0.3128383E-07 0.1044E-09  1.639    
   8      0.3103468E-07 0.2478E-09  0.3124635E-07 0.9625E-10  1.528    
   9      0.3117759E-07 0.2497E-09  0.3123741E-07 0.8980E-10  1.344    
  10      0.3099490E-07 0.2488E-09  0.3120962E-07 0.8447E-10  1.289    



 INPUT PARAMETERS FOR VEGAS:  NDIM=  4  NCALL=  457773282.
                              IT=    0  ITMX=   20
                              MDS= -1   ND=  41
   1      0.3100849E-07 0.8015E-10  0.3100849E-07 0.8015E-10  0.000    
   2      0.3090752E-07 0.8008E-10  0.3095812E-07 0.5665E-10 0.7941    
   3      0.3109238E-07 0.8017E-10  0.3100310E-07 0.4627E-10  1.334    
   4      0.3118527E-07 0.8045E-10  0.3104877E-07 0.4011E-10  2.179    
   5      0.3118902E-07 0.8050E-10  0.3107686E-07 0.3590E-10  2.242    
   6      0.3096971E-07 0.8003E-10  0.3105902E-07 0.3275E-10  2.093    
   7      0.3108850E-07 0.8029E-10  0.3106323E-07 0.3033E-10  1.763    
   8      0.3108925E-07 0.8032E-10  0.3106648E-07 0.2837E-10  1.524    
   9      0.3108008E-07 0.8029E-10  0.3106799E-07 0.2675E-10  1.336    
  10      0.3113217E-07 0.8029E-10  0.3107443E-07 0.2538E-10  1.252    
  11      0.3109110E-07 0.8017E-10  0.3107595E-07 0.2420E-10  1.130    
  12      0.3097711E-07 0.8016E-10  0.3106775E-07 0.2316E-10  1.154    
  13      0.3107059E-07 0.8034E-10  0.3106796E-07 0.2226E-10  1.058    
  14      0.3108853E-07 0.8019E-10  0.3106944E-07 0.2145E-10 0.9812    
  15      0.3099989E-07 0.8020E-10  0.3106482E-07 0.2072E-10 0.9613    
  16      0.3109162E-07 0.8030E-10  0.3106649E-07 0.2006E-10 0.9041    
  17      0.3114401E-07 0.8043E-10  0.3107105E-07 0.1947E-10 0.9022    
  18      0.3112942E-07 0.8032E-10  0.3107430E-07 0.1892E-10 0.8784    
  19      0.3110034E-07 0.8026E-10  0.3107568E-07 0.1841E-10 0.8351    
  20      0.3116822E-07 0.8045E-10  0.3108031E-07 0.1795E-10 0.8574    
   
   
 Integral Regular:   3.1080308040312068E-008 +-   1.7948881230315556E-011
 with chisq    =  0.85744579762762585     
  
  
  
 For xq =         2000 
  
 RM48 INITIALIZED:        40           0         0



 INPUT PARAMETERS FOR VEGAS:  NDIM=  4  NCALL=   48020000.
                              IT=    0  ITMX=   10
                              MDS= -1   ND=  35
   1      0.2194959E-07 0.8525E-09  0.2194959E-07 0.8525E-09  0.000    
   2      0.2231765E-07 0.2177E-09  0.2229582E-07 0.2094E-09 0.1724    
   3      0.2243782E-07 0.1849E-09  0.2237654E-07 0.1382E-09 0.2150    
   4      0.2223908E-07 0.1807E-09  0.2232583E-07 0.1098E-09 0.2650    
   5      0.2204534E-07 0.1789E-09  0.2225011E-07 0.9362E-10 0.6417    
   6      0.2205116E-07 0.1774E-09  0.2220721E-07 0.8282E-10 0.7097    
   7      0.2210176E-07 0.1789E-09  0.2218869E-07 0.7517E-10 0.6394    
   8      0.2233157E-07 0.1791E-09  0.2221037E-07 0.6930E-10 0.6252    
   9      0.2226340E-07 0.1795E-09  0.2221729E-07 0.6464E-10 0.5562    
  10      0.2237968E-07 0.1800E-09  0.2223611E-07 0.6083E-10 0.5747    



 INPUT PARAMETERS FOR VEGAS:  NDIM=  4  NCALL=  457773282.
                              IT=    0  ITMX=   20
                              MDS= -1   ND=  41
   1      0.2209712E-07 0.5766E-10  0.2209712E-07 0.5766E-10  0.000    
   2      0.2215620E-07 0.5781E-10  0.2212666E-07 0.4082E-10 0.5236    
   3      0.2217482E-07 0.5789E-10  0.2214270E-07 0.3336E-10 0.4929    
   4      0.2212402E-07 0.5781E-10  0.2213804E-07 0.2890E-10 0.3548    
   5      0.2211132E-07 0.5769E-10  0.2213269E-07 0.2584E-10 0.3090    
   6      0.2223777E-07 0.5786E-10  0.2215030E-07 0.2359E-10 0.8004    
   7      0.2219545E-07 0.5783E-10  0.2215676E-07 0.2184E-10 0.7540    
   8      0.2222880E-07 0.5797E-10  0.2216577E-07 0.2044E-10 0.8399    
   9      0.2217081E-07 0.5785E-10  0.2216633E-07 0.1927E-10 0.7357    
  10      0.2218748E-07 0.5774E-10  0.2216846E-07 0.1828E-10 0.6672    
  11      0.2228094E-07 0.5791E-10  0.2217875E-07 0.1743E-10 0.9460    
  12      0.2218024E-07 0.5789E-10  0.2217887E-07 0.1669E-10 0.8600    
  13      0.2220162E-07 0.5776E-10  0.2218063E-07 0.1604E-10 0.8002    
  14      0.2214700E-07 0.5791E-10  0.2217824E-07 0.1545E-10 0.7628    
  15      0.2225233E-07 0.5800E-10  0.2218318E-07 0.1493E-10 0.8175    
  16      0.2232688E-07 0.5800E-10  0.2219222E-07 0.1446E-10  1.150    
  17      0.2223305E-07 0.5802E-10  0.2219462E-07 0.1403E-10  1.108    
  18      0.2225376E-07 0.5783E-10  0.2219793E-07 0.1364E-10  1.101    
  19      0.2215824E-07 0.5781E-10  0.2219584E-07 0.1327E-10  1.064    
  20      0.2225623E-07 0.5800E-10  0.2219886E-07 0.1294E-10  1.062    
   
   
 Integral Regular:   2.2198861341768978E-008 +-   1.2938169138782952E-011
 with chisq    =   1.0624763405381852     
  
  
  
 For xq =         2100 
  
 RM48 INITIALIZED:        40           0         0



 INPUT PARAMETERS FOR VEGAS:  NDIM=  4  NCALL=   48020000.
                              IT=    0  ITMX=   10
                              MDS= -1   ND=  35
   1      0.1530091E-07 0.5708E-09  0.1530091E-07 0.5708E-09  0.000    
   2      0.1617380E-07 0.1596E-09  0.1611672E-07 0.1502E-09  2.064    
   3      0.1572077E-07 0.1327E-09  0.1589459E-07 0.9946E-10  2.985    
   4      0.1575906E-07 0.1301E-09  0.1584449E-07 0.7900E-10  2.217    
   5      0.1585071E-07 0.1298E-09  0.1584619E-07 0.6745E-10  1.658    
   6      0.1601820E-07 0.1305E-09  0.1588339E-07 0.5988E-10  1.599    
   7      0.1581420E-07 0.1316E-09  0.1587151E-07 0.5450E-10  1.371    
   8      0.1597305E-07 0.1306E-09  0.1588684E-07 0.5028E-10  1.247    
   9      0.1609008E-07 0.1323E-09  0.1591323E-07 0.4699E-10  1.351    
  10      0.1587790E-07 0.1303E-09  0.1590915E-07 0.4420E-10  1.208    



 INPUT PARAMETERS FOR VEGAS:  NDIM=  4  NCALL=  457773282.
                              IT=    0  ITMX=   20
                              MDS= -1   ND=  41
   1      0.1596997E-07 0.4204E-10  0.1596997E-07 0.4204E-10  0.000    
   2      0.1593408E-07 0.4209E-10  0.1595209E-07 0.2974E-10 0.3640    
   3      0.1595518E-07 0.4213E-10  0.1595311E-07 0.2430E-10 0.1838    
   4      0.1594150E-07 0.4208E-10  0.1595021E-07 0.2104E-10 0.1416    
   5      0.1595647E-07 0.4212E-10  0.1595146E-07 0.1882E-10 0.1106    
   6      0.1599478E-07 0.4207E-10  0.1595872E-07 0.1718E-10 0.2657    
   7      0.1596158E-07 0.4202E-10  0.1595913E-07 0.1590E-10 0.2220    
   8      0.1599923E-07 0.4215E-10  0.1596415E-07 0.1488E-10 0.3038    
   9      0.1607492E-07 0.4228E-10  0.1597651E-07 0.1404E-10  1.037    
  10      0.1597211E-07 0.4215E-10  0.1597607E-07 0.1332E-10 0.9229    
  11      0.1593564E-07 0.4207E-10  0.1597241E-07 0.1270E-10 0.9146    
  12      0.1599783E-07 0.4225E-10  0.1597452E-07 0.1216E-10 0.8615    
  13      0.1594074E-07 0.4213E-10  0.1597193E-07 0.1168E-10 0.8392    
  14      0.1601475E-07 0.4224E-10  0.1597499E-07 0.1126E-10 0.8482    
  15      0.1604930E-07 0.4224E-10  0.1597996E-07 0.1088E-10 0.9952    
  16      0.1619133E-07 0.4250E-10  0.1599329E-07 0.1054E-10  2.511    
  17      0.1598842E-07 0.4223E-10  0.1599300E-07 0.1023E-10  2.355    
  18      0.1596900E-07 0.4215E-10  0.1599167E-07 0.9938E-11  2.235    
  19      0.1595251E-07 0.4205E-10  0.1598961E-07 0.9672E-11  2.156    
  20      0.1600835E-07 0.4217E-10  0.1599055E-07 0.9427E-11  2.053    
   
   
 Integral Regular:   1.5990546806632372E-008 +-   9.4269245568123592E-012
 with chisq    =   2.0525459533230030     
  
  
  
 For xq =         2200 
  
 RM48 INITIALIZED:        40           0         0



 INPUT PARAMETERS FOR VEGAS:  NDIM=  4  NCALL=   48020000.
                              IT=    0  ITMX=   10
                              MDS= -1   ND=  35
   1      0.1078921E-07 0.4056E-09  0.1078921E-07 0.4056E-09  0.000    
   2      0.1153309E-07 0.1133E-09  0.1148550E-07 0.1062E-09  2.939    
   3      0.1144657E-07 0.9722E-10  0.1146385E-07 0.7133E-10  1.482    
   4      0.1142670E-07 0.9491E-10  0.1145019E-07 0.5693E-10  1.014    
   5      0.1166991E-07 0.9661E-10  0.1150955E-07 0.4896E-10  1.743    
   6      0.1155295E-07 0.9531E-10  0.1151883E-07 0.4352E-10  1.421    
   7      0.1171194E-07 0.9659E-10  0.1155287E-07 0.3965E-10  1.749    
   8      0.1159295E-07 0.9538E-10  0.1155890E-07 0.3660E-10  1.516    
   9      0.1142423E-07 0.9474E-10  0.1154153E-07 0.3414E-10  1.546    
  10      0.1164974E-07 0.9619E-10  0.1155399E-07 0.3217E-10  1.498    



 INPUT PARAMETERS FOR VEGAS:  NDIM=  4  NCALL=  457773282.
                              IT=    0  ITMX=   20
                              MDS= -1   ND=  41
   1      0.1161482E-07 0.3095E-10  0.1161482E-07 0.3095E-10  0.000    
   2      0.1160130E-07 0.3087E-10  0.1160805E-07 0.2185E-10 0.9562E-01
   3      0.1159903E-07 0.3087E-10  0.1160505E-07 0.1784E-10 0.7625E-01
   4      0.1160092E-07 0.3092E-10  0.1160402E-07 0.1545E-10 0.5528E-01
   5      0.1158155E-07 0.3086E-10  0.1159953E-07 0.1382E-10 0.1472    
   6      0.1153298E-07 0.3079E-10  0.1158848E-07 0.1261E-10 0.8897    
   7      0.1163358E-07 0.3094E-10  0.1159494E-07 0.1167E-10  1.046    
   8      0.1167249E-07 0.3103E-10  0.1160467E-07 0.1093E-10  1.684    
   9      0.1159596E-07 0.3084E-10  0.1160370E-07 0.1030E-10  1.483    
  10      0.1159941E-07 0.3087E-10  0.1160327E-07 0.9770E-11  1.320    
  11      0.1157684E-07 0.3085E-10  0.1160087E-07 0.9314E-11  1.255    
  12      0.1161271E-07 0.3088E-10  0.1160186E-07 0.8917E-11  1.153    
  13      0.1158588E-07 0.3083E-10  0.1160063E-07 0.8566E-11  1.078    
  14      0.1160730E-07 0.3089E-10  0.1160111E-07 0.8255E-11 0.9982    
  15      0.1159300E-07 0.3084E-10  0.1160057E-07 0.7974E-11 0.9316    
  16      0.1166215E-07 0.3093E-10  0.1160444E-07 0.7722E-11  1.119    
  17      0.1157878E-07 0.3085E-10  0.1160293E-07 0.7490E-11  1.090    
  18      0.1163413E-07 0.3095E-10  0.1160467E-07 0.7280E-11  1.082    
  19      0.1162303E-07 0.3090E-10  0.1160564E-07 0.7086E-11  1.041    
  20      0.1157551E-07 0.3084E-10  0.1160413E-07 0.6906E-11  1.033    
   
   
 Integral Regular:   1.1604134350755669E-008 +-   6.9061970848304718E-012
 with chisq    =   1.0334883846452771     
  
  
  
 For xq =         2300 
  
 RM48 INITIALIZED:        40           0         0



 INPUT PARAMETERS FOR VEGAS:  NDIM=  4  NCALL=   48020000.
                              IT=    0  ITMX=   10
                              MDS= -1   ND=  35
   1      0.8333039E-08 0.3248E-09  0.8333039E-08 0.3248E-09  0.000    
   2      0.8500078E-08 0.8339E-10  0.8490126E-08 0.8008E-10 0.2438    
   3      0.8514516E-08 0.7208E-10  0.8503737E-08 0.5344E-10 0.1467    
   4      0.8401932E-08 0.7006E-10  0.8466558E-08 0.4252E-10 0.5411    
   5      0.8522759E-08 0.7117E-10  0.8481559E-08 0.3648E-10 0.5203    
   6      0.8451252E-08 0.7043E-10  0.8475153E-08 0.3239E-10 0.4455    
   7      0.8462605E-08 0.7053E-10  0.8472964E-08 0.2943E-10 0.3755    
   8      0.8519846E-08 0.7100E-10  0.8479930E-08 0.2719E-10 0.3750    
   9      0.8512692E-08 0.7186E-10  0.8484074E-08 0.2543E-10 0.3506    
  10      0.8409812E-08 0.7063E-10  0.8475660E-08 0.2392E-10 0.4196    



 INPUT PARAMETERS FOR VEGAS:  NDIM=  4  NCALL=  457773282.
                              IT=    0  ITMX=   20
                              MDS= -1   ND=  41
   1      0.8486508E-08 0.2274E-10  0.8486508E-08 0.2274E-10  0.000    
   2      0.8483358E-08 0.2274E-10  0.8484934E-08 0.1608E-10 0.9593E-02
   3      0.8467589E-08 0.2276E-10  0.8479173E-08 0.1313E-10 0.1982    
   4      0.8482779E-08 0.2278E-10  0.8480074E-08 0.1138E-10 0.1384    
   5      0.8474739E-08 0.2275E-10  0.8479008E-08 0.1018E-10 0.1148    
   6      0.8489832E-08 0.2279E-10  0.8480811E-08 0.9292E-11 0.1295    
   7      0.8488628E-08 0.2278E-10  0.8481927E-08 0.8604E-11 0.1247    
   8      0.8501128E-08 0.2275E-10  0.8484340E-08 0.8048E-11 0.1962    
   9      0.8434965E-08 0.2265E-10  0.8478864E-08 0.7583E-11 0.6944    
  10      0.8485637E-08 0.2281E-10  0.8479539E-08 0.7196E-11 0.6259    
  11      0.8465562E-08 0.2273E-10  0.8478269E-08 0.6860E-11 0.5978    
  12      0.8468961E-08 0.2274E-10  0.8477495E-08 0.6568E-11 0.5575    
  13      0.8466898E-08 0.2272E-10  0.8476679E-08 0.6310E-11 0.5278    
  14      0.8448063E-08 0.2269E-10  0.8474637E-08 0.6079E-11 0.6004    
  15      0.8502624E-08 0.2280E-10  0.8476506E-08 0.5874E-11 0.6583    
  16      0.8499576E-08 0.2277E-10  0.8477953E-08 0.5688E-11 0.6787    
  17      0.8492039E-08 0.2282E-10  0.8478780E-08 0.5519E-11 0.6586    
  18      0.8535136E-08 0.2282E-10  0.8481933E-08 0.5364E-11 0.9624    
  19      0.8488478E-08 0.2279E-10  0.8482277E-08 0.5221E-11 0.9132    
  20      0.8455648E-08 0.2274E-10  0.8480951E-08 0.5089E-11 0.9335    
   
   
 Integral Regular:   8.4809513459360536E-009 +-   5.0890692281510971E-012
 with chisq    =  0.93354062890299239     
  
  
  
 For xq =         2400 
  
 RM48 INITIALIZED:        40           0         0



 INPUT PARAMETERS FOR VEGAS:  NDIM=  4  NCALL=   48020000.
                              IT=    0  ITMX=   10
                              MDS= -1   ND=  35
   1      0.6565819E-08 0.2582E-09  0.6565819E-08 0.2582E-09  0.000    
   2      0.6168175E-08 0.6047E-10  0.6191436E-08 0.6060E-10  2.372    
   3      0.6254350E-08 0.5295E-10  0.6226546E-08 0.4004E-10  1.505    
   4      0.6198341E-08 0.5222E-10  0.6216380E-08 0.3186E-10  1.074    
   5      0.6229946E-08 0.5252E-10  0.6219970E-08 0.2726E-10 0.8210    
   6      0.6227336E-08 0.5176E-10  0.6221546E-08 0.2413E-10 0.6619    
   7      0.6237875E-08 0.5197E-10  0.6224413E-08 0.2189E-10 0.5660    
   8      0.6172612E-08 0.5191E-10  0.6216799E-08 0.2018E-10 0.6050    
   9      0.6265264E-08 0.5234E-10  0.6223083E-08 0.1883E-10 0.6228    
  10      0.6243570E-08 0.5224E-10  0.6225428E-08 0.1771E-10 0.5689    



 INPUT PARAMETERS FOR VEGAS:  NDIM=  4  NCALL=  457773282.
                              IT=    0  ITMX=   20
                              MDS= -1   ND=  41
   1      0.6226323E-08 0.1685E-10  0.6226323E-08 0.1685E-10  0.000    
   2      0.6249725E-08 0.1687E-10  0.6238058E-08 0.1192E-10 0.9632    
   3      0.6237722E-08 0.1683E-10  0.6237946E-08 0.9729E-11 0.4818    
   4      0.6254058E-08 0.1686E-10  0.6241985E-08 0.8427E-11 0.5496    
   5      0.6253739E-08 0.1685E-10  0.6244344E-08 0.7537E-11 0.5095    
   6      0.6247749E-08 0.1686E-10  0.6244912E-08 0.6880E-11 0.4143    
   7      0.6227144E-08 0.1682E-10  0.6242377E-08 0.6368E-11 0.5042    
   8      0.6238455E-08 0.1685E-10  0.6241888E-08 0.5957E-11 0.4390    
   9      0.6223945E-08 0.1682E-10  0.6239898E-08 0.5615E-11 0.5102    
  10      0.6255634E-08 0.1687E-10  0.6241476E-08 0.5328E-11 0.5407    
  11      0.6247729E-08 0.1684E-10  0.6242046E-08 0.5080E-11 0.4991    
  12      0.6219029E-08 0.1680E-10  0.6240131E-08 0.4862E-11 0.6094    
  13      0.6250085E-08 0.1685E-10  0.6240898E-08 0.4672E-11 0.5854    
  14      0.6237836E-08 0.1684E-10  0.6240679E-08 0.4502E-11 0.5428    
  15      0.6254368E-08 0.1685E-10  0.6241595E-08 0.4349E-11 0.5480    
  16      0.6230898E-08 0.1680E-10  0.6240925E-08 0.4210E-11 0.5369    
  17      0.6237299E-08 0.1686E-10  0.6240713E-08 0.4085E-11 0.5061    
  18      0.6217345E-08 0.1681E-10  0.6239420E-08 0.3969E-11 0.5830    
  19      0.6201925E-08 0.1678E-10  0.6237455E-08 0.3863E-11 0.8109    
  20      0.6244272E-08 0.1682E-10  0.6237797E-08 0.3765E-11 0.7764    
   
   
 Integral Regular:   6.2377967943927303E-009 +-   3.7648648485491072E-012
 with chisq    =  0.77640017830115204     
  
  
  
 For xq =         2500 
  
 RM48 INITIALIZED:        40           0         0



 INPUT PARAMETERS FOR VEGAS:  NDIM=  4  NCALL=   48020000.
                              IT=    0  ITMX=   10
                              MDS= -1   ND=  35
   1      0.4778796E-08 0.1804E-09  0.4778796E-08 0.1804E-09  0.000    
   2      0.4610468E-08 0.4517E-10  0.4621089E-08 0.4453E-10 0.8448    
   3      0.4696263E-08 0.3975E-10  0.4662928E-08 0.2965E-10  1.215    
   4      0.4645857E-08 0.3929E-10  0.4656818E-08 0.2370E-10 0.8543    
   5      0.4577426E-08 0.3879E-10  0.4635952E-08 0.2026E-10  1.391    
   6      0.4679927E-08 0.3908E-10  0.4645320E-08 0.1798E-10  1.312    
   7      0.4644195E-08 0.3876E-10  0.4645122E-08 0.1631E-10  1.094    
   8      0.4561049E-08 0.3824E-10  0.4632649E-08 0.1501E-10  1.509    
   9      0.4643170E-08 0.3871E-10  0.4634021E-08 0.1400E-10  1.329    
  10      0.4653509E-08 0.3936E-10  0.4636213E-08 0.1319E-10  1.205    



 INPUT PARAMETERS FOR VEGAS:  NDIM=  4  NCALL=  457773282.
                              IT=    0  ITMX=   20
                              MDS= -1   ND=  41
   1      0.4598539E-08 0.1250E-10  0.4598539E-08 0.1250E-10  0.000    
   2      0.4620394E-08 0.1253E-10  0.4609496E-08 0.8850E-11  1.525    
   3      0.4614572E-08 0.1251E-10  0.4611191E-08 0.7225E-11 0.8167    
   4      0.4616368E-08 0.1252E-10  0.4612487E-08 0.6257E-11 0.5870    
   5      0.4617440E-08 0.1253E-10  0.4613478E-08 0.5598E-11 0.4714    
   6      0.4634380E-08 0.1258E-10  0.4616958E-08 0.5115E-11 0.8401    
   7      0.4620254E-08 0.1253E-10  0.4617429E-08 0.4735E-11 0.7098    
   8      0.4621050E-08 0.1251E-10  0.4617883E-08 0.4429E-11 0.6188    
   9      0.4590177E-08 0.1251E-10  0.4614829E-08 0.4175E-11  1.082    
  10      0.4605523E-08 0.1251E-10  0.4613900E-08 0.3960E-11  1.017    
  11      0.4607217E-08 0.1252E-10  0.4613294E-08 0.3776E-11 0.9417    
  12      0.4596736E-08 0.1249E-10  0.4611917E-08 0.3614E-11  1.002    
  13      0.4619323E-08 0.1254E-10  0.4612487E-08 0.3473E-11 0.9453    
  14      0.4608245E-08 0.1253E-10  0.4612185E-08 0.3347E-11 0.8808    
  15      0.4614196E-08 0.1254E-10  0.4612319E-08 0.3234E-11 0.8196    
  16      0.4631212E-08 0.1255E-10  0.4613504E-08 0.3131E-11 0.9072    
  17      0.4608795E-08 0.1253E-10  0.4613227E-08 0.3038E-11 0.8589    
  18      0.4618845E-08 0.1252E-10  0.4613541E-08 0.2952E-11 0.8195    
  19      0.4623652E-08 0.1254E-10  0.4614074E-08 0.2874E-11 0.8082    
  20      0.4614579E-08 0.1253E-10  0.4614099E-08 0.2801E-11 0.7657    
   
   
 Integral Regular:   4.6140991662299555E-009 +-   2.8009031237265677E-012
 with chisq    =  0.76570076183920666     
  
  
  
 For xq =         2600 
  
 RM48 INITIALIZED:        40           0         0



 INPUT PARAMETERS FOR VEGAS:  NDIM=  4  NCALL=   48020000.
                              IT=    0  ITMX=   10
                              MDS= -1   ND=  35
   1      0.3318471E-08 0.1268E-09  0.3318471E-08 0.1268E-09  0.000    
   2      0.3384457E-08 0.3388E-10  0.3380220E-08 0.3245E-10 0.2484    
   3      0.3433720E-08 0.2940E-10  0.3410246E-08 0.2167E-10 0.8723    
   4      0.3456090E-08 0.2929E-10  0.3426943E-08 0.1738E-10  1.112    
   5      0.3458511E-08 0.2920E-10  0.3435415E-08 0.1492E-10  1.048    
   6      0.3441904E-08 0.2909E-10  0.3436786E-08 0.1327E-10 0.8436    
   7      0.3408273E-08 0.2883E-10  0.3431818E-08 0.1206E-10 0.8376    
   8      0.3434140E-08 0.2890E-10  0.3432166E-08 0.1112E-10 0.7177    
   9      0.3444458E-08 0.2907E-10  0.3433758E-08 0.1039E-10 0.6466    
  10      0.3440544E-08 0.2926E-10  0.3434525E-08 0.9789E-11 0.5795    



 INPUT PARAMETERS FOR VEGAS:  NDIM=  4  NCALL=  457773282.
                              IT=    0  ITMX=   20
                              MDS= -1   ND=  41
   1      0.3426001E-08 0.9367E-11  0.3426001E-08 0.9367E-11  0.000    
   2      0.3432082E-08 0.9403E-11  0.3429035E-08 0.6636E-11 0.2100    
   3      0.3442881E-08 0.9408E-11  0.3433660E-08 0.5423E-11 0.8298    
   4      0.3421501E-08 0.9365E-11  0.3430623E-08 0.4693E-11 0.9735    
   5      0.3421021E-08 0.9346E-11  0.3428698E-08 0.4194E-11 0.9410    
   6      0.3441565E-08 0.9395E-11  0.3430850E-08 0.3830E-11  1.066    
   7      0.3418850E-08 0.9369E-11  0.3429142E-08 0.3545E-11  1.122    
   8      0.3439133E-08 0.9387E-11  0.3430395E-08 0.3316E-11  1.104    
   9      0.3422960E-08 0.9354E-11  0.3429568E-08 0.3126E-11  1.036    
  10      0.3424145E-08 0.9366E-11  0.3429026E-08 0.2965E-11 0.9547    
  11      0.3433530E-08 0.9382E-11  0.3429436E-08 0.2827E-11 0.8800    
  12      0.3435155E-08 0.9396E-11  0.3429912E-08 0.2707E-11 0.8308    
  13      0.3431113E-08 0.9381E-11  0.3430005E-08 0.2601E-11 0.7628    
  14      0.3422100E-08 0.9366E-11  0.3429441E-08 0.2506E-11 0.7550    
  15      0.3442472E-08 0.9395E-11  0.3430313E-08 0.2422E-11 0.8298    
  16      0.3432086E-08 0.9382E-11  0.3430424E-08 0.2345E-11 0.7767    
  17      0.3425661E-08 0.9387E-11  0.3430145E-08 0.2275E-11 0.7434    
  18      0.3449796E-08 0.9418E-11  0.3431240E-08 0.2211E-11 0.9437    
  19      0.3430795E-08 0.9398E-11  0.3431217E-08 0.2152E-11 0.8914    
  20      0.3439267E-08 0.9395E-11  0.3431620E-08 0.2098E-11 0.8811    
   
   
 Integral Regular:   3.4316199288180363E-009 +-   2.0981135260605060E-012
 with chisq    =  0.88114539993534591     
  
  
  
 For xq =         2700 
  
 RM48 INITIALIZED:        40           0         0



 INPUT PARAMETERS FOR VEGAS:  NDIM=  4  NCALL=   48020000.
                              IT=    0  ITMX=   10
                              MDS= -1   ND=  35
   1      0.2660791E-08 0.9970E-10  0.2660791E-08 0.9970E-10  0.000    
   2      0.2533407E-08 0.2490E-10  0.2541609E-08 0.2470E-10  1.602    
   3      0.2526506E-08 0.2195E-10  0.2533379E-08 0.1651E-10 0.9196    
   4      0.2593255E-08 0.2194E-10  0.2555225E-08 0.1318E-10  2.205    
   5      0.2572255E-08 0.2176E-10  0.2559779E-08 0.1128E-10  1.767    
   6      0.2561932E-08 0.2171E-10  0.2560232E-08 0.1001E-10  1.418    
   7      0.2531713E-08 0.2175E-10  0.2555385E-08 0.9098E-11  1.418    
   8      0.2554232E-08 0.2183E-10  0.2555216E-08 0.8399E-11  1.218    
   9      0.2577226E-08 0.2184E-10  0.2558071E-08 0.7839E-11  1.176    
  10      0.2577381E-08 0.2190E-10  0.2560277E-08 0.7380E-11  1.121    



 INPUT PARAMETERS FOR VEGAS:  NDIM=  4  NCALL=  457773282.
                              IT=    0  ITMX=   20
                              MDS= -1   ND=  41
   1      0.2550132E-08 0.7016E-11  0.2550132E-08 0.7016E-11  0.000    
   2      0.2555370E-08 0.7040E-11  0.2552747E-08 0.4970E-11 0.2777    
   3      0.2559292E-08 0.7035E-11  0.2554934E-08 0.4059E-11 0.4278    
   4      0.2563408E-08 0.7050E-11  0.2557054E-08 0.3518E-11 0.6476    
   5      0.2562493E-08 0.7028E-11  0.2558147E-08 0.3146E-11 0.6053    
   6      0.2556267E-08 0.7034E-11  0.2557834E-08 0.2872E-11 0.4963    
   7      0.2552579E-08 0.7024E-11  0.2557084E-08 0.2658E-11 0.4935    
   8      0.2556576E-08 0.7035E-11  0.2557021E-08 0.2487E-11 0.4237    
   9      0.2563558E-08 0.7043E-11  0.2557749E-08 0.2345E-11 0.4666    
  10      0.2551589E-08 0.7022E-11  0.2557133E-08 0.2224E-11 0.4916    
  11      0.2563763E-08 0.7051E-11  0.2557736E-08 0.2121E-11 0.5230    
  12      0.2566414E-08 0.7038E-11  0.2558463E-08 0.2031E-11 0.6026    
  13      0.2559127E-08 0.7028E-11  0.2558514E-08 0.1951E-11 0.5530    
  14      0.2563457E-08 0.7037E-11  0.2558868E-08 0.1880E-11 0.5457    
  15      0.2568952E-08 0.7055E-11  0.2559542E-08 0.1817E-11 0.6437    
  16      0.2559154E-08 0.7036E-11  0.2559518E-08 0.1759E-11 0.6009    
  17      0.2549595E-08 0.7011E-11  0.2558934E-08 0.1706E-11 0.6806    
  18      0.2555208E-08 0.7029E-11  0.2558728E-08 0.1658E-11 0.6563    
  19      0.2572972E-08 0.7069E-11  0.2559478E-08 0.1614E-11 0.8354    
  20      0.2558620E-08 0.7033E-11  0.2559435E-08 0.1573E-11 0.7922    
   
   
 Integral Regular:   2.5594352823365545E-009 +-   1.5732512480408598E-012
 with chisq    =  0.79221045616958496     
  
  
  
 For xq =         2800 
  
 RM48 INITIALIZED:        40           0         0



 INPUT PARAMETERS FOR VEGAS:  NDIM=  4  NCALL=   48020000.
                              IT=    0  ITMX=   10
                              MDS= -1   ND=  35
   1      0.1882533E-08 0.7197E-10  0.1882533E-08 0.7197E-10  0.000    
   2      0.1892208E-08 0.1874E-10  0.1891599E-08 0.1810E-10 0.1685E-01
   3      0.1943127E-08 0.1678E-10  0.1920041E-08 0.1223E-10  2.202    
   4      0.1901152E-08 0.1636E-10  0.1913289E-08 0.9799E-11  1.755    
   5      0.1918188E-08 0.1636E-10  0.1914596E-08 0.8403E-11  1.329    
   6      0.1931414E-08 0.1649E-10  0.1918131E-08 0.7483E-11  1.226    
   7      0.1923191E-08 0.1644E-10  0.1919009E-08 0.6810E-11  1.033    
   8      0.1919891E-08 0.1660E-10  0.1919136E-08 0.6300E-11 0.8854    
   9      0.1892890E-08 0.1634E-10  0.1915805E-08 0.5879E-11  1.053    
  10      0.1931577E-08 0.1650E-10  0.1917614E-08 0.5538E-11  1.025    



 INPUT PARAMETERS FOR VEGAS:  NDIM=  4  NCALL=  457773282.
                              IT=    0  ITMX=   20
                              MDS= -1   ND=  41
   1      0.1924923E-08 0.5315E-11  0.1924923E-08 0.5315E-11  0.000    
   2      0.1917668E-08 0.5323E-11  0.1921315E-08 0.3761E-11 0.9303    
   3      0.1925898E-08 0.5335E-11  0.1922841E-08 0.3074E-11 0.7114    
   4      0.1920987E-08 0.5321E-11  0.1922378E-08 0.2662E-11 0.5048    
   5      0.1920244E-08 0.5319E-11  0.1921951E-08 0.2380E-11 0.4109    
   6      0.1919173E-08 0.5322E-11  0.1921489E-08 0.2173E-11 0.3742    
   7      0.1915859E-08 0.5319E-11  0.1920688E-08 0.2011E-11 0.4715    
   8      0.1919609E-08 0.5318E-11  0.1920553E-08 0.1881E-11 0.4093    
   9      0.1921113E-08 0.5322E-11  0.1920616E-08 0.1774E-11 0.3594    
  10      0.1914175E-08 0.5312E-11  0.1919973E-08 0.1682E-11 0.4659    
  11      0.1921537E-08 0.5318E-11  0.1920116E-08 0.1604E-11 0.4271    
  12      0.1927096E-08 0.5330E-11  0.1920699E-08 0.1536E-11 0.5319    
  13      0.1918302E-08 0.5324E-11  0.1920516E-08 0.1476E-11 0.5032    
  14      0.1917535E-08 0.5314E-11  0.1920303E-08 0.1422E-11 0.4870    
  15      0.1918385E-08 0.5326E-11  0.1920175E-08 0.1374E-11 0.4609    
  16      0.1921631E-08 0.5320E-11  0.1920267E-08 0.1330E-11 0.4348    
  17      0.1913244E-08 0.5303E-11  0.1919854E-08 0.1290E-11 0.5103    
  18      0.1914580E-08 0.5313E-11  0.1919561E-08 0.1254E-11 0.5349    
  19      0.1921343E-08 0.5321E-11  0.1919655E-08 0.1220E-11 0.5110    
  20      0.1922745E-08 0.5321E-11  0.1919810E-08 0.1190E-11 0.5009    
   
   
 Integral Regular:   1.9198102216042915E-009 +-   1.1895109250387026E-012
 with chisq    =  0.50094250441707844     
  
  
  
 For xq =         2900 
  
 RM48 INITIALIZED:        40           0         0



 INPUT PARAMETERS FOR VEGAS:  NDIM=  4  NCALL=   48020000.
                              IT=    0  ITMX=   10
                              MDS= -1   ND=  35
   1      0.1392655E-08 0.5260E-10  0.1392655E-08 0.5260E-10  0.000    
   2      0.1465115E-08 0.1441E-10  0.1460513E-08 0.1361E-10  1.687    
   3      0.1467461E-08 0.1270E-10  0.1464316E-08 0.9236E-11 0.8986    
   4      0.1457449E-08 0.1249E-10  0.1461854E-08 0.7417E-11 0.6616    
   5      0.1432621E-08 0.1239E-10  0.1454250E-08 0.6368E-11  1.512    
   6      0.1438690E-08 0.1236E-10  0.1451002E-08 0.5662E-11  1.460    
   7      0.1440777E-08 0.1243E-10  0.1449249E-08 0.5153E-11  1.311    
   8      0.1450585E-08 0.1252E-10  0.1449444E-08 0.4764E-11  1.123    
   9      0.1424561E-08 0.1233E-10  0.1446285E-08 0.4445E-11  1.420    
  10      0.1444578E-08 0.1259E-10  0.1446095E-08 0.4191E-11  1.263    



 INPUT PARAMETERS FOR VEGAS:  NDIM=  4  NCALL=  457773282.
                              IT=    0  ITMX=   20
                              MDS= -1   ND=  41
   1      0.1445607E-08 0.4022E-11  0.1445607E-08 0.4022E-11  0.000    
   2      0.1441616E-08 0.4016E-11  0.1443614E-08 0.2842E-11 0.4929    
   3      0.1442990E-08 0.4021E-11  0.1443406E-08 0.2321E-11 0.2546    
   4      0.1445784E-08 0.4028E-11  0.1444001E-08 0.2011E-11 0.2569    
   5      0.1441101E-08 0.4010E-11  0.1443420E-08 0.1798E-11 0.2970    
   6      0.1440490E-08 0.4017E-11  0.1442933E-08 0.1641E-11 0.3262    
   7      0.1441359E-08 0.4016E-11  0.1442708E-08 0.1519E-11 0.2938    
   8      0.1444905E-08 0.4016E-11  0.1442984E-08 0.1421E-11 0.2892    
   9      0.1447458E-08 0.4024E-11  0.1443482E-08 0.1340E-11 0.3910    
  10      0.1438810E-08 0.4017E-11  0.1443017E-08 0.1271E-11 0.4823    
  11      0.1439205E-08 0.4013E-11  0.1442672E-08 0.1212E-11 0.5160    
  12      0.1444508E-08 0.4015E-11  0.1442825E-08 0.1160E-11 0.4864    
  13      0.1448409E-08 0.4020E-11  0.1443258E-08 0.1114E-11 0.5951    
  14      0.1438518E-08 0.4004E-11  0.1442919E-08 0.1074E-11 0.6490    
  15      0.1439783E-08 0.4019E-11  0.1442711E-08 0.1037E-11 0.6433    
  16      0.1446442E-08 0.4024E-11  0.1442944E-08 0.1004E-11 0.6542    
  17      0.1440190E-08 0.4014E-11  0.1442783E-08 0.9744E-12 0.6410    
  18      0.1448526E-08 0.4027E-11  0.1443103E-08 0.9470E-12 0.7169    
  19      0.1447416E-08 0.4023E-11  0.1443331E-08 0.9218E-12 0.7377    
  20      0.1444977E-08 0.4028E-11  0.1443413E-08 0.8986E-12 0.7071    
   
   
 Integral Regular:   1.4434126660608375E-009 +-   8.9860408539298889E-013
 with chisq    =  0.70714970617470096     
  
  
  
 For xq =         3000 
  
 RM48 INITIALIZED:        40           0         0



 INPUT PARAMETERS FOR VEGAS:  NDIM=  4  NCALL=   48020000.
                              IT=    0  ITMX=   10
                              MDS= -1   ND=  35
   1      0.1092984E-08 0.4155E-10  0.1092984E-08 0.4155E-10  0.000    
   2      0.1096639E-08 0.1085E-10  0.1096407E-08 0.1049E-10 0.7223E-02
   3      0.1098275E-08 0.9592E-11  0.1097427E-08 0.7073E-11 0.1225E-01
   4      0.1081809E-08 0.9400E-11  0.1091874E-08 0.5660E-11 0.5898    
   5      0.1088266E-08 0.9488E-11  0.1090933E-08 0.4862E-11 0.4696    
   6      0.1087808E-08 0.9458E-11  0.1090283E-08 0.4325E-11 0.3933    
   7      0.1079599E-08 0.9347E-11  0.1088432E-08 0.3926E-11 0.5055    
   8      0.1091595E-08 0.9436E-11  0.1088900E-08 0.3625E-11 0.4468    
   9      0.1086509E-08 0.9390E-11  0.1088592E-08 0.3382E-11 0.3982    
  10      0.1079737E-08 0.9338E-11  0.1087581E-08 0.3180E-11 0.4417    



 INPUT PARAMETERS FOR VEGAS:  NDIM=  4  NCALL=  457773282.
                              IT=    0  ITMX=   20
                              MDS= -1   ND=  41
   1      0.1087470E-08 0.3040E-11  0.1087470E-08 0.3040E-11  0.000    
   2      0.1084615E-08 0.3045E-11  0.1086049E-08 0.2152E-11 0.4404    
   3      0.1087633E-08 0.3039E-11  0.1086579E-08 0.1756E-11 0.3106    
   4      0.1086950E-08 0.3048E-11  0.1086671E-08 0.1522E-11 0.2107    
   5      0.1092070E-08 0.3040E-11  0.1087761E-08 0.1361E-11 0.7919    
   6      0.1095973E-08 0.3056E-11  0.1089137E-08 0.1243E-11  1.849    
   7      0.1085517E-08 0.3047E-11  0.1088624E-08 0.1151E-11  1.743    
   8      0.1089518E-08 0.3045E-11  0.1088736E-08 0.1077E-11  1.505    
   9      0.1083190E-08 0.3038E-11  0.1088122E-08 0.1015E-11  1.685    
  10      0.1090485E-08 0.3045E-11  0.1088359E-08 0.9627E-12  1.558    
  11      0.1083747E-08 0.3035E-11  0.1087941E-08 0.9176E-12  1.611    
  12      0.1090093E-08 0.3052E-11  0.1088120E-08 0.8788E-12  1.506    
  13      0.1093396E-08 0.3050E-11  0.1088528E-08 0.8444E-12  1.612    
  14      0.1090120E-08 0.3055E-11  0.1088642E-08 0.8139E-12  1.507    
  15      0.1085853E-08 0.3047E-11  0.1088457E-08 0.7863E-12  1.455    
  16      0.1087285E-08 0.3049E-11  0.1088384E-08 0.7614E-12  1.368    
  17      0.1089002E-08 0.3047E-11  0.1088420E-08 0.7387E-12  1.285    
  18      0.1090075E-08 0.3046E-11  0.1088512E-08 0.7179E-12  1.225    
  19      0.1083137E-08 0.3041E-11  0.1088231E-08 0.6987E-12  1.321    
  20      0.1088943E-08 0.3051E-11  0.1088267E-08 0.6811E-12  1.254    
   
   
 Integral Regular:   1.0882666858844770E-009 +-   6.8105344439683482E-013
 with chisq    =   1.2538721144321101     
  
  
  
    xq         Integral Regular                 error
    100      0.352970446582677E-01      0.805825564107343E-05
    200      0.205742242322659E-02      0.619886502506691E-06
    300      0.363778457810900E-03      0.126536094793308E-06
    400      0.102058497111605E-03      0.390060010593063E-07
    500      0.370867308060910E-04      0.152049934202031E-07
    600      0.158562792183661E-04      0.686220662566216E-08
    700      0.759017324799847E-05      0.343249272190105E-08
    800      0.394108729635735E-05      0.185028102921147E-08
    900      0.217939056490288E-05      0.105540240759799E-08
   1000      0.126536850586083E-05      0.630376658945896E-09
   1100      0.763902174269769E-06      0.389825479570889E-09
   1200      0.477044689045579E-06      0.248906992004188E-09
   1300      0.305916425721714E-06      0.162556423196935E-09
   1400      0.200689120137929E-06      0.108447560783294E-09
   1500      0.134121022849868E-06      0.739071060461342E-10
   1600      0.912681744797235E-07      0.509828238591909E-10
   1700      0.629146159924017E-07      0.355622005826219E-10
   1800      0.440128822778263E-07      0.251235693495473E-10
   1900      0.310803080403121E-07      0.179488812303156E-10
   2000      0.221988613417690E-07      0.129381691387830E-10
   2100      0.159905468066324E-07      0.942692455681236E-11
   2200      0.116041343507557E-07      0.690619708483047E-11
   2300      0.848095134593605E-08      0.508906922815110E-11
   2400      0.623779679439273E-08      0.376486484854911E-11
   2500      0.461409916622996E-08      0.280090312372657E-11
   2600      0.343161992881804E-08      0.209811352606051E-11
   2700      0.255943528233655E-08      0.157325124804086E-11
   2800      0.191981022160429E-08      0.118951092503870E-11
   2900      0.144341266606084E-08      0.898604085392989E-12
   3000      0.108826668588448E-08      0.681053444396835E-12
Thanks for using LHAPDF 6.5.4. Please make sure to cite the paper:
  Eur.Phys.J. C75 (2015) 3, 132  (http://arxiv.org/abs/1412.7420)
