   100.00000000000000        2.0972478161441165E-002   2.7165503333446548E-006
   200.00000000000000        1.2296227366946802E-003   2.5444195574497367E-007
   300.00000000000000        2.1842168602139326E-004   5.7028025859704233E-008
   400.00000000000000        6.1758544385457761E-005   1.8594357695141096E-008
   500.00000000000000        2.2558135703900570E-005   7.5104499011243753E-009
   600.00000000000000        9.7156802820425806E-006   3.4625405500701512E-009
   700.00000000000000        4.6815782756854100E-006   1.7740663558471914E-009
   800.00000000000000        2.4535671604869732E-006   9.8493590017508565E-010
   900.00000000000000        1.3684200242747839E-006   5.6481809865706145E-010
   1000.0000000000000        8.0144635280492945E-007   3.4606899318362738E-010
   1100.0000000000000        4.8911468340940386E-007   2.1865659448592310E-010
   1200.0000000000000        3.0798983791779745E-007   1.4121622373843300E-010
   1300.0000000000000        1.9949171633931290E-007   9.3570329193997941E-011
   1400.0000000000000        1.3210093532592015E-007   6.3551936753198350E-011
   1500.0000000000000        8.9347725533169530E-008   4.4138520623834377E-011
   1600.0000000000000        6.1395770085570592E-008   3.0635199457501736E-011
   1700.0000000000000        4.2846418735853162E-008   2.1371838031204569E-011
   1800.0000000000000        3.0268829787671356E-008   1.5382372063473399E-011
   1900.0000000000000        2.1635363485887620E-008   1.1236446989561823E-011
   2000.0000000000000        1.5612220292485263E-008   8.1762303510097884E-012
   2100.0000000000000        1.1386087764577559E-008   6.0041261964499121E-012
   2200.0000000000000        8.3556436910371286E-009   4.4893201743851114E-012
   2300.0000000000000        6.1773467375419529E-009   3.3385134022275538E-012
   2400.0000000000000        4.5968900483959564E-009   2.5051115531814054E-012
   2500.0000000000000        3.4414317614527130E-009   1.8926910780020985E-012
   2600.0000000000000        2.5895949225107127E-009   1.4326860830174210E-012
   2700.0000000000000        1.9572795495734618E-009   1.0903920258620473E-012
   2800.0000000000000        1.4853768556296439E-009   8.2995209500899324E-013
   2900.0000000000000        1.1314102093485620E-009   6.3977383811058642E-013
   3000.0000000000000        8.6492827492852684E-010   4.8960784257154656E-013
 Directory not found ../summary/run_07                                                                                   
 Making new directory..
/home/niraj/OneDrive/WorkSpaceIITG/Generalfiles/integrators/DY1/DrellYan/summary/run_07
 Directory constructed successfully🤩
  
 Writing your data in ../summary/run_07/PK_Delta.dat
LHAPDF 6.5.4 loading /home/niraj/1TB-Disc/Workspace-IITG/Packages/Install/LHAPDF-6.5.4/install/share/LHAPDF/MMHT2014nlo68cl/MMHT2014nlo68cl_0000.dat
MMHT2014nlo68cl PDF set, member #0, version 3; LHAPDF ID = 25100
   
   
 ~~~~~~~~~~~~~~~~~~~~~~~~~~~~~~~~~~~~~~~~~~~~
     Calculating Delta Functions
 ~~~~~~~~~~~~~~~~~~~~~~~~~~~~~~~~~~~~~~~~~~~~
   
 ~~~~~~~~~~~~~~~~~~~~~~~~~~~~~~~~~~~~~~~~
Using Vegas points:                   5.E+07
         Iteration:                   10
 ~~~~~~~~~~~~~~~~~~~~~~~~~~~~~~~~~~~~~~~~
  
 For xq =          100 
  
 RM48 INITIALIZED:        40           0         0



 INPUT PARAMETERS FOR VEGAS:  NDIM=  3  NCALL=   47775744.
                              IT=    0  ITMX=   10
                              MDS= -1   ND=  48
   1      0.2193381E-01 0.1013E-02  0.2193381E-01 0.1013E-02  0.000    
   2      0.2104643E-01 0.2441E-03  0.2109911E-01 0.2418E-03 0.7523    
   3      0.2097830E-01 0.1255E-03  0.2100494E-01 0.1126E-03 0.4811    
   4      0.2104450E-01 0.8126E-04  0.2103072E-01 0.6625E-04 0.3498    
   5      0.2091501E-01 0.6398E-04  0.2097177E-01 0.4626E-04 0.6549    
   6      0.2105782E-01 0.5709E-04  0.2100563E-01 0.3599E-04 0.7978    
   7      0.2096960E-01 0.5401E-04  0.2099469E-01 0.3000E-04 0.7174    
   8      0.2103175E-01 0.5244E-04  0.2100376E-01 0.2605E-04 0.6692    
   9      0.2102112E-01 0.5232E-04  0.2100718E-01 0.2333E-04 0.5971    
  10      0.2099455E-01 0.5202E-04  0.2100508E-01 0.2130E-04 0.5368    



 INPUT PARAMETERS FOR VEGAS:  NDIM=  3  NCALL=  485941248.
                              IT=    0  ITMX=   20
                              MDS= -1   ND=  48
   1      0.2095312E-01 0.1215E-04  0.2095312E-01 0.1215E-04  0.000    
   2      0.2095907E-01 0.1215E-04  0.2095610E-01 0.8590E-05 0.1200    
   3      0.2098711E-01 0.1216E-04  0.2096645E-01 0.7015E-05  2.233    
   4      0.2096435E-01 0.1215E-04  0.2096592E-01 0.6076E-05  1.496    
   5      0.2097106E-01 0.1214E-04  0.2096695E-01 0.5434E-05  1.158    
   6      0.2097911E-01 0.1216E-04  0.2096898E-01 0.4961E-05  1.093    
   7      0.2098331E-01 0.1215E-04  0.2097103E-01 0.4593E-05  1.110    
   8      0.2098210E-01 0.1213E-04  0.2097242E-01 0.4295E-05  1.055    
   9      0.2098494E-01 0.1215E-04  0.2097381E-01 0.4050E-05  1.041    
  10      0.2096265E-01 0.1215E-04  0.2097269E-01 0.3842E-05  1.010    
  11      0.2096114E-01 0.1214E-04  0.2097164E-01 0.3663E-05 0.9913    
  12      0.2098098E-01 0.1213E-04  0.2097242E-01 0.3506E-05 0.9505    
  13      0.2097938E-01 0.1214E-04  0.2097296E-01 0.3369E-05 0.8965    
  14      0.2096162E-01 0.1216E-04  0.2097215E-01 0.3247E-05 0.8896    
  15      0.2097423E-01 0.1214E-04  0.2097229E-01 0.3136E-05 0.8280    
  16      0.2096920E-01 0.1215E-04  0.2097210E-01 0.3037E-05 0.7769    
  17      0.2097991E-01 0.1216E-04  0.2097256E-01 0.2946E-05 0.7526    
  18      0.2097364E-01 0.1216E-04  0.2097262E-01 0.2863E-05 0.7087    
  19      0.2097573E-01 0.1215E-04  0.2097278E-01 0.2787E-05 0.6728    
  20      0.2096675E-01 0.1215E-04  0.2097248E-01 0.2717E-05 0.6497    
   
   
 Integral Delta:   2.0972478161441165E-002 +-   2.7165503333446548E-006
 with chisq    =  0.64970890668317149     
  
  
  
 For xq =          200 
  
 RM48 INITIALIZED:        40           0         0



 INPUT PARAMETERS FOR VEGAS:  NDIM=  3  NCALL=   47775744.
                              IT=    0  ITMX=   10
                              MDS= -1   ND=  48
   1      0.1224848E-02 0.4489E-04  0.1224848E-02 0.4489E-04  0.000    
   2      0.1230708E-02 0.1202E-04  0.1230319E-02 0.1159E-04 0.1584E-01
   3      0.1228845E-02 0.6862E-05  0.1229227E-02 0.5902E-05 0.1391E-01
   4      0.1224995E-02 0.5337E-05  0.1226904E-02 0.3962E-05 0.1035    
   5      0.1227895E-02 0.4788E-05  0.1227307E-02 0.3052E-05 0.8395E-01
   6      0.1224065E-02 0.4539E-05  0.1226302E-02 0.2534E-05 0.1373    
   7      0.1233239E-02 0.4436E-05  0.1228021E-02 0.2199E-05 0.4235    
   8      0.1235987E-02 0.4394E-05  0.1229634E-02 0.1965E-05 0.7412    
   9      0.1224408E-02 0.4351E-05  0.1228753E-02 0.1792E-05 0.7981    
  10      0.1231147E-02 0.4351E-05  0.1229102E-02 0.1656E-05 0.7380    



 INPUT PARAMETERS FOR VEGAS:  NDIM=  3  NCALL=  485941248.
                              IT=    0  ITMX=   20
                              MDS= -1   ND=  48
   1      0.1229129E-02 0.1139E-05  0.1229129E-02 0.1139E-05  0.000    
   2      0.1232027E-02 0.1138E-05  0.1230582E-02 0.8050E-06  3.240    
   3      0.1228954E-02 0.1138E-05  0.1230040E-02 0.6573E-06  2.302    
   4      0.1228628E-02 0.1138E-05  0.1229687E-02 0.5691E-06  1.920    
   5      0.1230287E-02 0.1137E-05  0.1229808E-02 0.5089E-06  1.495    
   6      0.1230121E-02 0.1139E-05  0.1229860E-02 0.4646E-06  1.209    
   7      0.1230872E-02 0.1138E-05  0.1230005E-02 0.4302E-06  1.120    
   8      0.1228202E-02 0.1137E-05  0.1229780E-02 0.4023E-06  1.274    
   9      0.1230376E-02 0.1138E-05  0.1229846E-02 0.3793E-06  1.145    
  10      0.1229862E-02 0.1140E-05  0.1229848E-02 0.3599E-06  1.018    
  11      0.1226987E-02 0.1137E-05  0.1229588E-02 0.3431E-06  1.490    
  12      0.1231420E-02 0.1140E-05  0.1229741E-02 0.3286E-06  1.569    
  13      0.1229520E-02 0.1137E-05  0.1229723E-02 0.3157E-06  1.442    
  14      0.1229261E-02 0.1137E-05  0.1229690E-02 0.3042E-06  1.343    
  15      0.1226580E-02 0.1136E-05  0.1229483E-02 0.2938E-06  1.745    
  16      0.1228297E-02 0.1137E-05  0.1229409E-02 0.2845E-06  1.696    
  17      0.1230249E-02 0.1138E-05  0.1229459E-02 0.2760E-06  1.622    
  18      0.1232505E-02 0.1140E-05  0.1229628E-02 0.2682E-06  1.925    
  19      0.1229444E-02 0.1137E-05  0.1229618E-02 0.2611E-06  1.820    
  20      0.1229703E-02 0.1138E-05  0.1229623E-02 0.2544E-06  1.724    
   
   
 Integral Delta:   1.2296227366946802E-003 +-   2.5444195574497367E-007
 with chisq    =   1.7241807260884026     
  
  
  
 For xq =          300 
  
 RM48 INITIALIZED:        40           0         0



 INPUT PARAMETERS FOR VEGAS:  NDIM=  3  NCALL=   47775744.
                              IT=    0  ITMX=   10
                              MDS= -1   ND=  48
   1      0.2140490E-03 0.6696E-05  0.2140490E-03 0.6696E-05  0.000    
   2      0.2169894E-03 0.1974E-05  0.2167600E-03 0.1883E-05 0.1754    
   3      0.2179071E-03 0.1254E-05  0.2175599E-03 0.1040E-05 0.2155    
   4      0.2179173E-03 0.1059E-05  0.2177366E-03 0.7406E-06 0.1625    
   5      0.2203458E-03 0.9866E-06  0.2186971E-03 0.5907E-06  1.256    
   6      0.2178254E-03 0.9549E-06  0.2184552E-03 0.5023E-06  1.125    
   7      0.2187259E-03 0.9349E-06  0.2185164E-03 0.4423E-06 0.9466    
   8      0.2168671E-03 0.9266E-06  0.2182122E-03 0.3992E-06  1.179    
   9      0.2175534E-03 0.9246E-06  0.2181087E-03 0.3665E-06  1.085    
  10      0.2179813E-03 0.9269E-06  0.2180914E-03 0.3408E-06 0.9659    



 INPUT PARAMETERS FOR VEGAS:  NDIM=  3  NCALL=  485941248.
                              IT=    0  ITMX=   20
                              MDS= -1   ND=  48
   1      0.2186590E-03 0.2553E-06  0.2186590E-03 0.2553E-06  0.000    
   2      0.2183212E-03 0.2551E-06  0.2184903E-03 0.1804E-06 0.8758    
   3      0.2183364E-03 0.2550E-06  0.2184390E-03 0.1473E-06 0.5593    
   4      0.2183485E-03 0.2549E-06  0.2184163E-03 0.1275E-06 0.4044    
   5      0.2189091E-03 0.2552E-06  0.2185152E-03 0.1141E-06  1.051    
   6      0.2182739E-03 0.2549E-06  0.2184750E-03 0.1041E-06 0.9903    
   7      0.2183716E-03 0.2553E-06  0.2184603E-03 0.9642E-07 0.8488    
   8      0.2180118E-03 0.2548E-06  0.2184043E-03 0.9018E-07  1.114    
   9      0.2183608E-03 0.2551E-06  0.2183994E-03 0.8502E-07 0.9779    
  10      0.2183604E-03 0.2546E-06  0.2183955E-03 0.8064E-07 0.8716    
  11      0.2184446E-03 0.2547E-06  0.2184000E-03 0.7688E-07 0.7878    
  12      0.2183270E-03 0.2551E-06  0.2183939E-03 0.7361E-07 0.7230    
  13      0.2186895E-03 0.2550E-06  0.2184167E-03 0.7072E-07 0.7662    
  14      0.2185977E-03 0.2554E-06  0.2184296E-03 0.6816E-07 0.7431    
  15      0.2186686E-03 0.2551E-06  0.2184456E-03 0.6585E-07 0.7485    
  16      0.2186829E-03 0.2551E-06  0.2184604E-03 0.6376E-07 0.7527    
  17      0.2182975E-03 0.2551E-06  0.2184509E-03 0.6186E-07 0.7297    
  18      0.2182898E-03 0.2553E-06  0.2184420E-03 0.6012E-07 0.7089    
  19      0.2184258E-03 0.2546E-06  0.2184411E-03 0.5851E-07 0.6697    
  20      0.2180516E-03 0.2550E-06  0.2184217E-03 0.5703E-07 0.7509    
   
   
 Integral Delta:   2.1842168602139326E-004 +-   5.7028025859704233E-008
 with chisq    =  0.75090239645764467     
  
  
  
 For xq =          400 
  
 RM48 INITIALIZED:        40           0         0



 INPUT PARAMETERS FOR VEGAS:  NDIM=  3  NCALL=   47775744.
                              IT=    0  ITMX=   10
                              MDS= -1   ND=  48
   1      0.6182032E-04 0.1785E-05  0.6182032E-04 0.1785E-05  0.000    
   2      0.6150332E-04 0.5291E-06  0.6152917E-04 0.5084E-06 0.2912E-01
   3      0.6145068E-04 0.3714E-06  0.6147812E-04 0.3003E-06 0.2236E-01
   4      0.6228871E-04 0.3264E-06  0.6185425E-04 0.2204E-06  1.136    
   5      0.6143099E-04 0.3071E-06  0.6171136E-04 0.1792E-06  1.165    
   6      0.6211234E-04 0.3005E-06  0.6181762E-04 0.1538E-06  1.195    
   7      0.6148727E-04 0.2956E-06  0.6174773E-04 0.1365E-06  1.160    
   8      0.6222572E-04 0.2953E-06  0.6183301E-04 0.1238E-06  1.304    
   9      0.6195040E-04 0.2940E-06  0.6185078E-04 0.1141E-06  1.157    
  10      0.6198080E-04 0.2941E-06  0.6186788E-04 0.1064E-06  1.047    



 INPUT PARAMETERS FOR VEGAS:  NDIM=  3  NCALL=  485941248.
                              IT=    0  ITMX=   20
                              MDS= -1   ND=  48
   1      0.6184227E-04 0.8330E-07  0.6184227E-04 0.8330E-07  0.000    
   2      0.6175766E-04 0.8329E-07  0.6180001E-04 0.5890E-07 0.5158    
   3      0.6173673E-04 0.8308E-07  0.6177887E-04 0.4805E-07 0.4511    
   4      0.6183658E-04 0.8332E-07  0.6179329E-04 0.4162E-07 0.4206    
   5      0.6162809E-04 0.8302E-07  0.6176025E-04 0.3721E-07  1.104    
   6      0.6173044E-04 0.8316E-07  0.6175528E-04 0.3396E-07 0.9051    
   7      0.6176022E-04 0.8308E-07  0.6175599E-04 0.3144E-07 0.7547    
   8      0.6193674E-04 0.8323E-07  0.6177867E-04 0.2941E-07  1.239    
   9      0.6169914E-04 0.8314E-07  0.6176984E-04 0.2773E-07  1.186    
  10      0.6174594E-04 0.8318E-07  0.6176745E-04 0.2630E-07  1.062    
  11      0.6188664E-04 0.8318E-07  0.6177833E-04 0.2508E-07  1.143    
  12      0.6184552E-04 0.8313E-07  0.6178394E-04 0.2401E-07  1.093    
  13      0.6172875E-04 0.8318E-07  0.6177971E-04 0.2307E-07  1.036    
  14      0.6175492E-04 0.8322E-07  0.6177794E-04 0.2223E-07 0.9628    
  15      0.6159314E-04 0.8307E-07  0.6176566E-04 0.2147E-07  1.223    
  16      0.6180274E-04 0.8324E-07  0.6176797E-04 0.2079E-07  1.153    
  17      0.6180341E-04 0.8310E-07  0.6177006E-04 0.2017E-07  1.092    
  18      0.6155751E-04 0.8294E-07  0.6175827E-04 0.1960E-07  1.391    
  19      0.6184641E-04 0.8311E-07  0.6176293E-04 0.1908E-07  1.373    
  20      0.6167497E-04 0.8318E-07  0.6175854E-04 0.1859E-07  1.356    
   
   
 Integral Delta:   6.1758544385457761E-005 +-   1.8594357695141096E-008
 with chisq    =   1.3562429785771293     
  
  
  
 For xq =          500 
  
 RM48 INITIALIZED:        40           0         0



 INPUT PARAMETERS FOR VEGAS:  NDIM=  3  NCALL=   47775744.
                              IT=    0  ITMX=   10
                              MDS= -1   ND=  48
   1      0.2353027E-04 0.6213E-06  0.2353027E-04 0.6213E-06  0.000    
   2      0.2204449E-04 0.1879E-06  0.2218470E-04 0.1849E-06  5.517    
   3      0.2240618E-04 0.1411E-06  0.2232286E-04 0.1128E-06  3.243    
   4      0.2238210E-04 0.1258E-06  0.2234888E-04 0.8418E-07  2.216    
   5      0.2258836E-04 0.1214E-06  0.2242658E-04 0.6919E-07  2.319    
   6      0.2254322E-04 0.1179E-06  0.2245635E-04 0.5968E-07  2.002    
   7      0.2271157E-04 0.1173E-06  0.2250932E-04 0.5317E-07  2.297    
   8      0.2260773E-04 0.1172E-06  0.2252612E-04 0.4842E-07  2.052    
   9      0.2266166E-04 0.1167E-06  0.2254610E-04 0.4472E-07  1.939    
  10      0.2265873E-04 0.1162E-06  0.2256068E-04 0.4174E-07  1.814    



 INPUT PARAMETERS FOR VEGAS:  NDIM=  3  NCALL=  485941248.
                              IT=    0  ITMX=   20
                              MDS= -1   ND=  48
   1      0.2254036E-04 0.3359E-07  0.2254036E-04 0.3359E-07  0.000    
   2      0.2259496E-04 0.3356E-07  0.2256776E-04 0.2374E-07  1.322    
   3      0.2256857E-04 0.3359E-07  0.2256803E-04 0.1939E-07 0.6612    
   4      0.2260448E-04 0.3360E-07  0.2257716E-04 0.1679E-07 0.7353    
   5      0.2256863E-04 0.3365E-07  0.2257546E-04 0.1503E-07 0.5644    
   6      0.2258858E-04 0.3365E-07  0.2257764E-04 0.1372E-07 0.4768    
   7      0.2252292E-04 0.3356E-07  0.2256984E-04 0.1270E-07 0.7761    
   8      0.2254591E-04 0.3358E-07  0.2256685E-04 0.1188E-07 0.7287    
   9      0.2259877E-04 0.3366E-07  0.2257039E-04 0.1120E-07 0.7376    
  10      0.2253362E-04 0.3355E-07  0.2256671E-04 0.1062E-07 0.7756    
  11      0.2257005E-04 0.3363E-07  0.2256702E-04 0.1013E-07 0.6990    
  12      0.2256368E-04 0.3362E-07  0.2256674E-04 0.9700E-08 0.6362    
  13      0.2254747E-04 0.3356E-07  0.2256526E-04 0.9318E-08 0.6086    
  14      0.2259291E-04 0.3366E-07  0.2256723E-04 0.8981E-08 0.6100    
  15      0.2250480E-04 0.3351E-07  0.2256307E-04 0.8675E-08 0.7968    
  16      0.2256367E-04 0.3356E-07  0.2256311E-04 0.8399E-08 0.7437    
  17      0.2255339E-04 0.3356E-07  0.2256253E-04 0.8147E-08 0.7022    
  18      0.2253336E-04 0.3351E-07  0.2256091E-04 0.7917E-08 0.7030    
  19      0.2253807E-04 0.3357E-07  0.2255971E-04 0.7705E-08 0.6883    
  20      0.2252815E-04 0.3360E-07  0.2255814E-04 0.7510E-08 0.6961    
   
   
 Integral Delta:   2.2558135703900570E-005 +-   7.5104499011243753E-009
 with chisq    =  0.69614154175551046     
  
  
  
 For xq =          600 
  
 RM48 INITIALIZED:        40           0         0



 INPUT PARAMETERS FOR VEGAS:  NDIM=  3  NCALL=   47775744.
                              IT=    0  ITMX=   10
                              MDS= -1   ND=  48
   1      0.1007459E-04 0.2530E-06  0.1007459E-04 0.2530E-06  0.000    
   2      0.9682924E-05 0.8167E-07  0.9722624E-05 0.7900E-07  2.239    
   3      0.9816629E-05 0.6322E-07  0.9779640E-05 0.4945E-07  1.555    
   4      0.9592324E-05 0.5683E-07  0.9701435E-05 0.3749E-07  3.075    
   5      0.9740401E-05 0.5504E-07  0.9713693E-05 0.3100E-07  2.396    
   6      0.9784713E-05 0.5455E-07  0.9731036E-05 0.2695E-07  2.173    
   7      0.9694724E-05 0.5354E-07  0.9723800E-05 0.2409E-07  1.876    
   8      0.9785314E-05 0.5378E-07  0.9734103E-05 0.2198E-07  1.764    
   9      0.9705743E-05 0.5373E-07  0.9730083E-05 0.2035E-07  1.575    
  10      0.9694859E-05 0.5399E-07  0.9725756E-05 0.1905E-07  1.443    



 INPUT PARAMETERS FOR VEGAS:  NDIM=  3  NCALL=  485941248.
                              IT=    0  ITMX=   20
                              MDS= -1   ND=  48
   1      0.9724287E-05 0.1549E-07  0.9724287E-05 0.1549E-07  0.000    
   2      0.9708244E-05 0.1549E-07  0.9716278E-05 0.1095E-07 0.5365    
   3      0.9713532E-05 0.1549E-07  0.9715363E-05 0.8941E-08 0.2788    
   4      0.9723330E-05 0.1547E-07  0.9717361E-05 0.7741E-08 0.2521    
   5      0.9714541E-05 0.1546E-07  0.9716796E-05 0.6922E-08 0.1958    
   6      0.9732056E-05 0.1551E-07  0.9719336E-05 0.6321E-08 0.3183    
   7      0.9696334E-05 0.1548E-07  0.9716062E-05 0.5852E-08 0.5797    
   8      0.9709882E-05 0.1549E-07  0.9715291E-05 0.5474E-08 0.5169    
   9      0.9709765E-05 0.1551E-07  0.9714679E-05 0.5162E-08 0.4664    
  10      0.9709972E-05 0.1545E-07  0.9714206E-05 0.4896E-08 0.4239    
  11      0.9717620E-05 0.1549E-07  0.9714517E-05 0.4668E-08 0.3859    
  12      0.9714774E-05 0.1552E-07  0.9714538E-05 0.4470E-08 0.3509    
  13      0.9717408E-05 0.1546E-07  0.9714760E-05 0.4295E-08 0.3243    
  14      0.9732724E-05 0.1552E-07  0.9716041E-05 0.4139E-08 0.3952    
  15      0.9694985E-05 0.1547E-07  0.9714641E-05 0.3998E-08 0.4901    
  16      0.9735302E-05 0.1549E-07  0.9715936E-05 0.3872E-08 0.5689    
  17      0.9701220E-05 0.1546E-07  0.9715070E-05 0.3756E-08 0.5866    
  18      0.9707873E-05 0.1548E-07  0.9714671E-05 0.3650E-08 0.5641    
  19      0.9728983E-05 0.1550E-07  0.9715425E-05 0.3553E-08 0.5777    
  20      0.9720523E-05 0.1548E-07  0.9715680E-05 0.3463E-08 0.5527    
   
   
 Integral Delta:   9.7156802820425806E-006 +-   3.4625405500701512E-009
 with chisq    =  0.55268353715246876     
  
  
  
 For xq =          700 
  
 RM48 INITIALIZED:        40           0         0



 INPUT PARAMETERS FOR VEGAS:  NDIM=  3  NCALL=   47775744.
                              IT=    0  ITMX=   10
                              MDS= -1   ND=  48
   1      0.4522373E-05 0.1114E-06  0.4522373E-05 0.1114E-06  0.000    
   2      0.4676653E-05 0.3994E-07  0.4660094E-05 0.3711E-07  1.655    
   3      0.4615044E-05 0.3107E-07  0.4633537E-05 0.2381E-07  1.259    
   4      0.4701477E-05 0.2896E-07  0.4661616E-05 0.1833E-07  1.941    
   5      0.4688289E-05 0.2786E-07  0.4669816E-05 0.1529E-07  1.610    
   6      0.4681946E-05 0.2750E-07  0.4672720E-05 0.1336E-07  1.315    
   7      0.4718551E-05 0.2740E-07  0.4681736E-05 0.1200E-07  1.475    
   8      0.4707194E-05 0.2733E-07  0.4685922E-05 0.1098E-07  1.366    
   9      0.4677810E-05 0.2719E-07  0.4684779E-05 0.1018E-07  1.204    
  10      0.4633427E-05 0.2712E-07  0.4678512E-05 0.9533E-08  1.418    



 INPUT PARAMETERS FOR VEGAS:  NDIM=  3  NCALL=  485941248.
                              IT=    0  ITMX=   20
                              MDS= -1   ND=  48
   1      0.4673021E-05 0.7917E-08  0.4673021E-05 0.7917E-08  0.000    
   2      0.4669791E-05 0.7911E-08  0.4671406E-05 0.5596E-08 0.8332E-01
   3      0.4673450E-05 0.7920E-08  0.4672087E-05 0.4570E-08 0.6389E-01
   4      0.4674809E-05 0.7938E-08  0.4672765E-05 0.3961E-08 0.7204E-01
   5      0.4682443E-05 0.7936E-08  0.4674701E-05 0.3544E-08 0.3523    
   6      0.4695161E-05 0.7951E-08  0.4678117E-05 0.3237E-08  1.393    
   7      0.4681309E-05 0.7924E-08  0.4678574E-05 0.2997E-08  1.183    
   8      0.4682921E-05 0.7946E-08  0.4679116E-05 0.2804E-08  1.052    
   9      0.4667134E-05 0.7921E-08  0.4677788E-05 0.2643E-08  1.174    
  10      0.4677958E-05 0.7932E-08  0.4677805E-05 0.2508E-08  1.043    
  11      0.4682580E-05 0.7930E-08  0.4678240E-05 0.2391E-08 0.9720    
  12      0.4683190E-05 0.7942E-08  0.4678652E-05 0.2289E-08 0.9159    
  13      0.4681451E-05 0.7928E-08  0.4678868E-05 0.2200E-08 0.8491    
  14      0.4689043E-05 0.7952E-08  0.4679594E-05 0.2120E-08 0.9010    
  15      0.4681558E-05 0.7943E-08  0.4679724E-05 0.2048E-08 0.8407    
  16      0.4690537E-05 0.7947E-08  0.4680401E-05 0.1983E-08 0.9006    
  17      0.4679941E-05 0.7927E-08  0.4680374E-05 0.1924E-08 0.8445    
  18      0.4692695E-05 0.7939E-08  0.4681061E-05 0.1870E-08 0.9290    
  19      0.4689051E-05 0.7940E-08  0.4681482E-05 0.1820E-08 0.9308    
  20      0.4683407E-05 0.7933E-08  0.4681578E-05 0.1774E-08 0.8847    
   
   
 Integral Delta:   4.6815782756854100E-006 +-   1.7740663558471914E-009
 with chisq    =  0.88467896812811841     
  
  
  
 For xq =          800 
  
 RM48 INITIALIZED:        40           0         0



 INPUT PARAMETERS FOR VEGAS:  NDIM=  3  NCALL=   47775744.
                              IT=    0  ITMX=   10
                              MDS= -1   ND=  48
   1      0.2489292E-05 0.5783E-07  0.2489292E-05 0.5783E-07  0.000    
   2      0.2471572E-05 0.2127E-07  0.2473711E-05 0.2002E-07 0.8316E-01
   3      0.2459456E-05 0.1687E-07  0.2465436E-05 0.1293E-07 0.1898    
   4      0.2475288E-05 0.1573E-07  0.2469412E-05 0.9987E-08 0.2046    
   5      0.2467319E-05 0.1522E-07  0.2468784E-05 0.8353E-08 0.1569    
   6      0.2438339E-05 0.1494E-07  0.2461688E-05 0.7298E-08 0.7483    
   7      0.2447024E-05 0.1484E-07  0.2458871E-05 0.6552E-08 0.7546    
   8      0.2439959E-05 0.1489E-07  0.2455852E-05 0.5999E-08 0.8388    
   9      0.2467753E-05 0.1502E-07  0.2457498E-05 0.5571E-08 0.8015    
  10      0.2464850E-05 0.1492E-07  0.2458399E-05 0.5218E-08 0.7360    



 INPUT PARAMETERS FOR VEGAS:  NDIM=  3  NCALL=  485941248.
                              IT=    0  ITMX=   20
                              MDS= -1   ND=  48
   1      0.2453460E-05 0.4397E-08  0.2453460E-05 0.4397E-08  0.000    
   2      0.2450412E-05 0.4399E-08  0.2451938E-05 0.3110E-08 0.2402    
   3      0.2448709E-05 0.4397E-08  0.2450863E-05 0.2539E-08 0.2999    
   4      0.2446202E-05 0.4399E-08  0.2449702E-05 0.2199E-08 0.4802    
   5      0.2457927E-05 0.4410E-08  0.2451349E-05 0.1968E-08  1.059    
   6      0.2450182E-05 0.4414E-08  0.2451156E-05 0.1797E-08 0.8590    
   7      0.2458907E-05 0.4410E-08  0.2452266E-05 0.1664E-08  1.159    
   8      0.2456822E-05 0.4412E-08  0.2452835E-05 0.1557E-08  1.126    
   9      0.2450320E-05 0.4408E-08  0.2452557E-05 0.1468E-08  1.022    
  10      0.2455231E-05 0.4403E-08  0.2452825E-05 0.1393E-08 0.9453    
  11      0.2452181E-05 0.4407E-08  0.2452766E-05 0.1328E-08 0.8527    
  12      0.2459036E-05 0.4414E-08  0.2453289E-05 0.1272E-08 0.9438    
  13      0.2449785E-05 0.4400E-08  0.2453020E-05 0.1222E-08 0.9140    
  14      0.2450288E-05 0.4405E-08  0.2452825E-05 0.1177E-08 0.8712    
  15      0.2456769E-05 0.4409E-08  0.2453088E-05 0.1138E-08 0.8623    
  16      0.2451415E-05 0.4407E-08  0.2452984E-05 0.1101E-08 0.8139    
  17      0.2454392E-05 0.4402E-08  0.2453067E-05 0.1068E-08 0.7690    
  18      0.2452984E-05 0.4398E-08  0.2453062E-05 0.1038E-08 0.7238    
  19      0.2460087E-05 0.4410E-08  0.2453433E-05 0.1011E-08 0.8176    
  20      0.2456093E-05 0.4395E-08  0.2453567E-05 0.9849E-09 0.7929    
   
   
 Integral Delta:   2.4535671604869732E-006 +-   9.8493590017508565E-010
 with chisq    =  0.79286073682585634     
  
  
  
 For xq =          900 
  
 RM48 INITIALIZED:        40           0         0



 INPUT PARAMETERS FOR VEGAS:  NDIM=  3  NCALL=   47775744.
                              IT=    0  ITMX=   10
                              MDS= -1   ND=  48
   1      0.1371124E-05 0.3109E-07  0.1371124E-05 0.3109E-07  0.000    
   2      0.1377988E-05 0.1196E-07  0.1377111E-05 0.1114E-07 0.4230E-01
   3      0.1370125E-05 0.9572E-08  0.1373102E-05 0.7267E-08 0.1342    
   4      0.1352896E-05 0.8902E-08  0.1365165E-05 0.5642E-08  1.110    
   5      0.1376717E-05 0.8798E-08  0.1368562E-05 0.4746E-08  1.138    
   6      0.1369610E-05 0.8695E-08  0.1368802E-05 0.4166E-08 0.9124    
   7      0.1379888E-05 0.8679E-08  0.1370903E-05 0.3755E-08 0.9819    
   8      0.1372769E-05 0.8626E-08  0.1371201E-05 0.3443E-08 0.8470    
   9      0.1371452E-05 0.8603E-08  0.1371236E-05 0.3196E-08 0.7412    
  10      0.1367645E-05 0.8629E-08  0.1370805E-05 0.2997E-08 0.6761    



 INPUT PARAMETERS FOR VEGAS:  NDIM=  3  NCALL=  485941248.
                              IT=    0  ITMX=   20
                              MDS= -1   ND=  48
   1      0.1370556E-05 0.2528E-08  0.1370556E-05 0.2528E-08  0.000    
   2      0.1367896E-05 0.2524E-08  0.1369227E-05 0.1786E-08 0.5543    
   3      0.1368589E-05 0.2527E-08  0.1369014E-05 0.1459E-08 0.2985    
   4      0.1366646E-05 0.2523E-08  0.1368423E-05 0.1263E-08 0.4189    
   5      0.1368670E-05 0.2526E-08  0.1368472E-05 0.1129E-08 0.3161    
   6      0.1369975E-05 0.2526E-08  0.1368723E-05 0.1031E-08 0.3118    
   7      0.1367481E-05 0.2526E-08  0.1368546E-05 0.9546E-09 0.2944    
   8      0.1369368E-05 0.2527E-08  0.1368648E-05 0.8930E-09 0.2656    
   9      0.1370360E-05 0.2530E-08  0.1368839E-05 0.8421E-09 0.2833    
  10      0.1365082E-05 0.2521E-08  0.1368463E-05 0.7987E-09 0.4730    
  11      0.1368759E-05 0.2525E-08  0.1368490E-05 0.7616E-09 0.4269    
  12      0.1370077E-05 0.2530E-08  0.1368622E-05 0.7292E-09 0.4209    
  13      0.1368532E-05 0.2527E-08  0.1368615E-05 0.7006E-09 0.3859    
  14      0.1370378E-05 0.2528E-08  0.1368741E-05 0.6752E-09 0.3909    
  15      0.1368908E-05 0.2524E-08  0.1368752E-05 0.6523E-09 0.3633    
  16      0.1365494E-05 0.2526E-08  0.1368550E-05 0.6315E-09 0.4428    
  17      0.1369147E-05 0.2524E-08  0.1368585E-05 0.6127E-09 0.4184    
  18      0.1367535E-05 0.2522E-08  0.1368526E-05 0.5953E-09 0.4034    
  19      0.1362859E-05 0.2522E-08  0.1368230E-05 0.5794E-09 0.6450    
  20      0.1372038E-05 0.2532E-08  0.1368420E-05 0.5648E-09 0.7245    
   
   
 Integral Delta:   1.3684200242747839E-006 +-   5.6481809865706145E-010
 with chisq    =  0.72454522771314434     
  
  
  
 For xq =         1000 
  
 RM48 INITIALIZED:        40           0         0



 INPUT PARAMETERS FOR VEGAS:  NDIM=  3  NCALL=   47775744.
                              IT=    0  ITMX=   10
                              MDS= -1   ND=  48
   1      0.7685349E-06 0.1720E-07  0.7685349E-06 0.1720E-07  0.000    
   2      0.8040655E-06 0.7117E-08  0.7992595E-06 0.6473E-08  3.524    
   3      0.7859414E-06 0.5684E-08  0.7917445E-06 0.4272E-08  2.957    
   4      0.7991738E-06 0.5416E-08  0.7946515E-06 0.3347E-08  2.347    
   5      0.8092186E-06 0.5331E-08  0.7989163E-06 0.2829E-08  3.115    
   6      0.8088933E-06 0.5267E-08  0.8012169E-06 0.2489E-08  3.046    
   7      0.8038926E-06 0.5245E-08  0.8017166E-06 0.2248E-08  2.567    
   8      0.7943896E-06 0.5195E-08  0.8005679E-06 0.2063E-08  2.440    
   9      0.8031124E-06 0.5221E-08  0.8009163E-06 0.1919E-08  2.158    
  10      0.7963800E-06 0.5235E-08  0.8003806E-06 0.1801E-08  1.992    



 INPUT PARAMETERS FOR VEGAS:  NDIM=  3  NCALL=  485941248.
                              IT=    0  ITMX=   20
                              MDS= -1   ND=  48
   1      0.8034086E-06 0.1548E-08  0.8034086E-06 0.1548E-08  0.000    
   2      0.8002883E-06 0.1547E-08  0.8018531E-06 0.1094E-08  2.034    
   3      0.8019900E-06 0.1548E-08  0.8018987E-06 0.8934E-09  1.019    
   4      0.7991099E-06 0.1546E-08  0.8012045E-06 0.7736E-09  1.491    
   5      0.8015813E-06 0.1548E-08  0.8012799E-06 0.6920E-09  1.130    
   6      0.8026806E-06 0.1548E-08  0.8015138E-06 0.6317E-09  1.040    
   7      0.8001814E-06 0.1546E-08  0.8013238E-06 0.5848E-09 0.9728    
   8      0.8030813E-06 0.1552E-08  0.8015432E-06 0.5472E-09 0.9944    
   9      0.8030544E-06 0.1549E-08  0.8017113E-06 0.5160E-09 0.9758    
  10      0.7997376E-06 0.1549E-08  0.8015150E-06 0.4895E-09  1.030    
  11      0.8008631E-06 0.1545E-08  0.8014557E-06 0.4667E-09 0.9429    
  12      0.8004193E-06 0.1548E-08  0.8013695E-06 0.4468E-09 0.8946    
  13      0.8004936E-06 0.1547E-08  0.8013022E-06 0.4293E-09 0.8448    
  14      0.8000778E-06 0.1547E-08  0.8012150E-06 0.4137E-09 0.8246    
  15      0.8037776E-06 0.1550E-08  0.8013864E-06 0.3997E-09 0.9487    
  16      0.8004060E-06 0.1546E-08  0.8013252E-06 0.3870E-09 0.9106    
  17      0.8018416E-06 0.1546E-08  0.8013556E-06 0.3754E-09 0.8602    
  18      0.8033829E-06 0.1547E-08  0.8014689E-06 0.3648E-09 0.9053    
  19      0.7999429E-06 0.1545E-08  0.8013887E-06 0.3550E-09 0.9063    
  20      0.8025425E-06 0.1550E-08  0.8014464E-06 0.3461E-09 0.8862    
   
   
 Integral Delta:   8.0144635280492945E-007 +-   3.4606899318362738E-010
 with chisq    =  0.88623819754975541     
  
  
  
 For xq =         1100 
  
 RM48 INITIALIZED:        40           0         0



 INPUT PARAMETERS FOR VEGAS:  NDIM=  3  NCALL=   47775744.
                              IT=    0  ITMX=   10
                              MDS= -1   ND=  48
   1      0.4786662E-06 0.1041E-07  0.4786662E-06 0.1041E-07  0.000    
   2      0.4863791E-06 0.4328E-08  0.4852728E-06 0.3974E-08 0.4629    
   3      0.4876868E-06 0.3563E-08  0.4866237E-06 0.2646E-08 0.3323    
   4      0.4906996E-06 0.3398E-08  0.4881881E-06 0.2084E-08 0.5216    
   5      0.4865084E-06 0.3331E-08  0.4877146E-06 0.1767E-08 0.4367    
   6      0.4874638E-06 0.3279E-08  0.4876579E-06 0.1555E-08 0.3499    
   7      0.4869229E-06 0.3251E-08  0.4875207E-06 0.1403E-08 0.2984    
   8      0.4889773E-06 0.3269E-08  0.4877492E-06 0.1289E-08 0.2796    
   9      0.4877493E-06 0.3282E-08  0.4877492E-06 0.1200E-08 0.2445    
  10      0.4884686E-06 0.3268E-08  0.4878352E-06 0.1126E-08 0.2220    



 INPUT PARAMETERS FOR VEGAS:  NDIM=  3  NCALL=  485941248.
                              IT=    0  ITMX=   20
                              MDS= -1   ND=  48
   1      0.4886603E-06 0.9750E-09  0.4886603E-06 0.9750E-09  0.000    
   2      0.4889155E-06 0.9771E-09  0.4887877E-06 0.6902E-09 0.3417E-01
   3      0.4878097E-06 0.9761E-09  0.4884626E-06 0.5635E-09 0.3513    
   4      0.4892710E-06 0.9784E-09  0.4886645E-06 0.4883E-09 0.4052    
   5      0.4886863E-06 0.9773E-09  0.4886688E-06 0.4368E-09 0.3040    
   6      0.4898401E-06 0.9782E-09  0.4888644E-06 0.3989E-09 0.4828    
   7      0.4895168E-06 0.9787E-09  0.4889575E-06 0.3694E-09 0.4658    
   8      0.4879605E-06 0.9768E-09  0.4888332E-06 0.3455E-09 0.5293    
   9      0.4902960E-06 0.9777E-09  0.4889964E-06 0.3258E-09 0.7127    
  10      0.4883115E-06 0.9786E-09  0.4889283E-06 0.3091E-09 0.6826    
  11      0.4867791E-06 0.9763E-09  0.4887341E-06 0.2947E-09  1.052    
  12      0.4902783E-06 0.9794E-09  0.4888630E-06 0.2822E-09  1.164    
  13      0.4892198E-06 0.9774E-09  0.4888905E-06 0.2711E-09  1.077    
  14      0.4892482E-06 0.9771E-09  0.4889161E-06 0.2612E-09  1.004    
  15      0.4899863E-06 0.9795E-09  0.4889874E-06 0.2524E-09  1.012    
  16      0.4887385E-06 0.9776E-09  0.4889719E-06 0.2444E-09 0.9486    
  17      0.4899413E-06 0.9805E-09  0.4890288E-06 0.2371E-09 0.9468    
  18      0.4907118E-06 0.9812E-09  0.4891223E-06 0.2305E-09  1.055    
  19      0.4891325E-06 0.9767E-09  0.4891228E-06 0.2243E-09 0.9967    
  20      0.4889599E-06 0.9778E-09  0.4891147E-06 0.2187E-09 0.9456    
   
   
 Integral Delta:   4.8911468340940386E-007 +-   2.1865659448592310E-010
 with chisq    =  0.94562617664673876     
  
  
  
 For xq =         1200 
  
 RM48 INITIALIZED:        40           0         0



 INPUT PARAMETERS FOR VEGAS:  NDIM=  3  NCALL=   47775744.
                              IT=    0  ITMX=   10
                              MDS= -1   ND=  48
   1      0.3075642E-06 0.6501E-08  0.3075642E-06 0.6501E-08  0.000    
   2      0.3055965E-06 0.2747E-08  0.3058979E-06 0.2536E-08 0.7807E-01
   3      0.3098420E-06 0.2296E-08  0.3080864E-06 0.1698E-08 0.7048    
   4      0.3057218E-06 0.2166E-08  0.3071931E-06 0.1337E-08 0.7163    
   5      0.3072889E-06 0.2130E-08  0.3072202E-06 0.1133E-08 0.5375    
   6      0.3068384E-06 0.2107E-08  0.3071348E-06 0.9977E-09 0.4353    
   7      0.3093331E-06 0.2129E-08  0.3075352E-06 0.9032E-09 0.5091    
   8      0.3073216E-06 0.2107E-08  0.3075020E-06 0.8302E-09 0.4376    
   9      0.3097944E-06 0.2129E-08  0.3078087E-06 0.7733E-09 0.5095    
  10      0.3077127E-06 0.2111E-08  0.3077973E-06 0.7262E-09 0.4531    



 INPUT PARAMETERS FOR VEGAS:  NDIM=  3  NCALL=  485941248.
                              IT=    0  ITMX=   20
                              MDS= -1   ND=  48
   1      0.3082943E-06 0.6311E-09  0.3082943E-06 0.6311E-09  0.000    
   2      0.3077604E-06 0.6312E-09  0.3080279E-06 0.4463E-09 0.3577    
   3      0.3072766E-06 0.6308E-09  0.3077781E-06 0.3643E-09 0.6509    
   4      0.3074406E-06 0.6313E-09  0.3076939E-06 0.3156E-09 0.5056    
   5      0.3072195E-06 0.6307E-09  0.3075992E-06 0.2822E-09 0.4923    
   6      0.3090256E-06 0.6324E-09  0.3078379E-06 0.2577E-09  1.247    
   7      0.3078575E-06 0.6302E-09  0.3078407E-06 0.2385E-09  1.039    
   8      0.3076739E-06 0.6322E-09  0.3078199E-06 0.2232E-09 0.8996    
   9      0.3083507E-06 0.6327E-09  0.3078788E-06 0.2105E-09 0.8653    
  10      0.3086495E-06 0.6326E-09  0.3079560E-06 0.1997E-09 0.9178    
  11      0.3073183E-06 0.6315E-09  0.3078982E-06 0.1904E-09 0.9187    
  12      0.3078324E-06 0.6306E-09  0.3078927E-06 0.1823E-09 0.8361    
  13      0.3075919E-06 0.6308E-09  0.3078696E-06 0.1751E-09 0.7840    
  14      0.3073127E-06 0.6313E-09  0.3078299E-06 0.1687E-09 0.7793    
  15      0.3091950E-06 0.6336E-09  0.3079211E-06 0.1631E-09  1.035    
  16      0.3079379E-06 0.6316E-09  0.3079221E-06 0.1579E-09 0.9662    
  17      0.3080554E-06 0.6305E-09  0.3079300E-06 0.1532E-09 0.9084    
  18      0.3092462E-06 0.6330E-09  0.3080034E-06 0.1489E-09  1.097    
  19      0.3080800E-06 0.6318E-09  0.3080074E-06 0.1449E-09  1.037    
  20      0.3076563E-06 0.6308E-09  0.3079898E-06 0.1412E-09 0.9975    
   
   
 Integral Delta:   3.0798983791779745E-007 +-   1.4121622373843300E-010
 with chisq    =  0.99752381407083823     
  
  
  
 For xq =         1300 
  
 RM48 INITIALIZED:        40           0         0



 INPUT PARAMETERS FOR VEGAS:  NDIM=  3  NCALL=   47775744.
                              IT=    0  ITMX=   10
                              MDS= -1   ND=  48
   1      0.1960229E-06 0.4089E-08  0.1960229E-06 0.4089E-08  0.000    
   2      0.1992757E-06 0.1797E-08  0.1987637E-06 0.1636E-08 0.5245    
   3      0.1980795E-06 0.1501E-08  0.1983915E-06 0.1105E-08 0.3094    
   4      0.2000093E-06 0.1438E-08  0.1990008E-06 0.8752E-09 0.4726    
   5      0.1994435E-06 0.1410E-08  0.1991249E-06 0.7432E-09 0.3715    
   6      0.1980710E-06 0.1397E-08  0.1988933E-06 0.6562E-09 0.3859    
   7      0.2018995E-06 0.1409E-08  0.1994445E-06 0.5945E-09 0.9582    
   8      0.1993431E-06 0.1390E-08  0.1994288E-06 0.5465E-09 0.8216    
   9      0.1994936E-06 0.1393E-08  0.1994375E-06 0.5087E-09 0.7188    
  10      0.2010146E-06 0.1402E-08  0.1996241E-06 0.4781E-09 0.7638    



 INPUT PARAMETERS FOR VEGAS:  NDIM=  3  NCALL=  485941248.
                              IT=    0  ITMX=   20
                              MDS= -1   ND=  48
   1      0.1994662E-06 0.4184E-09  0.1994662E-06 0.4184E-09  0.000    
   2      0.1987244E-06 0.4168E-09  0.1990953E-06 0.2953E-09  1.578    
   3      0.1997966E-06 0.4190E-09  0.1993292E-06 0.2414E-09  1.725    
   4      0.2000435E-06 0.4188E-09  0.1995082E-06 0.2091E-09  1.879    
   5      0.1989206E-06 0.4184E-09  0.1993914E-06 0.1871E-09  1.804    
   6      0.1990362E-06 0.4182E-09  0.1993323E-06 0.1708E-09  1.564    
   7      0.2001216E-06 0.4194E-09  0.1994453E-06 0.1582E-09  1.811    
   8      0.1997666E-06 0.4191E-09  0.1994855E-06 0.1480E-09  1.625    
   9      0.1988925E-06 0.4182E-09  0.1994199E-06 0.1395E-09  1.645    
  10      0.2004203E-06 0.4191E-09  0.1995206E-06 0.1324E-09  2.036    
  11      0.1990862E-06 0.4181E-09  0.1994811E-06 0.1262E-09  1.930    
  12      0.1999422E-06 0.4185E-09  0.1995197E-06 0.1208E-09  1.856    
  13      0.1998649E-06 0.4189E-09  0.1995463E-06 0.1161E-09  1.753    
  14      0.1991981E-06 0.4179E-09  0.1995215E-06 0.1118E-09  1.668    
  15      0.1997926E-06 0.4189E-09  0.1995396E-06 0.1081E-09  1.577    
  16      0.1998247E-06 0.4180E-09  0.1995575E-06 0.1046E-09  1.501    
  17      0.1997987E-06 0.4194E-09  0.1995716E-06 0.1015E-09  1.426    
  18      0.1982936E-06 0.4166E-09  0.1995009E-06 0.9862E-10  1.860    
  19      0.1990034E-06 0.4181E-09  0.1994748E-06 0.9599E-10  1.831    
  20      0.1998140E-06 0.4195E-09  0.1994917E-06 0.9357E-10  1.767    
   
   
 Integral Delta:   1.9949171633931290E-007 +-   9.3570329193997941E-011
 with chisq    =   1.7670840421358818     
  
  
  
 For xq =         1400 
  
 RM48 INITIALIZED:        40           0         0



 INPUT PARAMETERS FOR VEGAS:  NDIM=  3  NCALL=   47775744.
                              IT=    0  ITMX=   10
                              MDS= -1   ND=  48
   1      0.1329063E-06 0.2684E-08  0.1329063E-06 0.2684E-08  0.000    
   2      0.1288336E-06 0.1183E-08  0.1295311E-06 0.1094E-08  1.968    
   3      0.1321165E-06 0.1012E-08  0.1309361E-06 0.7414E-09  2.486    
   4      0.1319732E-06 0.9703E-09  0.1313209E-06 0.5888E-09  1.895    
   5      0.1335221E-06 0.9569E-09  0.1319391E-06 0.5009E-09  2.387    
   6      0.1330700E-06 0.9481E-09  0.1321893E-06 0.4427E-09  2.129    
   7      0.1315588E-06 0.9467E-09  0.1320770E-06 0.4010E-09  1.837    
   8      0.1316239E-06 0.9404E-09  0.1320076E-06 0.3689E-09  1.603    
   9      0.1335258E-06 0.9450E-09  0.1322125E-06 0.3436E-09  1.684    
  10      0.1322768E-06 0.9447E-09  0.1322200E-06 0.3229E-09  1.497    



 INPUT PARAMETERS FOR VEGAS:  NDIM=  3  NCALL=  485941248.
                              IT=    0  ITMX=   20
                              MDS= -1   ND=  48
   1      0.1323380E-06 0.2841E-09  0.1323380E-06 0.2841E-09  0.000    
   2      0.1319246E-06 0.2844E-09  0.1321321E-06 0.2010E-09  1.058    
   3      0.1321311E-06 0.2846E-09  0.1321318E-06 0.1642E-09 0.5288    
   4      0.1319721E-06 0.2839E-09  0.1320918E-06 0.1421E-09 0.4317    
   5      0.1317503E-06 0.2837E-09  0.1320236E-06 0.1271E-09 0.6127    
   6      0.1321337E-06 0.2842E-09  0.1320420E-06 0.1160E-09 0.5151    
   7      0.1327030E-06 0.2856E-09  0.1321364E-06 0.1075E-09  1.201    
   8      0.1319835E-06 0.2840E-09  0.1321173E-06 0.1005E-09  1.066    
   9      0.1317039E-06 0.2840E-09  0.1320715E-06 0.9476E-10  1.167    
  10      0.1322923E-06 0.2841E-09  0.1320937E-06 0.8989E-10  1.098    
  11      0.1317088E-06 0.2839E-09  0.1320588E-06 0.8570E-10  1.155    
  12      0.1322920E-06 0.2845E-09  0.1320782E-06 0.8206E-10  1.106    
  13      0.1323651E-06 0.2839E-09  0.1321004E-06 0.7883E-10  1.092    
  14      0.1318813E-06 0.2841E-09  0.1320848E-06 0.7596E-10  1.051    
  15      0.1321982E-06 0.2846E-09  0.1320924E-06 0.7339E-10 0.9860    
  16      0.1327323E-06 0.2846E-09  0.1321326E-06 0.7107E-10  1.238    
  17      0.1319381E-06 0.2834E-09  0.1321212E-06 0.6893E-10  1.189    
  18      0.1317661E-06 0.2839E-09  0.1321015E-06 0.6699E-10  1.206    
  19      0.1317133E-06 0.2840E-09  0.1320812E-06 0.6520E-10  1.237    
  20      0.1324756E-06 0.2847E-09  0.1321009E-06 0.6355E-10  1.268    
   
   
 Integral Delta:   1.3210093532592015E-007 +-   6.3551936753198350E-011
 with chisq    =   1.2679370738164284     
  
  
  
 For xq =         1500 
  
 RM48 INITIALIZED:        40           0         0



 INPUT PARAMETERS FOR VEGAS:  NDIM=  3  NCALL=   47775744.
                              IT=    0  ITMX=   10
                              MDS= -1   ND=  48
   1      0.9185614E-07 0.1814E-08  0.9185614E-07 0.1814E-08  0.000    
   2      0.8890963E-07 0.8063E-09  0.8942273E-07 0.7450E-09  2.250    
   3      0.8964170E-07 0.6935E-09  0.8953912E-07 0.5085E-09  1.154    
   4      0.8918472E-07 0.6634E-09  0.8940974E-07 0.4041E-09 0.8330    
   5      0.8873902E-07 0.6536E-09  0.8922773E-07 0.3440E-09 0.8158    
   6      0.8771500E-07 0.6475E-09  0.8890604E-07 0.3042E-09  1.486    
   7      0.8927100E-07 0.6498E-09  0.8897153E-07 0.2755E-09  1.281    
   8      0.8871060E-07 0.6486E-09  0.8893213E-07 0.2536E-09  1.120    
   9      0.8918223E-07 0.6528E-09  0.8896488E-07 0.2364E-09 0.9958    
  10      0.8959227E-07 0.6578E-09  0.8903714E-07 0.2225E-09 0.9745    



 INPUT PARAMETERS FOR VEGAS:  NDIM=  3  NCALL=  485941248.
                              IT=    0  ITMX=   20
                              MDS= -1   ND=  48
   1      0.8924584E-07 0.1974E-09  0.8924584E-07 0.1974E-09  0.000    
   2      0.8910204E-07 0.1970E-09  0.8917389E-07 0.1394E-09 0.2659    
   3      0.8923527E-07 0.1973E-09  0.8919435E-07 0.1139E-09 0.1652    
   4      0.8945216E-07 0.1974E-09  0.8925899E-07 0.9864E-10 0.5378    
   5      0.8912909E-07 0.1970E-09  0.8923302E-07 0.8820E-10 0.4903    
   6      0.8960025E-07 0.1975E-09  0.8929452E-07 0.8053E-10 0.9715    
   7      0.8942393E-07 0.1977E-09  0.8931298E-07 0.7458E-10 0.8707    
   8      0.8911030E-07 0.1969E-09  0.8928765E-07 0.6975E-10 0.8786    
   9      0.8928411E-07 0.1974E-09  0.8928726E-07 0.6576E-10 0.7689    
  10      0.8969001E-07 0.1975E-09  0.8932779E-07 0.6239E-10  1.102    
  11      0.8904966E-07 0.1973E-09  0.8930264E-07 0.5949E-10  1.172    
  12      0.8943034E-07 0.1976E-09  0.8931329E-07 0.5696E-10  1.100    
  13      0.8993607E-07 0.1980E-09  0.8936151E-07 0.5474E-10  1.778    
  14      0.8911806E-07 0.1973E-09  0.8934420E-07 0.5275E-10  1.750    
  15      0.8925470E-07 0.1975E-09  0.8933825E-07 0.5096E-10  1.639    
  16      0.8929959E-07 0.1973E-09  0.8933583E-07 0.4934E-10  1.532    
  17      0.8958151E-07 0.1976E-09  0.8935033E-07 0.4787E-10  1.527    
  18      0.8918118E-07 0.1972E-09  0.8934095E-07 0.4652E-10  1.478    
  19      0.8934850E-07 0.1974E-09  0.8934135E-07 0.4528E-10  1.396    
  20      0.8946899E-07 0.1977E-09  0.8934773E-07 0.4414E-10  1.344    
   
   
 Integral Delta:   8.9347725533169530E-008 +-   4.4138520623834377E-011
 with chisq    =   1.3436062464010365     
  
  
  
 For xq =         1600 
  
 RM48 INITIALIZED:        40           0         0



 INPUT PARAMETERS FOR VEGAS:  NDIM=  3  NCALL=   47775744.
                              IT=    0  ITMX=   10
                              MDS= -1   ND=  48
   1      0.6393632E-07 0.1248E-08  0.6393632E-07 0.1248E-08  0.000    
   2      0.6190385E-07 0.5562E-09  0.6225928E-07 0.5136E-09  2.260    
   3      0.6204888E-07 0.4827E-09  0.6214904E-07 0.3527E-09  1.185    
   4      0.6116899E-07 0.4614E-09  0.6179825E-07 0.2810E-09  1.731    
   5      0.6141931E-07 0.4577E-09  0.6169660E-07 0.2397E-09  1.428    
   6      0.6135078E-07 0.4535E-09  0.6162251E-07 0.2121E-09  1.236    
   7      0.6122787E-07 0.4509E-09  0.6155243E-07 0.1920E-09  1.137    
   8      0.6124288E-07 0.4542E-09  0.6150632E-07 0.1769E-09  1.032    
   9      0.6144266E-07 0.4583E-09  0.6149815E-07 0.1650E-09 0.9065    
  10      0.6197638E-07 0.4595E-09  0.6155313E-07 0.1553E-09 0.9124    



 INPUT PARAMETERS FOR VEGAS:  NDIM=  3  NCALL=  485941248.
                              IT=    0  ITMX=   20
                              MDS= -1   ND=  48
   1      0.6133581E-07 0.1370E-09  0.6133581E-07 0.1370E-09  0.000    
   2      0.6122437E-07 0.1372E-09  0.6128025E-07 0.9695E-10 0.3303    
   3      0.6133995E-07 0.1371E-09  0.6130019E-07 0.7915E-10 0.2283    
   4      0.6157086E-07 0.1374E-09  0.6136807E-07 0.6858E-10  1.127    
   5      0.6118279E-07 0.1366E-09  0.6133094E-07 0.6129E-10  1.213    
   6      0.6144665E-07 0.1368E-09  0.6135036E-07 0.5593E-10  1.089    
   7      0.6131708E-07 0.1368E-09  0.6134560E-07 0.5177E-10 0.9160    
   8      0.6131135E-07 0.1366E-09  0.6134130E-07 0.4841E-10 0.7931    
   9      0.6146159E-07 0.1369E-09  0.6135472E-07 0.4564E-10 0.7798    
  10      0.6173436E-07 0.1374E-09  0.6139288E-07 0.4331E-10  1.464    
  11      0.6139496E-07 0.1371E-09  0.6139307E-07 0.4130E-10  1.318    
  12      0.6150062E-07 0.1373E-09  0.6140203E-07 0.3955E-10  1.249    
  13      0.6154612E-07 0.1371E-09  0.6141315E-07 0.3800E-10  1.230    
  14      0.6114012E-07 0.1368E-09  0.6139375E-07 0.3661E-10  1.418    
  15      0.6151946E-07 0.1371E-09  0.6140215E-07 0.3537E-10  1.373    
  16      0.6132943E-07 0.1367E-09  0.6139760E-07 0.3425E-10  1.299    
  17      0.6140490E-07 0.1371E-09  0.6139803E-07 0.3322E-10  1.218    
  18      0.6150176E-07 0.1373E-09  0.6140378E-07 0.3229E-10  1.178    
  19      0.6124996E-07 0.1370E-09  0.6139573E-07 0.3143E-10  1.179    
  20      0.6139661E-07 0.1370E-09  0.6139577E-07 0.3064E-10  1.117    
   
   
 Integral Delta:   6.1395770085570592E-008 +-   3.0635199457501736E-011
 with chisq    =   1.1167555056716043     
  
  
  
 For xq =         1700 
  
 RM48 INITIALIZED:        40           0         0



 INPUT PARAMETERS FOR VEGAS:  NDIM=  3  NCALL=   47775744.
                              IT=    0  ITMX=   10
                              MDS= -1   ND=  48
   1      0.4294344E-07 0.8370E-09  0.4294344E-07 0.8370E-09  0.000    
   2      0.4214058E-07 0.3877E-09  0.4228684E-07 0.3539E-09 0.7666    
   3      0.4307168E-07 0.3399E-09  0.4269996E-07 0.2446E-09  1.664    
   4      0.4310998E-07 0.3282E-09  0.4284809E-07 0.1959E-09  1.441    
   5      0.4271769E-07 0.3210E-09  0.4281281E-07 0.1673E-09  1.112    
   6      0.4269964E-07 0.3190E-09  0.4278850E-07 0.1481E-09 0.9097    
   7      0.4287489E-07 0.3237E-09  0.4280351E-07 0.1347E-09 0.7675    
   8      0.4257390E-07 0.3185E-09  0.4276897E-07 0.1241E-09 0.7212    
   9      0.4302445E-07 0.3225E-09  0.4280226E-07 0.1158E-09 0.6992    
  10      0.4299919E-07 0.3221E-09  0.4282499E-07 0.1090E-09 0.6580    



 INPUT PARAMETERS FOR VEGAS:  NDIM=  3  NCALL=  485941248.
                              IT=    0  ITMX=   20
                              MDS= -1   ND=  48
   1      0.4275987E-07 0.9549E-10  0.4275987E-07 0.9549E-10  0.000    
   2      0.4290973E-07 0.9562E-10  0.4283496E-07 0.6757E-10  1.230    
   3      0.4279804E-07 0.9559E-10  0.4282267E-07 0.5518E-10 0.6650    
   4      0.4298288E-07 0.9557E-10  0.4286295E-07 0.4778E-10  1.148    
   5      0.4291360E-07 0.9571E-10  0.4287307E-07 0.4275E-10 0.9164    
   6      0.4292942E-07 0.9573E-10  0.4288246E-07 0.3904E-10 0.7907    
   7      0.4283366E-07 0.9556E-10  0.4287550E-07 0.3614E-10 0.6963    
   8      0.4282973E-07 0.9565E-10  0.4286979E-07 0.3381E-10 0.6256    
   9      0.4274792E-07 0.9539E-10  0.4285626E-07 0.3186E-10 0.7282    
  10      0.4290286E-07 0.9588E-10  0.4286090E-07 0.3024E-10 0.6708    
  11      0.4294695E-07 0.9577E-10  0.4286873E-07 0.2883E-10 0.6772    
  12      0.4280648E-07 0.9554E-10  0.4286355E-07 0.2760E-10 0.6510    
  13      0.4272870E-07 0.9535E-10  0.4285318E-07 0.2652E-10 0.7501    
  14      0.4276218E-07 0.9553E-10  0.4284670E-07 0.2555E-10 0.7571    
  15      0.4293027E-07 0.9561E-10  0.4285229E-07 0.2468E-10 0.7540    
  16      0.4270226E-07 0.9551E-10  0.4284296E-07 0.2390E-10 0.8573    
  17      0.4296846E-07 0.9570E-10  0.4285037E-07 0.2319E-10 0.9051    
  18      0.4267822E-07 0.9537E-10  0.4284083E-07 0.2253E-10  1.032    
  19      0.4288747E-07 0.9530E-10  0.4284331E-07 0.2193E-10 0.9871    
  20      0.4290554E-07 0.9568E-10  0.4284642E-07 0.2137E-10 0.9562    
   
   
 Integral Delta:   4.2846418735853162E-008 +-   2.1371838031204569E-011
 with chisq    =  0.95622495883781122     
  
  
  
 For xq =         1800 
  
 RM48 INITIALIZED:        40           0         0



 INPUT PARAMETERS FOR VEGAS:  NDIM=  3  NCALL=   47775744.
                              IT=    0  ITMX=   10
                              MDS= -1   ND=  48
   1      0.2908228E-07 0.5746E-09  0.2908228E-07 0.5746E-09  0.000    
   2      0.2997462E-07 0.2740E-09  0.2981727E-07 0.2450E-09  1.926    
   3      0.3064485E-07 0.2419E-09  0.3025167E-07 0.1710E-09  3.858    
   4      0.3063578E-07 0.2345E-09  0.3038930E-07 0.1379E-09  3.136    
   5      0.3007140E-07 0.2301E-09  0.3030544E-07 0.1183E-09  2.703    
   6      0.3049596E-07 0.2296E-09  0.3034626E-07 0.1051E-09  2.263    
   7      0.3012278E-07 0.2275E-09  0.3030705E-07 0.9540E-10  2.019    
   8      0.3028378E-07 0.2284E-09  0.3030357E-07 0.8802E-10  1.730    
   9      0.3033157E-07 0.2289E-09  0.3030721E-07 0.8215E-10  1.514    
  10      0.3037755E-07 0.2302E-09  0.3031524E-07 0.7737E-10  1.353    



 INPUT PARAMETERS FOR VEGAS:  NDIM=  3  NCALL=  485941248.
                              IT=    0  ITMX=   20
                              MDS= -1   ND=  48
   1      0.3024638E-07 0.6868E-10  0.3024638E-07 0.6868E-10  0.000    
   2      0.3015062E-07 0.6855E-10  0.3019856E-07 0.4852E-10 0.9737    
   3      0.3023633E-07 0.6870E-10  0.3021115E-07 0.3963E-10 0.5874    
   4      0.3025154E-07 0.6890E-10  0.3022121E-07 0.3435E-10 0.4775    
   5      0.3026183E-07 0.6882E-10  0.3022933E-07 0.3074E-10 0.4278    
   6      0.3029697E-07 0.6885E-10  0.3024062E-07 0.2807E-10 0.5034    
   7      0.3028266E-07 0.6888E-10  0.3024662E-07 0.2599E-10 0.4727    
   8      0.3032422E-07 0.6895E-10  0.3025632E-07 0.2432E-10 0.5640    
   9      0.3021888E-07 0.6882E-10  0.3025217E-07 0.2293E-10 0.5265    
  10      0.3022039E-07 0.6853E-10  0.3024897E-07 0.2175E-10 0.4895    
  11      0.3032225E-07 0.6888E-10  0.3025564E-07 0.2074E-10 0.5437    
  12      0.3017599E-07 0.6855E-10  0.3024900E-07 0.1985E-10 0.6064    
  13      0.3029568E-07 0.6898E-10  0.3025258E-07 0.1907E-10 0.5911    
  14      0.3031674E-07 0.6883E-10  0.3025717E-07 0.1838E-10 0.6077    
  15      0.3029525E-07 0.6885E-10  0.3025971E-07 0.1776E-10 0.5847    
  16      0.3031867E-07 0.6884E-10  0.3026341E-07 0.1720E-10 0.5916    
  17      0.3028551E-07 0.6888E-10  0.3026470E-07 0.1668E-10 0.5606    
  18      0.3036400E-07 0.6872E-10  0.3027027E-07 0.1621E-10 0.6441    
  19      0.3018739E-07 0.6872E-10  0.3026592E-07 0.1578E-10 0.6846    
  20      0.3032414E-07 0.6891E-10  0.3026883E-07 0.1538E-10 0.6843    
   
   
 Integral Delta:   3.0268829787671356E-008 +-   1.5382372063473399E-011
 with chisq    =  0.68428412152750406     
  
  
  
 For xq =         1900 
  
 RM48 INITIALIZED:        40           0         0



 INPUT PARAMETERS FOR VEGAS:  NDIM=  3  NCALL=   47775744.
                              IT=    0  ITMX=   10
                              MDS= -1   ND=  48
   1      0.2202734E-07 0.4205E-09  0.2202734E-07 0.4205E-09  0.000    
   2      0.2184841E-07 0.1972E-09  0.2188109E-07 0.1790E-09 0.1492    
   3      0.2175999E-07 0.1743E-09  0.2181944E-07 0.1251E-09 0.1921    
   4      0.2159582E-07 0.1688E-09  0.2174149E-07 0.1006E-09 0.5028    
   5      0.2158208E-07 0.1666E-09  0.2169954E-07 0.8619E-10 0.5445    
   6      0.2180422E-07 0.1667E-09  0.2172170E-07 0.7655E-10 0.4977    
   7      0.2154148E-07 0.1651E-09  0.2169037E-07 0.6948E-10 0.5770    
   8      0.2165621E-07 0.1659E-09  0.2168530E-07 0.6409E-10 0.5002    
   9      0.2200547E-07 0.1673E-09  0.2172718E-07 0.5984E-10 0.8433    
  10      0.2159095E-07 0.1670E-09  0.2171189E-07 0.5633E-10 0.8155    



 INPUT PARAMETERS FOR VEGAS:  NDIM=  3  NCALL=  485941248.
                              IT=    0  ITMX=   20
                              MDS= -1   ND=  48
   1      0.2161696E-07 0.5021E-10  0.2161696E-07 0.5021E-10  0.000    
   2      0.2158195E-07 0.5013E-10  0.2159945E-07 0.3548E-10 0.2435    
   3      0.2169232E-07 0.5029E-10  0.2163049E-07 0.2899E-10  1.263    
   4      0.2160740E-07 0.5017E-10  0.2162472E-07 0.2510E-10 0.8954    
   5      0.2166377E-07 0.5032E-10  0.2163252E-07 0.2246E-10 0.7919    
   6      0.2169211E-07 0.5032E-10  0.2164247E-07 0.2051E-10 0.8677    
   7      0.2161018E-07 0.5016E-10  0.2163785E-07 0.1898E-10 0.7824    
   8      0.2165204E-07 0.5034E-10  0.2163962E-07 0.1776E-10 0.6805    
   9      0.2161802E-07 0.5027E-10  0.2163723E-07 0.1675E-10 0.6160    
  10      0.2173282E-07 0.5029E-10  0.2164685E-07 0.1589E-10 0.9111    
  11      0.2166857E-07 0.5019E-10  0.2164883E-07 0.1515E-10 0.8369    
  12      0.2161067E-07 0.5029E-10  0.2164567E-07 0.1451E-10 0.8089    
  13      0.2161803E-07 0.5013E-10  0.2164354E-07 0.1393E-10 0.7649    
  14      0.2162450E-07 0.5029E-10  0.2164218E-07 0.1343E-10 0.7164    
  15      0.2162359E-07 0.5030E-10  0.2164095E-07 0.1297E-10 0.6744    
  16      0.2168013E-07 0.5031E-10  0.2164340E-07 0.1256E-10 0.6674    
  17      0.2159908E-07 0.5027E-10  0.2164080E-07 0.1219E-10 0.6714    
  18      0.2158369E-07 0.5022E-10  0.2163764E-07 0.1184E-10 0.7036    
  19      0.2157337E-07 0.5020E-10  0.2163427E-07 0.1153E-10 0.7505    
  20      0.2165611E-07 0.5034E-10  0.2163536E-07 0.1124E-10 0.7204    
   
   
 Integral Delta:   2.1635363485887620E-008 +-   1.1236446989561823E-011
 with chisq    =  0.72037012115535415     
  
  
  
 For xq =         2000 
  
 RM48 INITIALIZED:        40           0         0



 INPUT PARAMETERS FOR VEGAS:  NDIM=  3  NCALL=   47775744.
                              IT=    0  ITMX=   10
                              MDS= -1   ND=  48
   1      0.1561709E-07 0.2986E-09  0.1561709E-07 0.2986E-09  0.000    
   2      0.1568657E-07 0.1420E-09  0.1567385E-07 0.1280E-09 0.4403E-01
   3      0.1559224E-07 0.1264E-09  0.1563266E-07 0.9000E-10 0.1249    
   4      0.1555741E-07 0.1233E-09  0.1560667E-07 0.7273E-10 0.1641    
   5      0.1562585E-07 0.1219E-09  0.1561171E-07 0.6246E-10 0.1276    
   6      0.1567906E-07 0.1214E-09  0.1562591E-07 0.5553E-10 0.1509    
   7      0.1563348E-07 0.1223E-09  0.1562720E-07 0.5056E-10 0.1262    
   8      0.1546765E-07 0.1209E-09  0.1560387E-07 0.4666E-10 0.3170    
   9      0.1558553E-07 0.1210E-09  0.1560150E-07 0.4353E-10 0.2800    
  10      0.1551555E-07 0.1214E-09  0.1559181E-07 0.4098E-10 0.2981    



 INPUT PARAMETERS FOR VEGAS:  NDIM=  3  NCALL=  485941248.
                              IT=    0  ITMX=   20
                              MDS= -1   ND=  48
   1      0.1559607E-07 0.3654E-10  0.1559607E-07 0.3654E-10  0.000    
   2      0.1562785E-07 0.3665E-10  0.1561195E-07 0.2587E-10 0.3769    
   3      0.1567027E-07 0.3664E-10  0.1563145E-07 0.2114E-10  1.036    
   4      0.1560762E-07 0.3664E-10  0.1562552E-07 0.1831E-10 0.7965    
   5      0.1558263E-07 0.3651E-10  0.1561694E-07 0.1637E-10 0.8728    
   6      0.1564871E-07 0.3668E-10  0.1562223E-07 0.1495E-10 0.8232    
   7      0.1557134E-07 0.3656E-10  0.1561498E-07 0.1383E-10 0.9620    
   8      0.1564303E-07 0.3657E-10  0.1561851E-07 0.1294E-10 0.8980    
   9      0.1556054E-07 0.3646E-10  0.1561207E-07 0.1219E-10  1.065    
  10      0.1565447E-07 0.3663E-10  0.1561632E-07 0.1157E-10  1.081    
  11      0.1561631E-07 0.3652E-10  0.1561632E-07 0.1103E-10 0.9730    
  12      0.1561631E-07 0.3659E-10  0.1561632E-07 0.1056E-10 0.8846    
  13      0.1557762E-07 0.3655E-10  0.1561335E-07 0.1015E-10 0.8970    
  14      0.1557591E-07 0.3647E-10  0.1561067E-07 0.9774E-11 0.9032    
  15      0.1559762E-07 0.3652E-10  0.1560980E-07 0.9442E-11 0.8473    
  16      0.1561488E-07 0.3663E-10  0.1561012E-07 0.9143E-11 0.7920    
  17      0.1559678E-07 0.3656E-10  0.1560933E-07 0.8870E-11 0.7504    
  18      0.1563515E-07 0.3649E-10  0.1561078E-07 0.8619E-11 0.7340    
  19      0.1560893E-07 0.3650E-10  0.1561068E-07 0.8388E-11 0.6934    
  20      0.1564143E-07 0.3660E-10  0.1561222E-07 0.8176E-11 0.6922    
   
   
 Integral Delta:   1.5612220292485263E-008 +-   8.1762303510097884E-012
 with chisq    =  0.69215467030289579     
  
  
  
 For xq =         2100 
  
 RM48 INITIALIZED:        40           0         0



 INPUT PARAMETERS FOR VEGAS:  NDIM=  3  NCALL=   47775744.
                              IT=    0  ITMX=   10
                              MDS= -1   ND=  48
   1      0.1138173E-07 0.2146E-09  0.1138173E-07 0.2146E-09  0.000    
   2      0.1143575E-07 0.1037E-09  0.1142560E-07 0.9325E-10 0.5120E-01
   3      0.1152392E-07 0.9341E-10  0.1147517E-07 0.6588E-10 0.3038    
   4      0.1140888E-07 0.9035E-10  0.1145226E-07 0.5325E-10 0.3197    
   5      0.1135599E-07 0.8902E-10  0.1142716E-07 0.4572E-10 0.4541    
   6      0.1151139E-07 0.9028E-10  0.1144456E-07 0.4078E-10 0.5023    
   7      0.1130638E-07 0.8834E-10  0.1142075E-07 0.3704E-10 0.7509    
   8      0.1128667E-07 0.8882E-10  0.1140128E-07 0.3419E-10 0.9181    
   9      0.1142164E-07 0.9029E-10  0.1140384E-07 0.3198E-10 0.8086    
  10      0.1135689E-07 0.8916E-10  0.1139853E-07 0.3010E-10 0.7465    



 INPUT PARAMETERS FOR VEGAS:  NDIM=  3  NCALL=  485941248.
                              IT=    0  ITMX=   20
                              MDS= -1   ND=  48
   1      0.1141763E-07 0.2692E-10  0.1141763E-07 0.2692E-10  0.000    
   2      0.1142819E-07 0.2690E-10  0.1142292E-07 0.1903E-10 0.7699E-01
   3      0.1141009E-07 0.2688E-10  0.1141864E-07 0.1553E-10 0.1144    
   4      0.1135901E-07 0.2676E-10  0.1140374E-07 0.1343E-10  1.308    
   5      0.1142506E-07 0.2688E-10  0.1140801E-07 0.1202E-10  1.106    
   6      0.1133641E-07 0.2685E-10  0.1139619E-07 0.1097E-10  2.062    
   7      0.1136963E-07 0.2689E-10  0.1139241E-07 0.1016E-10  1.859    
   8      0.1139316E-07 0.2688E-10  0.1139251E-07 0.9500E-11  1.593    
   9      0.1139201E-07 0.2687E-10  0.1139245E-07 0.8957E-11  1.394    
  10      0.1142034E-07 0.2684E-10  0.1139526E-07 0.8496E-11  1.347    
  11      0.1140738E-07 0.2688E-10  0.1139636E-07 0.8101E-11  1.230    
  12      0.1137621E-07 0.2683E-10  0.1139468E-07 0.7755E-11  1.166    
  13      0.1140075E-07 0.2687E-10  0.1139515E-07 0.7451E-11  1.073    
  14      0.1137983E-07 0.2683E-10  0.1139406E-07 0.7179E-11  1.013    
  15      0.1137301E-07 0.2678E-10  0.1139265E-07 0.6935E-11 0.9823    
  16      0.1136033E-07 0.2680E-10  0.1139063E-07 0.6713E-11  1.008    
  17      0.1131921E-07 0.2680E-10  0.1138646E-07 0.6512E-11  1.358    
  18      0.1143702E-07 0.2689E-10  0.1138929E-07 0.6329E-11  1.476    
  19      0.1134714E-07 0.2681E-10  0.1138708E-07 0.6160E-11  1.524    
  20      0.1136720E-07 0.2687E-10  0.1138609E-07 0.6004E-11  1.471    
   
   
 Integral Delta:   1.1386087764577559E-008 +-   6.0041261964499121E-012
 with chisq    =   1.4709319780859471     
  
  
  
 For xq =         2200 
  
 RM48 INITIALIZED:        40           0         0



 INPUT PARAMETERS FOR VEGAS:  NDIM=  3  NCALL=   47775744.
                              IT=    0  ITMX=   10
                              MDS= -1   ND=  48
   1      0.8192123E-08 0.1557E-09  0.8192123E-08 0.1557E-09  0.000    
   2      0.8382026E-08 0.7645E-10  0.8346472E-08 0.6814E-10  1.182    
   3      0.8238408E-08 0.6792E-10  0.8292588E-08 0.4816E-10  1.223    
   4      0.8314552E-08 0.6650E-10  0.8300196E-08 0.3898E-10 0.8370    
   5      0.8280850E-08 0.6608E-10  0.8295202E-08 0.3358E-10 0.6437    
   6      0.8321288E-08 0.6584E-10  0.8300627E-08 0.2991E-10 0.5392    
   7      0.8414063E-08 0.6664E-10  0.8320121E-08 0.2727E-10 0.8577    
   8      0.8461454E-08 0.6650E-10  0.8341124E-08 0.2522E-10  1.299    
   9      0.8327054E-08 0.6629E-10  0.8339344E-08 0.2358E-10  1.142    
  10      0.8277144E-08 0.6556E-10  0.8332296E-08 0.2219E-10  1.104    



 INPUT PARAMETERS FOR VEGAS:  NDIM=  3  NCALL=  485941248.
                              IT=    0  ITMX=   20
                              MDS= -1   ND=  48
   1      0.8340207E-08 0.2006E-10  0.8340207E-08 0.2006E-10  0.000    
   2      0.8350120E-08 0.2007E-10  0.8345168E-08 0.1419E-10 0.1220    
   3      0.8336432E-08 0.2004E-10  0.8342254E-08 0.1158E-10 0.1243    
   4      0.8361253E-08 0.2003E-10  0.8347028E-08 0.1002E-10 0.3080    
   5      0.8346694E-08 0.2006E-10  0.8346961E-08 0.8967E-11 0.2311    
   6      0.8384353E-08 0.2021E-10  0.8353159E-08 0.8197E-11 0.7601    
   7      0.8339194E-08 0.2007E-10  0.8351168E-08 0.7588E-11 0.7027    
   8      0.8355494E-08 0.2008E-10  0.8351709E-08 0.7098E-11 0.6080    
   9      0.8356556E-08 0.2009E-10  0.8352247E-08 0.6693E-11 0.5384    
  10      0.8339649E-08 0.2003E-10  0.8350986E-08 0.6348E-11 0.5182    
  11      0.8351243E-08 0.2009E-10  0.8351009E-08 0.6053E-11 0.4664    
  12      0.8377726E-08 0.2012E-10  0.8353239E-08 0.5796E-11 0.5715    
  13      0.8351558E-08 0.2003E-10  0.8353109E-08 0.5568E-11 0.5244    
  14      0.8388625E-08 0.2015E-10  0.8355649E-08 0.5367E-11 0.7075    
  15      0.8396963E-08 0.2012E-10  0.8358418E-08 0.5186E-11 0.9400    
  16      0.8335210E-08 0.2003E-10  0.8356967E-08 0.5020E-11 0.9611    
  17      0.8357431E-08 0.2011E-10  0.8356995E-08 0.4871E-11 0.9011    
  18      0.8365109E-08 0.2004E-10  0.8357448E-08 0.4733E-11 0.8571    
  19      0.8347468E-08 0.2006E-10  0.8356923E-08 0.4606E-11 0.8226    
  20      0.8331292E-08 0.2004E-10  0.8355644E-08 0.4489E-11 0.8609    
   
   
 Integral Delta:   8.3556436910371286E-009 +-   4.4893201743851114E-012
 with chisq    =  0.86087224243583438     
  
  
  
 For xq =         2300 
  
 RM48 INITIALIZED:        40           0         0



 INPUT PARAMETERS FOR VEGAS:  NDIM=  3  NCALL=   47775744.
                              IT=    0  ITMX=   10
                              MDS= -1   ND=  48
   1      0.6256326E-08 0.1164E-09  0.6256326E-08 0.1164E-09  0.000    
   2      0.6280864E-08 0.5657E-10  0.6276202E-08 0.5082E-10 0.3588E-01
   3      0.6138855E-08 0.5058E-10  0.6208644E-08 0.3598E-10  1.840    
   4      0.6149041E-08 0.4942E-10  0.6188331E-08 0.2912E-10  1.548    
   5      0.6214197E-08 0.4981E-10  0.6194931E-08 0.2514E-10  1.211    
   6      0.6150095E-08 0.4933E-10  0.6185825E-08 0.2240E-10  1.101    
   7      0.6156524E-08 0.4928E-10  0.6180863E-08 0.2040E-10 0.9677    
   8      0.6242079E-08 0.4971E-10  0.6189807E-08 0.1887E-10  1.015    
   9      0.6142879E-08 0.4895E-10  0.6183830E-08 0.1761E-10 0.9889    
  10      0.6179531E-08 0.4925E-10  0.6183345E-08 0.1658E-10 0.8801    



 INPUT PARAMETERS FOR VEGAS:  NDIM=  3  NCALL=  485941248.
                              IT=    0  ITMX=   20
                              MDS= -1   ND=  48
   1      0.6159251E-08 0.1490E-10  0.6159251E-08 0.1490E-10  0.000    
   2      0.6174865E-08 0.1495E-10  0.6167055E-08 0.1055E-10 0.5472    
   3      0.6196796E-08 0.1498E-10  0.6176982E-08 0.8628E-11  1.594    
   4      0.6173923E-08 0.1493E-10  0.6176217E-08 0.7471E-11  1.073    
   5      0.6172450E-08 0.1490E-10  0.6175461E-08 0.6678E-11 0.8179    
   6      0.6201348E-08 0.1497E-10  0.6179790E-08 0.6099E-11  1.155    
   7      0.6163910E-08 0.1490E-10  0.6177521E-08 0.5644E-11  1.125    
   8      0.6176477E-08 0.1493E-10  0.6177390E-08 0.5280E-11 0.9649    
   9      0.6165526E-08 0.1492E-10  0.6176075E-08 0.4977E-11 0.9146    
  10      0.6194758E-08 0.1493E-10  0.6177953E-08 0.4722E-11 0.9698    
  11      0.6176857E-08 0.1492E-10  0.6177854E-08 0.4502E-11 0.8733    
  12      0.6155466E-08 0.1485E-10  0.6175983E-08 0.4308E-11 0.9824    
  13      0.6177036E-08 0.1493E-10  0.6176063E-08 0.4139E-11 0.9009    
  14      0.6161633E-08 0.1487E-10  0.6175031E-08 0.3988E-11 0.8988    
  15      0.6188859E-08 0.1498E-10  0.6175949E-08 0.3854E-11 0.8914    
  16      0.6176831E-08 0.1495E-10  0.6176004E-08 0.3732E-11 0.8322    
  17      0.6205152E-08 0.1497E-10  0.6177725E-08 0.3621E-11  1.005    
  18      0.6202982E-08 0.1500E-10  0.6179126E-08 0.3520E-11  1.104    
  19      0.6151971E-08 0.1488E-10  0.6177700E-08 0.3425E-11  1.217    
  20      0.6170631E-08 0.1493E-10  0.6177347E-08 0.3339E-11  1.164    
   
   
 Integral Delta:   6.1773467375419529E-009 +-   3.3385134022275538E-012
 with chisq    =   1.1641682802856685     
  
  
  
 For xq =         2400 
  
 RM48 INITIALIZED:        40           0         0



 INPUT PARAMETERS FOR VEGAS:  NDIM=  3  NCALL=   47775744.
                              IT=    0  ITMX=   10
                              MDS= -1   ND=  48
   1      0.4587983E-08 0.8503E-10  0.4587983E-08 0.8503E-10  0.000    
   2      0.4582636E-08 0.4178E-10  0.4583678E-08 0.3751E-10 0.3187E-02
   3      0.4592120E-08 0.3801E-10  0.4587850E-08 0.2669E-10 0.1410E-01
   4      0.4583684E-08 0.3701E-10  0.4586426E-08 0.2165E-10 0.1218E-01
   5      0.4595391E-08 0.3676E-10  0.4588741E-08 0.1865E-10 0.2019E-01
   6      0.4572828E-08 0.3657E-10  0.4585473E-08 0.1662E-10 0.4609E-01
   7      0.4671224E-08 0.3720E-10  0.4600187E-08 0.1517E-10 0.7955    
   8      0.4553210E-08 0.3680E-10  0.4593478E-08 0.1402E-10 0.8797    
   9      0.4586252E-08 0.3694E-10  0.4592570E-08 0.1311E-10 0.7742    
  10      0.4535871E-08 0.3696E-10  0.4586369E-08 0.1236E-10 0.9176    



 INPUT PARAMETERS FOR VEGAS:  NDIM=  3  NCALL=  485941248.
                              IT=    0  ITMX=   20
                              MDS= -1   ND=  48
   1      0.4611828E-08 0.1124E-10  0.4611828E-08 0.1124E-10  0.000    
   2      0.4613456E-08 0.1124E-10  0.4612643E-08 0.7949E-11 0.1049E-01
   3      0.4594095E-08 0.1119E-10  0.4606456E-08 0.6480E-11 0.9159    
   4      0.4606751E-08 0.1122E-10  0.4606529E-08 0.5612E-11 0.6107    
   5      0.4597266E-08 0.1119E-10  0.4604673E-08 0.5016E-11 0.5950    
   6      0.4616791E-08 0.1121E-10  0.4606703E-08 0.4579E-11 0.6709    
   7      0.4598171E-08 0.1122E-10  0.4605488E-08 0.4239E-11 0.6418    
   8      0.4596975E-08 0.1119E-10  0.4604423E-08 0.3965E-11 0.6224    
   9      0.4597093E-08 0.1122E-10  0.4603612E-08 0.3738E-11 0.5922    
  10      0.4571816E-08 0.1118E-10  0.4600453E-08 0.3545E-11  1.327    
  11      0.4596669E-08 0.1119E-10  0.4600109E-08 0.3380E-11  1.205    
  12      0.4604951E-08 0.1122E-10  0.4600512E-08 0.3236E-11  1.110    
  13      0.4579975E-08 0.1121E-10  0.4598944E-08 0.3109E-11  1.275    
  14      0.4600708E-08 0.1120E-10  0.4599071E-08 0.2996E-11  1.179    
  15      0.4593364E-08 0.1120E-10  0.4598690E-08 0.2894E-11  1.112    
  16      0.4598012E-08 0.1119E-10  0.4598648E-08 0.2802E-11  1.038    
  17      0.4586990E-08 0.1118E-10  0.4597962E-08 0.2718E-11  1.037    
  18      0.4592132E-08 0.1118E-10  0.4597637E-08 0.2641E-11 0.9913    
  19      0.4581505E-08 0.1117E-10  0.4596789E-08 0.2570E-11  1.046    
  20      0.4598820E-08 0.1123E-10  0.4596890E-08 0.2505E-11 0.9923    
   
   
 Integral Delta:   4.5968900483959564E-009 +-   2.5051115531814054E-012
 with chisq    =  0.99226974735123308     
  
  
  
 For xq =         2500 
  
 RM48 INITIALIZED:        40           0         0



 INPUT PARAMETERS FOR VEGAS:  NDIM=  3  NCALL=   47775744.
                              IT=    0  ITMX=   10
                              MDS= -1   ND=  48
   1      0.3466933E-08 0.6377E-10  0.3466933E-08 0.6377E-10  0.000    
   2      0.3442574E-08 0.3128E-10  0.3447352E-08 0.2814E-10 0.1181    
   3      0.3410686E-08 0.2846E-10  0.3429462E-08 0.2005E-10 0.4772    
   4      0.3428355E-08 0.2799E-10  0.3429088E-08 0.1631E-10 0.3190    
   5      0.3443319E-08 0.2769E-10  0.3432763E-08 0.1405E-10 0.2882    
   6      0.3388110E-08 0.2765E-10  0.3423813E-08 0.1253E-10 0.6386    
   7      0.3412782E-08 0.2751E-10  0.3421934E-08 0.1141E-10 0.5550    
   8      0.3483560E-08 0.2810E-10  0.3430896E-08 0.1057E-10  1.078    
   9      0.3446352E-08 0.2794E-10  0.3432841E-08 0.9882E-11 0.9759    
  10      0.3366960E-08 0.2776E-10  0.3425696E-08 0.9312E-11  1.409    



 INPUT PARAMETERS FOR VEGAS:  NDIM=  3  NCALL=  485941248.
                              IT=    0  ITMX=   20
                              MDS= -1   ND=  48
   1      0.3439255E-08 0.8453E-11  0.3439255E-08 0.8453E-11  0.000    
   2      0.3449501E-08 0.8468E-11  0.3444384E-08 0.5982E-11 0.7334    
   3      0.3441997E-08 0.8458E-11  0.3443589E-08 0.4884E-11 0.3934    
   4      0.3451058E-08 0.8481E-11  0.3445455E-08 0.4232E-11 0.4566    
   5      0.3444980E-08 0.8462E-11  0.3445360E-08 0.3785E-11 0.3431    
   6      0.3442375E-08 0.8453E-11  0.3444862E-08 0.3455E-11 0.2953    
   7      0.3432866E-08 0.8457E-11  0.3443157E-08 0.3198E-11 0.5323    
   8      0.3434869E-08 0.8438E-11  0.3442120E-08 0.2991E-11 0.5766    
   9      0.3418560E-08 0.8422E-11  0.3439514E-08 0.2818E-11  1.365    
  10      0.3425863E-08 0.8452E-11  0.3438158E-08 0.2673E-11  1.473    
  11      0.3439397E-08 0.8472E-11  0.3438270E-08 0.2550E-11  1.328    
  12      0.3446343E-08 0.8481E-11  0.3438942E-08 0.2442E-11  1.282    
  13      0.3433294E-08 0.8445E-11  0.3438508E-08 0.2346E-11  1.210    
  14      0.3443200E-08 0.8471E-11  0.3438843E-08 0.2261E-11  1.139    
  15      0.3466637E-08 0.8507E-11  0.3440704E-08 0.2185E-11  1.779    
  16      0.3455434E-08 0.8496E-11  0.3441625E-08 0.2116E-11  1.848    
  17      0.3432075E-08 0.8456E-11  0.3441065E-08 0.2053E-11  1.808    
  18      0.3448362E-08 0.8466E-11  0.3441472E-08 0.1995E-11  1.743    
  19      0.3441010E-08 0.8478E-11  0.3441447E-08 0.1942E-11  1.646    
  20      0.3441133E-08 0.8471E-11  0.3441432E-08 0.1893E-11  1.560    
   
   
 Integral Delta:   3.4414317614527130E-009 +-   1.8926910780020985E-012
 with chisq    =   1.5596270963038776     
  
  
  
 For xq =         2600 
  
 RM48 INITIALIZED:        40           0         0



 INPUT PARAMETERS FOR VEGAS:  NDIM=  3  NCALL=   47775744.
                              IT=    0  ITMX=   10
                              MDS= -1   ND=  48
   1      0.2642126E-08 0.4797E-10  0.2642126E-08 0.4797E-10  0.000    
   2      0.2609160E-08 0.2374E-10  0.2615778E-08 0.2136E-10 0.3821    
   3      0.2590045E-08 0.2172E-10  0.2603299E-08 0.1526E-10 0.5479    
   4      0.2614418E-08 0.2135E-10  0.2607059E-08 0.1242E-10 0.4250    
   5      0.2603164E-08 0.2114E-10  0.2606067E-08 0.1071E-10 0.3256    
   6      0.2556649E-08 0.2102E-10  0.2596223E-08 0.9550E-11  1.117    
   7      0.2613396E-08 0.2110E-10  0.2599163E-08 0.8699E-11  1.022    
   8      0.2608481E-08 0.2116E-10  0.2600514E-08 0.8045E-11 0.8990    
   9      0.2588992E-08 0.2110E-10  0.2599067E-08 0.7518E-11 0.8199    
  10      0.2599062E-08 0.2135E-10  0.2599067E-08 0.7092E-11 0.7290    



 INPUT PARAMETERS FOR VEGAS:  NDIM=  3  NCALL=  485941248.
                              IT=    0  ITMX=   20
                              MDS= -1   ND=  48
   1      0.2594319E-08 0.6406E-11  0.2594319E-08 0.6406E-11  0.000    
   2      0.2591946E-08 0.6403E-11  0.2593133E-08 0.4529E-11 0.6867E-01
   3      0.2589764E-08 0.6412E-11  0.2592014E-08 0.3699E-11 0.1264    
   4      0.2596334E-08 0.6414E-11  0.2593095E-08 0.3204E-11 0.1979    
   5      0.2585410E-08 0.6396E-11  0.2591560E-08 0.2865E-11 0.4360    
   6      0.2583476E-08 0.6406E-11  0.2590220E-08 0.2615E-11 0.6135    
   7      0.2583483E-08 0.6403E-11  0.2589261E-08 0.2421E-11 0.6692    
   8      0.2587721E-08 0.6386E-11  0.2589067E-08 0.2264E-11 0.5809    
   9      0.2586521E-08 0.6404E-11  0.2588785E-08 0.2134E-11 0.5260    
  10      0.2591009E-08 0.6404E-11  0.2589008E-08 0.2025E-11 0.4795    
  11      0.2593439E-08 0.6410E-11  0.2589411E-08 0.1931E-11 0.4750    
  12      0.2585263E-08 0.6407E-11  0.2589067E-08 0.1849E-11 0.4668    
  13      0.2593647E-08 0.6409E-11  0.2589420E-08 0.1776E-11 0.4672    
  14      0.2577237E-08 0.6390E-11  0.2588553E-08 0.1711E-11 0.6890    
  15      0.2586070E-08 0.6410E-11  0.2588388E-08 0.1654E-11 0.6499    
  16      0.2592846E-08 0.6417E-11  0.2588667E-08 0.1601E-11 0.6367    
  17      0.2599806E-08 0.6435E-11  0.2589322E-08 0.1554E-11 0.7743    
  18      0.2586278E-08 0.6388E-11  0.2589152E-08 0.1510E-11 0.7414    
  19      0.2592283E-08 0.6406E-11  0.2589317E-08 0.1470E-11 0.7128    
  20      0.2594905E-08 0.6438E-11  0.2589595E-08 0.1433E-11 0.7129    
   
   
 Integral Delta:   2.5895949225107127E-009 +-   1.4326860830174210E-012
 with chisq    =  0.71291606304148980     
  
  
  
 For xq =         2700 
  
 RM48 INITIALIZED:        40           0         0



 INPUT PARAMETERS FOR VEGAS:  NDIM=  3  NCALL=   47775744.
                              IT=    0  ITMX=   10
                              MDS= -1   ND=  48
   1      0.1949775E-08 0.3567E-10  0.1949775E-08 0.3567E-10  0.000    
   2      0.1976613E-08 0.1798E-10  0.1971296E-08 0.1599E-10 0.4477    
   3      0.1955513E-08 0.1643E-10  0.1963653E-08 0.1147E-10 0.4610    
   4      0.1958106E-08 0.1619E-10  0.1961802E-08 0.9357E-11 0.3336    
   5      0.1932467E-08 0.1589E-10  0.1954406E-08 0.8070E-11 0.8746    
   6      0.1954041E-08 0.1588E-10  0.1954331E-08 0.7194E-11 0.6998    
   7      0.1940784E-08 0.1595E-10  0.1952068E-08 0.6559E-11 0.6833    
   8      0.1950205E-08 0.1591E-10  0.1951798E-08 0.6064E-11 0.5875    
   9      0.1968545E-08 0.1615E-10  0.1953898E-08 0.5677E-11 0.6324    
  10      0.1914892E-08 0.1599E-10  0.1949687E-08 0.5351E-11  1.133    



 INPUT PARAMETERS FOR VEGAS:  NDIM=  3  NCALL=  485941248.
                              IT=    0  ITMX=   20
                              MDS= -1   ND=  48
   1      0.1954678E-08 0.4871E-11  0.1954678E-08 0.4871E-11  0.000    
   2      0.1963096E-08 0.4880E-11  0.1958897E-08 0.3447E-11  1.491    
   3      0.1953556E-08 0.4861E-11  0.1957116E-08 0.2812E-11  1.148    
   4      0.1954571E-08 0.4864E-11  0.1956480E-08 0.2435E-11 0.8339    
   5      0.1961991E-08 0.4894E-11  0.1957578E-08 0.2180E-11 0.8798    
   6      0.1967343E-08 0.4890E-11  0.1959210E-08 0.1991E-11  1.372    
   7      0.1956699E-08 0.4885E-11  0.1958853E-08 0.1844E-11  1.182    
   8      0.1962654E-08 0.4880E-11  0.1959329E-08 0.1725E-11  1.089    
   9      0.1955046E-08 0.4883E-11  0.1958856E-08 0.1626E-11  1.038    
  10      0.1944329E-08 0.4850E-11  0.1957408E-08 0.1542E-11  1.810    
  11      0.1951190E-08 0.4875E-11  0.1956846E-08 0.1470E-11  1.777    
  12      0.1956138E-08 0.4878E-11  0.1956787E-08 0.1408E-11  1.617    
  13      0.1952209E-08 0.4880E-11  0.1956437E-08 0.1352E-11  1.550    
  14      0.1960542E-08 0.4870E-11  0.1956732E-08 0.1303E-11  1.481    
  15      0.1968572E-08 0.4900E-11  0.1957523E-08 0.1259E-11  1.768    
  16      0.1959744E-08 0.4861E-11  0.1957663E-08 0.1219E-11  1.663    
  17      0.1948695E-08 0.4875E-11  0.1957139E-08 0.1183E-11  1.757    
  18      0.1954692E-08 0.4872E-11  0.1957004E-08 0.1149E-11  1.668    
  19      0.1962611E-08 0.4879E-11  0.1957300E-08 0.1119E-11  1.645    
  20      0.1956890E-08 0.4879E-11  0.1957280E-08 0.1090E-11  1.559    
   
   
 Integral Delta:   1.9572795495734618E-009 +-   1.0903920258620473E-012
 with chisq    =   1.5587413789073059     
  
  
  
 For xq =         2800 
  
 RM48 INITIALIZED:        40           0         0



 INPUT PARAMETERS FOR VEGAS:  NDIM=  3  NCALL=   47775744.
                              IT=    0  ITMX=   10
                              MDS= -1   ND=  48
   1      0.1499878E-08 0.2694E-10  0.1499878E-08 0.2694E-10  0.000    
   2      0.1484427E-08 0.1357E-10  0.1487608E-08 0.1216E-10 0.2640    
   3      0.1489464E-08 0.1263E-10  0.1488500E-08 0.8760E-11 0.1378    
   4      0.1485619E-08 0.1235E-10  0.1487540E-08 0.7147E-11 0.1040    
   5      0.1487745E-08 0.1223E-10  0.1487592E-08 0.6171E-11 0.7813E-01
   6      0.1492203E-08 0.1217E-10  0.1488539E-08 0.5503E-11 0.8537E-01
   7      0.1480996E-08 0.1222E-10  0.1487280E-08 0.5019E-11 0.1236    
   8      0.1476088E-08 0.1207E-10  0.1485654E-08 0.4635E-11 0.2096    
   9      0.1487370E-08 0.1218E-10  0.1485871E-08 0.4332E-11 0.1856    
  10      0.1492570E-08 0.1237E-10  0.1486607E-08 0.4088E-11 0.1940    



 INPUT PARAMETERS FOR VEGAS:  NDIM=  3  NCALL=  485941248.
                              IT=    0  ITMX=   20
                              MDS= -1   ND=  48
   1      0.1484301E-08 0.3706E-11  0.1484301E-08 0.3706E-11  0.000    
   2      0.1491152E-08 0.3715E-11  0.1487734E-08 0.2624E-11  1.704    
   3      0.1487734E-08 0.3719E-11  0.1487734E-08 0.2144E-11 0.8522    
   4      0.1487726E-08 0.3705E-11  0.1487732E-08 0.1856E-11 0.5682    
   5      0.1482811E-08 0.3702E-11  0.1486749E-08 0.1659E-11 0.7784    
   6      0.1486275E-08 0.3711E-11  0.1486670E-08 0.1514E-11 0.6255    
   7      0.1484357E-08 0.3717E-11  0.1486342E-08 0.1403E-11 0.5767    
   8      0.1490575E-08 0.3717E-11  0.1486872E-08 0.1312E-11 0.6568    
   9      0.1480163E-08 0.3707E-11  0.1486131E-08 0.1237E-11 0.9366    
  10      0.1484808E-08 0.3715E-11  0.1485999E-08 0.1174E-11 0.8454    
  11      0.1484244E-08 0.3714E-11  0.1485840E-08 0.1119E-11 0.7813    
  12      0.1479822E-08 0.3704E-11  0.1485340E-08 0.1071E-11 0.9291    
  13      0.1492166E-08 0.3720E-11  0.1485867E-08 0.1029E-11  1.112    
  14      0.1484097E-08 0.3716E-11  0.1485741E-08 0.9921E-12  1.043    
  15      0.1487745E-08 0.3718E-11  0.1485875E-08 0.9585E-12 0.9877    
  16      0.1482312E-08 0.3709E-11  0.1485653E-08 0.9280E-12 0.9796    
  17      0.1477448E-08 0.3697E-11  0.1485171E-08 0.9001E-12  1.206    
  18      0.1488000E-08 0.3709E-11  0.1485329E-08 0.8747E-12  1.167    
  19      0.1492300E-08 0.3721E-11  0.1485698E-08 0.8515E-12  1.288    
  20      0.1479228E-08 0.3712E-11  0.1485377E-08 0.8300E-12  1.371    
   
   
 Integral Delta:   1.4853768556296439E-009 +-   8.2995209500899324E-013
 with chisq    =   1.3713476591630724     
  
  
  
 For xq =         2900 
  
 RM48 INITIALIZED:        40           0         0



 INPUT PARAMETERS FOR VEGAS:  NDIM=  3  NCALL=   47775744.
                              IT=    0  ITMX=   10
                              MDS= -1   ND=  48
   1      0.1146095E-08 0.2041E-10  0.1146095E-08 0.2041E-10  0.000    
   2      0.1134589E-08 0.1034E-10  0.1136975E-08 0.9248E-11 0.2544    
   3      0.1125807E-08 0.9545E-11  0.1131638E-08 0.6655E-11 0.4796    
   4      0.1134400E-08 0.9453E-11  0.1132552E-08 0.5442E-11 0.3389    
   5      0.1117888E-08 0.9352E-11  0.1128927E-08 0.4708E-11 0.7072    
   6      0.1126041E-08 0.9382E-11  0.1128352E-08 0.4208E-11 0.5817    
   7      0.1149592E-08 0.9467E-11  0.1131954E-08 0.3844E-11  1.199    
   8      0.1122705E-08 0.9324E-11  0.1130632E-08 0.3555E-11  1.149    
   9      0.1152766E-08 0.9449E-11  0.1133464E-08 0.3326E-11  1.619    
  10      0.1128506E-08 0.9441E-11  0.1132921E-08 0.3137E-11  1.467    



 INPUT PARAMETERS FOR VEGAS:  NDIM=  3  NCALL=  485941248.
                              IT=    0  ITMX=   20
                              MDS= -1   ND=  48
   1      0.1130234E-08 0.2862E-11  0.1130234E-08 0.2862E-11  0.000    
   2      0.1131195E-08 0.2853E-11  0.1130716E-08 0.2020E-11 0.5651E-01
   3      0.1129035E-08 0.2860E-11  0.1130157E-08 0.1650E-11 0.1435    
   4      0.1135850E-08 0.2868E-11  0.1131584E-08 0.1430E-11  1.087    
   5      0.1132212E-08 0.2857E-11  0.1131710E-08 0.1279E-11 0.8248    
   6      0.1132139E-08 0.2865E-11  0.1131781E-08 0.1168E-11 0.6635    
   7      0.1134383E-08 0.2866E-11  0.1132153E-08 0.1082E-11 0.6707    
   8      0.1129309E-08 0.2864E-11  0.1131800E-08 0.1012E-11 0.6981    
   9      0.1131139E-08 0.2851E-11  0.1131726E-08 0.9535E-12 0.6169    
  10      0.1130365E-08 0.2868E-11  0.1131591E-08 0.9049E-12 0.5709    
  11      0.1133584E-08 0.2865E-11  0.1131772E-08 0.8628E-12 0.5578    
  12      0.1131133E-08 0.2859E-11  0.1131719E-08 0.8260E-12 0.5113    
  13      0.1128305E-08 0.2860E-11  0.1131457E-08 0.7936E-12 0.5780    
  14      0.1134788E-08 0.2859E-11  0.1131697E-08 0.7647E-12 0.6307    
  15      0.1134046E-08 0.2869E-11  0.1131853E-08 0.7389E-12 0.6303    
  16      0.1130949E-08 0.2859E-11  0.1131797E-08 0.7154E-12 0.5946    
  17      0.1128009E-08 0.2857E-11  0.1131575E-08 0.6940E-12 0.6604    
  18      0.1132995E-08 0.2871E-11  0.1131653E-08 0.6745E-12 0.6351    
  19      0.1129803E-08 0.2854E-11  0.1131556E-08 0.6565E-12 0.6220    
  20      0.1128639E-08 0.2856E-11  0.1131410E-08 0.6398E-12 0.6413    
   
   
 Integral Delta:   1.1314102093485620E-009 +-   6.3977383811058642E-013
 with chisq    =  0.64129869528677774     
  
  
  
 For xq =         3000 
  
 RM48 INITIALIZED:        40           0         0



 INPUT PARAMETERS FOR VEGAS:  NDIM=  3  NCALL=   47775744.
                              IT=    0  ITMX=   10
                              MDS= -1   ND=  48
   1      0.8999046E-09 0.1597E-10  0.8999046E-09 0.1597E-10  0.000    
   2      0.8583658E-09 0.7877E-11  0.8671304E-09 0.7169E-11  5.590    
   3      0.8490612E-09 0.7293E-11  0.8585676E-09 0.5141E-11  4.400    
   4      0.8659900E-09 0.7267E-11  0.8610299E-09 0.4198E-11  3.170    
   5      0.8626809E-09 0.7175E-11  0.8614468E-09 0.3625E-11  2.394    
   6      0.8662854E-09 0.7167E-11  0.8624305E-09 0.3235E-11  1.988    
   7      0.8638570E-09 0.7142E-11  0.8626718E-09 0.2947E-11  1.664    
   8      0.8613930E-09 0.7152E-11  0.8624881E-09 0.2725E-11  1.432    
   9      0.8683952E-09 0.7257E-11  0.8632215E-09 0.2551E-11  1.326    
  10      0.8672665E-09 0.7261E-11  0.8636668E-09 0.2407E-11  1.209    



 INPUT PARAMETERS FOR VEGAS:  NDIM=  3  NCALL=  485941248.
                              IT=    0  ITMX=   20
                              MDS= -1   ND=  48
   1      0.8666608E-09 0.2190E-11  0.8666608E-09 0.2190E-11  0.000    
   2      0.8650623E-09 0.2188E-11  0.8658622E-09 0.1548E-11 0.2666    
   3      0.8639175E-09 0.2193E-11  0.8652176E-09 0.1265E-11 0.3955    
   4      0.8655496E-09 0.2190E-11  0.8653006E-09 0.1095E-11 0.2694    
   5      0.8658772E-09 0.2193E-11  0.8654158E-09 0.9798E-12 0.2158    
   6      0.8655192E-09 0.2190E-11  0.8654331E-09 0.8944E-12 0.1730    
   7      0.8638861E-09 0.2191E-11  0.8652129E-09 0.8281E-12 0.2153    
   8      0.8672508E-09 0.2192E-11  0.8654684E-09 0.7746E-12 0.2928    
   9      0.8619913E-09 0.2179E-11  0.8650811E-09 0.7299E-12 0.5373    
  10      0.8608530E-09 0.2180E-11  0.8646585E-09 0.6921E-12 0.8510    
  11      0.8666652E-09 0.2189E-11  0.8648416E-09 0.6599E-12 0.8423    
  12      0.8685601E-09 0.2195E-11  0.8651522E-09 0.6320E-12  1.006    
  13      0.8616462E-09 0.2186E-11  0.8648839E-09 0.6071E-12  1.119    
  14      0.8653137E-09 0.2194E-11  0.8649144E-09 0.5852E-12  1.036    
  15      0.8639940E-09 0.2190E-11  0.8648532E-09 0.5653E-12 0.9737    
  16      0.8658751E-09 0.2188E-11  0.8649173E-09 0.5473E-12 0.9223    
  17      0.8665753E-09 0.2189E-11  0.8650152E-09 0.5310E-12 0.8983    
  18      0.8654496E-09 0.2193E-11  0.8650393E-09 0.5161E-12 0.8476    
  19      0.8632664E-09 0.2195E-11  0.8649468E-09 0.5024E-12 0.8349    
  20      0.8645783E-09 0.2184E-11  0.8649283E-09 0.4896E-12 0.7924    
   
   
 Integral Delta:   8.6492827492852684E-010 +-   4.8960784257154656E-013
 with chisq    =  0.79242211938301343     
  
  
  
    xq         Integral Delta                 error
    100      0.209724781614412E-01      0.271655033334465E-05
    200      0.122962273669468E-02      0.254441955744974E-06
    300      0.218421686021393E-03      0.570280258597042E-07
    400      0.617585443854578E-04      0.185943576951411E-07
    500      0.225581357039006E-04      0.751044990112438E-08
    600      0.971568028204258E-05      0.346254055007015E-08
    700      0.468157827568541E-05      0.177406635584719E-08
    800      0.245356716048697E-05      0.984935900175086E-09
    900      0.136842002427478E-05      0.564818098657061E-09
   1000      0.801446352804929E-06      0.346068993183627E-09
   1100      0.489114683409404E-06      0.218656594485923E-09
   1200      0.307989837917797E-06      0.141216223738433E-09
   1300      0.199491716339313E-06      0.935703291939979E-10
   1400      0.132100935325920E-06      0.635519367531984E-10
   1500      0.893477255331695E-07      0.441385206238344E-10
   1600      0.613957700855706E-07      0.306351994575017E-10
   1700      0.428464187358532E-07      0.213718380312046E-10
   1800      0.302688297876714E-07      0.153823720634734E-10
   1900      0.216353634858876E-07      0.112364469895618E-10
   2000      0.156122202924853E-07      0.817623035100979E-11
   2100      0.113860877645776E-07      0.600412619644991E-11
   2200      0.835564369103713E-08      0.448932017438511E-11
   2300      0.617734673754195E-08      0.333851340222755E-11
   2400      0.459689004839596E-08      0.250511155318141E-11
   2500      0.344143176145271E-08      0.189269107800210E-11
   2600      0.258959492251071E-08      0.143268608301742E-11
   2700      0.195727954957346E-08      0.109039202586205E-11
   2800      0.148537685562964E-08      0.829952095008993E-12
   2900      0.113141020934856E-08      0.639773838110586E-12
   3000      0.864928274928527E-09      0.489607842571547E-12
Thanks for using LHAPDF 6.5.4. Please make sure to cite the paper:
  Eur.Phys.J. C75 (2015) 3, 132  (http://arxiv.org/abs/1412.7420)
