   195.00000000000000        195.00000000000000        195.00000000000000        119.88324965118076        1.8114988621880004E-002
   205.00000000000000        205.00000000000000        205.00000000000000        115.97343945180647        1.7217822285686420E-002
   215.00000000000000        215.00000000000000        215.00000000000000        103.22265894089958        1.5166754365628558E-002
   225.00000000000000        225.00000000000000        225.00000000000000        89.666783048004106        1.3061322915704648E-002
   235.00000000000000        235.00000000000000        235.00000000000000        77.359670659706524        1.1171413189023535E-002
   245.00000000000000        245.00000000000000        245.00000000000000        66.729475288676454        9.4874140104280451E-003
   255.00000000000000        255.00000000000000        255.00000000000000        57.712899593820431        8.1232704598077250E-003
   265.00000000000000        265.00000000000000        265.00000000000000        50.108204772010325        7.0164719613051438E-003
   275.00000000000000        275.00000000000000        275.00000000000000        43.692228041451671        6.0383453024781273E-003
   285.00000000000000        285.00000000000000        285.00000000000000        38.263282249988862        5.2510713341076213E-003
   295.00000000000000        295.00000000000000        295.00000000000000        33.650411228819522        4.5967953539019614E-003
   305.00000000000000        305.00000000000000        305.00000000000000        29.712974438033243        4.0325066709003153E-003
   315.00000000000000        315.00000000000000        315.00000000000000        26.336688258724525        3.5673427643429017E-003
   325.00000000000000        325.00000000000000        325.00000000000000        23.427406732721337        3.1567218850346505E-003
   335.00000000000000        335.00000000000000        335.00000000000000        20.909524489814384        2.8341989020233861E-003
   345.00000000000000        345.00000000000000        345.00000000000000        18.721361764911382        2.5323730875385433E-003
   355.00000000000000        355.00000000000000        355.00000000000000        16.811772067286626        2.2846763356420582E-003
   365.00000000000000        365.00000000000000        365.00000000000000        15.138795415720013        2.1198296294265722E-003
   375.00000000000000        375.00000000000000        375.00000000000000        13.667584800117455        1.9193404667708308E-003
   385.00000000000000        385.00000000000000        385.00000000000000        12.369476277190385        1.7306440730913940E-003
