   100.00000000000000        9.8897922305536106E-003   1.5066061509976233E-004
   400.00000000000000        4.3211242317991766E-005   1.0995453821916496E-006
   700.00000000000000        4.6788640656922180E-006   1.1422383381923237E-007
   1000.0000000000000        1.0316506268294062E-006   2.3465701970005674E-008
   1300.0000000000000        3.0980176575932208E-007   6.6168094587225032E-009
   1600.0000000000000        1.1138596848741053E-007   2.2361956596173912E-009
   1900.0000000000000        4.6859486524211174E-008   8.4397932060455869E-010
   2200.0000000000000        2.1273771954446465E-008   3.4402244235865147E-010
   2500.0000000000000        1.0029888929317225E-008   1.4898869030983717E-010
   2800.0000000000000        4.8753552755059708E-009   6.6575952747183866E-011
   3100.0000000000000        2.4372592760217026E-009   3.0671502190539054E-011
   3400.0000000000000        1.2567119089518614E-009   1.4423410855781167E-011
   3700.0000000000000        6.3703727702197039E-010   6.8358339098284354E-012
   4000.0000000000000        3.2584168138650057E-010   3.2563699572434261E-012
   4300.0000000000000        1.6810051726416419E-010   1.5588693509998768E-012
   4600.0000000000000        8.5367217438548453E-011   7.4076680422529779E-013
   4900.0000000000000        4.3311678248454188E-011   3.4997328725064968E-013

 Directory not found ../summary/run_new_02                                                                               
 Making new directory..
/home/niraj/OneDrive/WorkSpaceIITG/Generalfiles/integrators/DY1/DrellYan/summary/run_new_02
 Directory constructed successfully🤩
  
 Writing your data in ../summary/run_new_02/PK_Plus_1.dat
LHAPDF 6.5.4 loading /home/niraj/1TB-Disc/Workspace-IITG/Packages/Install/LHAPDF-6.5.4/install/share/LHAPDF/MMHT2014nlo68cl/MMHT2014nlo68cl_0000.dat
MMHT2014nlo68cl PDF set, member #0, version 3; LHAPDF ID = 25100
   
   
 ~~~~~~~~~~~~~~~~~~~~~~~~~~~~~~~~~~~~~~~~~~~~
     Calculating [+] distribution with delta 1d-5
 ~~~~~~~~~~~~~~~~~~~~~~~~~~~~~~~~~~~~~~~~~~~~
   
 ~~~~~~~~~~~~~~~~~~~~~~~~~~~~~~~~~~~~~~~~
Using Vegas points:                   2.E+08
         Iteration:                   10
 ~~~~~~~~~~~~~~~~~~~~~~~~~~~~~~~~~~~~~~~~
  
 For xq =          100 
  
 RM48 INITIALIZED:        40           0         0



 INPUT PARAMETERS FOR VEGAS:  NDIM=  4  NCALL=  192119202.
                              IT=    0  ITMX=   10
                              MDS= -1   ND=  33
   1      0.3390425E-01 0.4041E-01  0.3390425E-01 0.4041E-01  0.000    
   2      0.2567521E-02 0.8561E-02  0.3035436E-01 0.2698E-01 0.1355    
   3      0.1099749E-01 0.4899E-02  0.1363185E-01 0.8542E-02 0.3938    
   4      0.9476473E-02 0.3219E-02  0.1114822E-01 0.4854E-02 0.3858    
   5      0.1190433E-01 0.2569E-02  0.1159952E-01 0.2896E-02 0.3318    
   6      0.7612112E-02 0.2330E-02  0.1068684E-01 0.2366E-02 0.4070    
   7      0.1593950E-01 0.2270E-02  0.1338657E-01 0.1646E-02 0.7644    
   8      0.1321425E-01 0.2217E-02  0.1334001E-01 0.1377E-02 0.6837    
   9      0.8728133E-02 0.2201E-02  0.1284744E-01 0.1250E-02 0.8105    
  10      0.9058195E-02 0.2197E-02  0.1245514E-01 0.1145E-02 0.8829    



 INPUT PARAMETERS FOR VEGAS:  NDIM=  4  NCALL= 1919025152.
                              IT=    0  ITMX=   20
                              MDS= -1   ND=  44
   1      0.9727371E-02 0.6739E-03  0.9727371E-02 0.6739E-03  0.000    
   2      0.1095265E-01 0.6725E-03  0.1041366E-01 0.4760E-03  1.633    
   3      0.8253752E-02 0.6740E-03  0.9894231E-02 0.3888E-03  3.749    
   4      0.9073851E-02 0.6724E-03  0.9708813E-02 0.3366E-03  2.927    
   5      0.1042123E-01 0.6739E-03  0.9871891E-02 0.3011E-03  2.362    
   6      0.1071866E-01 0.6750E-03  0.1003654E-01 0.2750E-03  2.122    
   7      0.8430620E-02 0.6733E-03  0.9863346E-02 0.2546E-03  2.479    
   8      0.1022401E-01 0.6740E-03  0.9912633E-02 0.2382E-03  2.135    
   9      0.9108698E-02 0.6749E-03  0.9834159E-02 0.2246E-03  2.036    
  10      0.1038602E-01 0.6731E-03  0.9896599E-02 0.2130E-03  1.859    
  11      0.9370613E-02 0.6732E-03  0.9852252E-02 0.2031E-03  1.737    
  12      0.9162076E-02 0.6750E-03  0.9801017E-02 0.1945E-03  1.673    
  13      0.8672021E-02 0.6721E-03  0.9730058E-02 0.1868E-03  1.737    
  14      0.1061097E-01 0.6744E-03  0.9805361E-02 0.1801E-03  1.723    
  15      0.1016101E-01 0.6750E-03  0.9831172E-02 0.1740E-03  1.609    
  16      0.9254284E-02 0.6725E-03  0.9798186E-02 0.1684E-03  1.553    
  17      0.1001737E-01 0.6742E-03  0.9811883E-02 0.1634E-03  1.457    
  18      0.1090433E-01 0.6736E-03  0.9887320E-02 0.1588E-03  1.530    
  19      0.9920706E-02 0.6739E-03  0.9889123E-02 0.1546E-03  1.443    
  20      0.9902229E-02 0.6742E-03  0.9889792E-02 0.1507E-03  1.366    
   
   
 Integral Plus:   9.8897922305536106E-003 +-   1.5066061509976233E-004
 with chisq    =   1.3657286643211048     
  
  
  
 For xq =          400 
  
 RM48 INITIALIZED:        40           0         0



 INPUT PARAMETERS FOR VEGAS:  NDIM=  4  NCALL=  192119202.
                              IT=    0  ITMX=   10
                              MDS= -1   ND=  33
   1      0.2010253E-04 0.9885E-04  0.2010253E-04 0.9885E-04  0.000    
   2      0.9953475E-04 0.2727E-04  0.9928896E-04 0.1964E-04 0.5045E-01
   3      0.5656159E-04 0.1897E-04  0.8222145E-04 0.1423E-04  1.111    
   4      0.3982816E-04 0.1695E-04  0.7379835E-04 0.1166E-04  1.586    
   5      0.2977149E-04 0.1614E-04  0.6899382E-04 0.1013E-04  1.864    
   6      0.4079440E-04 0.1593E-04  0.6409235E-04 0.8829E-05  1.913    
   7      0.5834641E-04 0.1571E-04  0.6255432E-04 0.7640E-05  1.578    
   8      0.4734204E-04 0.1563E-04  0.6025451E-04 0.6926E-05  1.485    
   9      0.2420379E-04 0.1582E-04  0.5891530E-04 0.6487E-05  1.564    
  10      0.5296171E-04 0.1569E-04  0.5800357E-04 0.5987E-05  1.397    



 INPUT PARAMETERS FOR VEGAS:  NDIM=  4  NCALL= 1919025152.
                              IT=    0  ITMX=   20
                              MDS= -1   ND=  44
   1      0.4334697E-04 0.4923E-05  0.4334697E-04 0.4923E-05  0.000    
   2      0.3753542E-04 0.4909E-05  0.4084861E-04 0.3477E-05 0.6849    
   3      0.3824341E-04 0.4923E-05  0.4004790E-04 0.2840E-05 0.4451    
   4      0.4828551E-04 0.4908E-05  0.4276765E-04 0.2457E-05  1.094    
   5      0.3446078E-04 0.4923E-05  0.4157820E-04 0.2199E-05  1.316    
   6      0.4075697E-04 0.4935E-05  0.4144171E-04 0.2008E-05  1.057    
   7      0.3493119E-04 0.4914E-05  0.4072785E-04 0.1859E-05  1.114    
   8      0.4270485E-04 0.4907E-05  0.4100691E-04 0.1738E-05 0.9606    
   9      0.4716176E-04 0.4921E-05  0.4190653E-04 0.1639E-05  1.027    
  10      0.4205236E-04 0.4918E-05  0.4192173E-04 0.1555E-05 0.9088    
  11      0.4166530E-04 0.4923E-05  0.4189797E-04 0.1483E-05 0.8165    
  12      0.3832999E-04 0.4927E-05  0.4163900E-04 0.1420E-05 0.7894    
  13      0.4359648E-04 0.4906E-05  0.4180833E-04 0.1364E-05 0.7300    
  14      0.4788087E-04 0.4912E-05  0.4238082E-04 0.1314E-05 0.7976    
  15      0.4891426E-04 0.4926E-05  0.4296319E-04 0.1270E-05 0.8761    
  16      0.4094630E-04 0.4912E-05  0.4284401E-04 0.1229E-05 0.8308    
  17      0.4588816E-04 0.4919E-05  0.4305375E-04 0.1193E-05 0.7966    
  18      0.4700388E-04 0.4913E-05  0.4332076E-04 0.1159E-05 0.7834    
  19      0.4399857E-04 0.4911E-05  0.4335868E-04 0.1128E-05 0.7384    
  20      0.4000662E-04 0.4924E-05  0.4321124E-04 0.1100E-05 0.7245    
   
   
 Integral Plus:   4.3211242317991766E-005 +-   1.0995453821916496E-006
 with chisq    =  0.72445568007095773     
  
  
  
 For xq =          700 
  
 RM48 INITIALIZED:        40           0         0



 INPUT PARAMETERS FOR VEGAS:  NDIM=  4  NCALL=  192119202.
                              IT=    0  ITMX=   10
                              MDS= -1   ND=  33
   1     -0.4723098E-05 0.7285E-05 -0.4723098E-05 0.7285E-05  0.000    
   2      0.3085514E-05 0.2259E-05  0.1649666E-05 0.2639E-05  1.314    
   3      0.1120799E-06 0.1800E-05  0.1647062E-05 0.2153E-05 0.9857    
   4      0.5521026E-05 0.1687E-05  0.4838887E-05 0.1095E-05  1.053    
   5      0.6487997E-05 0.1635E-05  0.5742090E-05 0.8523E-06 0.8213    
   6      0.4901708E-05 0.1615E-05  0.5538057E-05 0.7509E-06 0.6870    
   7      0.3828420E-05 0.1616E-05  0.5317868E-05 0.6849E-06 0.7160    
   8      0.3315335E-05 0.1618E-05  0.5141874E-05 0.6349E-06 0.7653    
   9      0.6553647E-05 0.1616E-05  0.5503454E-05 0.5838E-06 0.7284    
  10      0.5771467E-05 0.1613E-05  0.5547999E-05 0.5468E-06 0.6190    



 INPUT PARAMETERS FOR VEGAS:  NDIM=  4  NCALL= 1919025152.
                              IT=    0  ITMX=   20
                              MDS= -1   ND=  44
   1      0.3787889E-05 0.5117E-06  0.3787889E-05 0.5117E-06  0.000    
   2      0.4731331E-05 0.5114E-06  0.4363111E-05 0.3617E-06  1.619    
   3      0.4720764E-05 0.5097E-06  0.4498754E-05 0.2949E-06 0.9289    
   4      0.5179520E-05 0.5093E-06  0.4712346E-05 0.2552E-06  1.078    
   5      0.4933301E-05 0.5114E-06  0.4760992E-05 0.2283E-06 0.8279    
   6      0.4729848E-05 0.5107E-06  0.4755737E-05 0.2085E-06 0.6613    
   7      0.5141673E-05 0.5103E-06  0.4819972E-05 0.1930E-06 0.6285    
   8      0.3816680E-05 0.5115E-06  0.4736039E-05 0.1805E-06 0.9022    
   9      0.3839236E-05 0.5109E-06  0.4665907E-05 0.1702E-06  1.069    
  10      0.4808965E-05 0.5113E-06  0.4681520E-05 0.1615E-06 0.9485    
  11      0.5193200E-05 0.5116E-06  0.4739224E-05 0.1540E-06 0.9432    
  12      0.3460982E-05 0.5111E-06  0.4678130E-05 0.1475E-06  1.202    
  13      0.4543884E-05 0.5112E-06  0.4667916E-05 0.1417E-06  1.108    
  14      0.5080555E-05 0.5105E-06  0.4703850E-05 0.1365E-06  1.061    
  15      0.4280325E-05 0.5113E-06  0.4679273E-05 0.1319E-06  1.035    
  16      0.4605134E-05 0.5103E-06  0.4674589E-05 0.1277E-06 0.9664    
  17      0.4742695E-05 0.5110E-06  0.4678856E-05 0.1239E-06 0.9034    
  18      0.4094691E-05 0.5098E-06  0.4652676E-05 0.1204E-06 0.9194    
  19      0.4853870E-05 0.5102E-06  0.4664576E-05 0.1172E-06 0.8715    
  20      0.4916012E-05 0.5120E-06  0.4678864E-05 0.1142E-06 0.8332    
   
   
 Integral Plus:   4.6788640656922180E-006 +-   1.1422383381923237E-007
 with chisq    =  0.83317768376132806     
  
  
  
 For xq =         1000 
  
 RM48 INITIALIZED:        40           0         0



 INPUT PARAMETERS FOR VEGAS:  NDIM=  4  NCALL=  192119202.
                              IT=    0  ITMX=   10
                              MDS= -1   ND=  33
   1     -0.2069873E-06 0.1238E-05 -0.2069873E-06 0.1238E-05  0.000    
   2      0.7402786E-06 0.4323E-06  0.7313294E-06 0.3159E-06 0.8415E-01
   3      0.4164959E-06 0.3560E-06  0.6317928E-06 0.2426E-06 0.2309    
   4      0.1098032E-05 0.3408E-06  0.9608238E-06 0.1830E-06 0.5291    
   5      0.1067530E-05 0.3335E-06  0.1004627E-05 0.1579E-06 0.3419    
   6      0.1259059E-05 0.3325E-06  0.1097481E-05 0.1411E-06 0.3681    
   7      0.9625585E-06 0.3325E-06  0.1073769E-05 0.1298E-06 0.3250    
   8      0.8609806E-06 0.3313E-06  0.1047363E-05 0.1209E-06 0.3294    
   9      0.1172366E-05 0.3304E-06  0.1070841E-05 0.1133E-06 0.2899    
  10      0.1791473E-05 0.3330E-06  0.1288194E-05 0.1068E-06  1.268    



 INPUT PARAMETERS FOR VEGAS:  NDIM=  4  NCALL= 1919025152.
                              IT=    0  ITMX=   20
                              MDS= -1   ND=  44
   1      0.9767310E-06 0.1048E-06  0.9767310E-06 0.1048E-06  0.000    
   2      0.1061954E-05 0.1049E-06  0.1022847E-05 0.7414E-07 0.3281    
   3      0.1016205E-05 0.1048E-06  0.1020644E-05 0.6053E-07 0.1658    
   4      0.1030823E-05 0.1051E-06  0.1023223E-05 0.5245E-07 0.1123    
   5      0.9653013E-06 0.1050E-06  0.1012681E-05 0.4693E-07 0.1428    
   6      0.1021500E-05 0.1050E-06  0.1014174E-05 0.4284E-07 0.1150    
   7      0.9507089E-06 0.1048E-06  0.1006030E-05 0.3966E-07 0.1452    
   8      0.9293721E-06 0.1049E-06  0.9976693E-06 0.3710E-07 0.1860    
   9      0.9869257E-06 0.1050E-06  0.9964944E-06 0.3498E-07 0.1642    
  10      0.1194412E-05 0.1051E-06  0.1023793E-05 0.3319E-07 0.6096    
  11      0.1001334E-05 0.1049E-06  0.1021801E-05 0.3164E-07 0.5541    
  12      0.1114819E-05 0.1049E-06  0.1031002E-05 0.3030E-07 0.5715    
  13      0.1114232E-05 0.1047E-06  0.1038523E-05 0.2910E-07 0.5726    
  14      0.1042627E-05 0.1051E-06  0.1038821E-05 0.2804E-07 0.5278    
  15      0.1066539E-05 0.1050E-06  0.1040786E-05 0.2709E-07 0.4927    
  16      0.9021719E-06 0.1050E-06  0.1034098E-05 0.2624E-07 0.5523    
  17      0.9731047E-06 0.1050E-06  0.1030853E-05 0.2545E-07 0.5389    
  18      0.9853522E-06 0.1049E-06  0.1028497E-05 0.2473E-07 0.5191    
  19      0.1072806E-05 0.1049E-06  0.1031060E-05 0.2407E-07 0.4978    
  20      0.1042504E-05 0.1050E-06  0.1031651E-05 0.2347E-07 0.4714    
   
   
 Integral Plus:   1.0316506268294062E-006 +-   2.3465701970005674E-008
 with chisq    =  0.47136210797103628     
  
  
  
 For xq =         1300 
  
 RM48 INITIALIZED:        40           0         0



 INPUT PARAMETERS FOR VEGAS:  NDIM=  4  NCALL=  192119202.
                              IT=    0  ITMX=   10
                              MDS= -1   ND=  33
   1      0.3861867E-06 0.3031E-06  0.3861867E-06 0.3031E-06  0.000    
   2      0.3122624E-06 0.1161E-06  0.3258058E-06 0.1180E-06 0.5875E-01
   3      0.3554653E-06 0.9812E-07  0.3435122E-06 0.7520E-07 0.4785E-01
   4      0.3900459E-06 0.9456E-07  0.3638142E-06 0.5802E-07 0.8295E-01
   5      0.1137368E-06 0.9323E-07  0.3546226E-06 0.5155E-07 0.2842    
   6      0.3499673E-06 0.9352E-07  0.3534262E-06 0.4495E-07 0.2226    
   7      0.3040478E-06 0.9349E-07  0.3454005E-06 0.4066E-07 0.2233    
   8      0.2361389E-06 0.9343E-07  0.3356327E-06 0.3761E-07 0.3018    
   9      0.1936505E-06 0.9363E-07  0.3276139E-06 0.3524E-07 0.3921    
  10      0.3513741E-06 0.9385E-07  0.3313249E-06 0.3287E-07 0.3456    



 INPUT PARAMETERS FOR VEGAS:  NDIM=  4  NCALL= 1919025152.
                              IT=    0  ITMX=   20
                              MDS= -1   ND=  44
   1      0.3140510E-06 0.2957E-07  0.3140510E-06 0.2957E-07  0.000    
   2      0.3083917E-06 0.2957E-07  0.3112727E-06 0.2091E-07 0.1831E-01
   3      0.2879100E-06 0.2966E-07  0.3043020E-06 0.1709E-07 0.2053    
   4      0.2811328E-06 0.2964E-07  0.2991668E-06 0.1480E-07 0.2828    
   5      0.2884035E-06 0.2955E-07  0.2971200E-06 0.1323E-07 0.2404    
   6      0.3609648E-06 0.2959E-07  0.3117421E-06 0.1208E-07  1.164    
   7      0.3434796E-06 0.2965E-07  0.3171732E-06 0.1119E-07  1.128    
   8      0.3127694E-06 0.2967E-07  0.3166266E-06 0.1047E-07 0.9698    
   9      0.2374272E-06 0.2960E-07  0.3113166E-06 0.9870E-08  1.394    
  10      0.3231597E-06 0.2960E-07  0.3126256E-06 0.9363E-08  1.242    
  11      0.3092777E-06 0.2965E-07  0.3123188E-06 0.8928E-08  1.118    
  12      0.3185874E-06 0.2954E-07  0.3128781E-06 0.8546E-08  1.014    
  13      0.3016844E-06 0.2952E-07  0.3120483E-06 0.8209E-08 0.9437    
  14      0.3223726E-06 0.2961E-07  0.3128496E-06 0.7911E-08 0.8746    
  15      0.2855746E-06 0.2949E-07  0.3112715E-06 0.7641E-08 0.8697    
  16      0.2958757E-06 0.2956E-07  0.3103752E-06 0.7398E-08 0.8314    
  17      0.3201013E-06 0.2958E-07  0.3109949E-06 0.7177E-08 0.7823    
  18      0.3187666E-06 0.2956E-07  0.3114574E-06 0.6974E-08 0.7374    
  19      0.2926852E-06 0.2960E-07  0.3105629E-06 0.6788E-08 0.7193    
  20      0.2939482E-06 0.2962E-07  0.3098018E-06 0.6617E-08 0.6989    
   
   
 Integral Plus:   3.0980176575932208E-007 +-   6.6168094587225032E-009
 with chisq    =  0.69890620875341813     
  
  
  
    xq         Integral Plus                 error
    100      0.988979223055361E-02      0.150660615099762E-03
    400      0.432112423179918E-04      0.109954538219165E-05
    700      0.467886406569222E-05      0.114223833819232E-06
   1000      0.103165062682941E-05      0.234657019700057E-07
   1300      0.309801765759322E-06      0.661680945872250E-08
Thanks for using LHAPDF 6.5.4. Please make sure to cite the paper:
  Eur.Phys.J. C75 (2015) 3, 132  (http://arxiv.org/abs/1412.7420)
   1600.0000000000000        1.1138596848741053E-007   2.2361956596173912E-009
   1900.0000000000000        4.6859486524211174E-008   8.4397932060455869E-010
   2200.0000000000000        2.1273771954446465E-008   3.4402244235865147E-010
   2500.0000000000000        1.0029888929317225E-008   1.4898869030983717E-010
   2800.0000000000000        4.8753552755059708E-009   6.6575952747183866E-011
   3100.0000000000000        2.4372592760217026E-009   3.0671502190539054E-011
 Writing your data in ../summary/run_new_02/PK_Plus_2.dat
LHAPDF 6.5.4 loading /home/niraj/1TB-Disc/Workspace-IITG/Packages/Install/LHAPDF-6.5.4/install/share/LHAPDF/MMHT2014nlo68cl/MMHT2014nlo68cl_0000.dat
MMHT2014nlo68cl PDF set, member #0, version 3; LHAPDF ID = 25100
   
   
 ~~~~~~~~~~~~~~~~~~~~~~~~~~~~~~~~~~~~~~~~~~~~
     Calculating [+] distribution with delta 1d-5
 ~~~~~~~~~~~~~~~~~~~~~~~~~~~~~~~~~~~~~~~~~~~~
   
 ~~~~~~~~~~~~~~~~~~~~~~~~~~~~~~~~~~~~~~~~
Using Vegas points:                   2.E+08
         Iteration:                   10
 ~~~~~~~~~~~~~~~~~~~~~~~~~~~~~~~~~~~~~~~~
  
 For xq =         1600 
  
 RM48 INITIALIZED:        40           0         0



 INPUT PARAMETERS FOR VEGAS:  NDIM=  4  NCALL=  192119202.
                              IT=    0  ITMX=   10
                              MDS= -1   ND=  33
   1      0.1024499E-06 0.9272E-07  0.1024499E-06 0.9272E-07  0.000    
   2      0.6797469E-07 0.3804E-07  0.7751140E-07 0.4138E-07 0.1389    
   3      0.1567466E-06 0.3260E-07  0.1440436E-06 0.2192E-07 0.9190    
   4      0.1115751E-06 0.3198E-07  0.1340902E-06 0.1812E-07 0.8494    
   5      0.1689910E-06 0.3169E-07  0.1486553E-06 0.1539E-07 0.8271    
   6      0.8577781E-07 0.3148E-07  0.1424749E-06 0.1394E-07  1.088    
   7      0.1497541E-06 0.3150E-07  0.1441513E-06 0.1268E-07 0.8531    
   8      0.7727036E-07 0.3159E-07  0.1403094E-06 0.1182E-07  1.040    
   9      0.1232753E-06 0.3139E-07  0.1381122E-06 0.1106E-07 0.9393    
  10      0.1083302E-06 0.3177E-07  0.1354724E-06 0.1045E-07 0.9246    



 INPUT PARAMETERS FOR VEGAS:  NDIM=  4  NCALL= 1919025152.
                              IT=    0  ITMX=   20
                              MDS= -1   ND=  44
   1      0.1227099E-06 0.1000E-07  0.1227099E-06 0.1000E-07  0.000    
   2      0.1034009E-06 0.1001E-07  0.1147000E-06 0.7077E-08  1.807    
   3      0.9896729E-07 0.9996E-08  0.1103575E-06 0.5776E-08  1.723    
   4      0.9239493E-07 0.9998E-08  0.1068751E-06 0.5002E-08  1.907    
   5      0.9787668E-07 0.1001E-07  0.1052695E-06 0.4474E-08  1.617    
   6      0.1077806E-06 0.9992E-08  0.1057173E-06 0.4083E-08  1.287    
   7      0.1285469E-06 0.1001E-07  0.1103266E-06 0.3781E-08  1.978    
   8      0.1317629E-06 0.9982E-08  0.1140923E-06 0.3535E-08  2.359    
   9      0.1021093E-06 0.1000E-07  0.1129524E-06 0.3333E-08  2.240    
  10      0.1110143E-06 0.1001E-07  0.1127570E-06 0.3162E-08  1.993    
  11      0.1127658E-06 0.9994E-08  0.1127579E-06 0.3015E-08  1.786    
  12      0.1097589E-06 0.9986E-08  0.1125109E-06 0.2886E-08  1.634    
  13      0.1122358E-06 0.1000E-07  0.1124892E-06 0.2773E-08  1.494    
  14      0.9995458E-07 0.9994E-08  0.1117485E-06 0.2672E-08  1.492    
  15      0.1108229E-06 0.1001E-07  0.1116860E-06 0.2582E-08  1.384    
  16      0.1082221E-06 0.9989E-08  0.1114757E-06 0.2500E-08  1.302    
  17      0.1234367E-06 0.9988E-08  0.1123516E-06 0.2425E-08  1.305    
  18      0.9444914E-07 0.1002E-07  0.1116197E-06 0.2357E-08  1.380    
  19      0.1084689E-06 0.1001E-07  0.1114582E-06 0.2294E-08  1.311    
  20      0.1100112E-06 0.1003E-07  0.1113860E-06 0.2236E-08  1.242    
   
   
 Integral Plus:   1.1138596848741053E-007 +-   2.2361956596173912E-009
 with chisq    =   1.2423863323942823     
  
  
  
 For xq =         1900 
  
 RM48 INITIALIZED:        40           0         0



 INPUT PARAMETERS FOR VEGAS:  NDIM=  4  NCALL=  192119202.
                              IT=    0  ITMX=   10
                              MDS= -1   ND=  33
   1      0.7313500E-07 0.3267E-07  0.7313500E-07 0.3267E-07  0.000    
   2      0.4337149E-07 0.1391E-07  0.5349076E-07 0.1566E-07 0.8104    
   3      0.5595736E-07 0.1225E-07  0.5493619E-07 0.9850E-08 0.4317    
   4      0.7012906E-07 0.1194E-07  0.6241659E-07 0.7381E-08 0.6133    
   5      0.5969440E-07 0.1193E-07  0.6170063E-07 0.6293E-08 0.4753    
   6      0.3603785E-07 0.1183E-07  0.5942052E-07 0.5670E-08 0.7585    
   7      0.4240015E-07 0.1184E-07  0.5755960E-07 0.5170E-08 0.8529    
   8      0.2469174E-07 0.1180E-07  0.5637609E-07 0.4814E-08  1.044    
   9      0.5461756E-07 0.1187E-07  0.5611539E-07 0.4457E-08 0.9101    
  10      0.5612220E-07 0.1195E-07  0.5611630E-07 0.4171E-08 0.8002    



 INPUT PARAMETERS FOR VEGAS:  NDIM=  4  NCALL= 1919025152.
                              IT=    0  ITMX=   20
                              MDS= -1   ND=  44
   1      0.4745100E-07 0.3777E-08  0.4745100E-07 0.3777E-08  0.000    
   2      0.4529151E-07 0.3774E-08  0.4642066E-07 0.2670E-08 0.1632    
   3      0.4634663E-07 0.3773E-08  0.4639599E-07 0.2179E-08 0.8178E-01
   4      0.4696832E-07 0.3775E-08  0.4654183E-07 0.1887E-08 0.5999E-01
   5      0.5033590E-07 0.3784E-08  0.4739782E-07 0.1689E-08 0.2639    
   6      0.4729512E-07 0.3772E-08  0.4738067E-07 0.1542E-08 0.2113    
   7      0.5021014E-07 0.3778E-08  0.4782757E-07 0.1427E-08 0.2600    
   8      0.5064188E-07 0.3776E-08  0.4821743E-07 0.1335E-08 0.2952    
   9      0.3710004E-07 0.3769E-08  0.4744545E-07 0.1259E-08 0.9007    
  10      0.4931738E-07 0.3772E-08  0.4764979E-07 0.1194E-08 0.8192    
  11      0.4838682E-07 0.3774E-08  0.4771981E-07 0.1138E-08 0.7376    
  12      0.4597721E-07 0.3780E-08  0.4758255E-07 0.1090E-08 0.6906    
  13      0.4224745E-07 0.3782E-08  0.4725016E-07 0.1047E-08 0.7693    
  14      0.4086874E-07 0.3773E-08  0.4689702E-07 0.1009E-08 0.8833    
  15      0.4851337E-07 0.3763E-08  0.4701452E-07 0.9747E-09 0.8286    
  16      0.4731283E-07 0.3770E-08  0.4703374E-07 0.9436E-09 0.7723    
  17      0.4789517E-07 0.3774E-08  0.4708699E-07 0.9155E-09 0.7249    
  18      0.4616937E-07 0.3774E-08  0.4703715E-07 0.8897E-09 0.6864    
  19      0.4509501E-07 0.3780E-08  0.4694175E-07 0.8660E-09 0.6636    
  20      0.4520519E-07 0.3766E-08  0.4685949E-07 0.8440E-09 0.6406    
   
   
 Integral Plus:   4.6859486524211174E-008 +-   8.4397932060455869E-010
 with chisq    =  0.64063012571284372     
  
  
  
 For xq =         2200 
  
 RM48 INITIALIZED:        40           0         0



 INPUT PARAMETERS FOR VEGAS:  NDIM=  4  NCALL=  192119202.
                              IT=    0  ITMX=   10
                              MDS= -1   ND=  33
   1      0.2194558E-07 0.1271E-07  0.2194558E-07 0.1271E-07  0.000    
   2      0.2634155E-07 0.5561E-08  0.2582625E-07 0.4809E-08 0.8648E-01
   3      0.1478896E-07 0.4942E-08  0.2295088E-07 0.3677E-08 0.9226    
   4      0.2369084E-07 0.4845E-08  0.2325444E-07 0.2896E-08 0.5900    
   5      0.1761165E-07 0.4854E-08  0.2221470E-07 0.2518E-08 0.6660    
   6      0.2419140E-07 0.4816E-08  0.2273051E-07 0.2217E-08 0.5388    
   7      0.2286060E-07 0.4832E-08  0.2275497E-07 0.2012E-08 0.4428    
   8      0.2484788E-07 0.4860E-08  0.2313181E-07 0.1854E-08 0.3935    
   9      0.1758934E-07 0.4848E-08  0.2267111E-07 0.1737E-08 0.4565    
  10      0.1984809E-07 0.4854E-08  0.2240153E-07 0.1637E-08 0.4416    



 INPUT PARAMETERS FOR VEGAS:  NDIM=  4  NCALL= 1919025152.
                              IT=    0  ITMX=   20
                              MDS= -1   ND=  44
   1      0.2346915E-07 0.1536E-08  0.2346915E-07 0.1536E-08  0.000    
   2      0.1842878E-07 0.1540E-08  0.2155269E-07 0.1087E-08  5.066    
   3      0.1860575E-07 0.1540E-08  0.2072948E-07 0.8879E-09  3.845    
   4      0.2125840E-07 0.1542E-08  0.2087044E-07 0.7696E-09  2.534    
   5      0.2035016E-07 0.1539E-08  0.2076798E-07 0.6883E-09  1.930    
   6      0.2084446E-07 0.1538E-08  0.2078110E-07 0.6283E-09  1.536    
   7      0.2238064E-07 0.1539E-08  0.2104493E-07 0.5816E-09  1.421    
   8      0.1877731E-07 0.1539E-08  0.2080905E-07 0.5441E-09  1.478    
   9      0.2079153E-07 0.1536E-08  0.2080707E-07 0.5128E-09  1.291    
  10      0.2184325E-07 0.1536E-08  0.2092238E-07 0.4864E-09  1.183    
  11      0.2053551E-07 0.1541E-08  0.2088794E-07 0.4639E-09  1.072    
  12      0.2027035E-07 0.1544E-08  0.2083881E-07 0.4443E-09 0.9912    
  13      0.2137067E-07 0.1537E-08  0.2088238E-07 0.4268E-09 0.9136    
  14      0.2256471E-07 0.1539E-08  0.2102280E-07 0.4113E-09 0.9309    
  15      0.1791922E-07 0.1541E-08  0.2086789E-07 0.3973E-09  1.086    
  16      0.2367154E-07 0.1536E-08  0.2109371E-07 0.3847E-09  1.257    
  17      0.2140539E-07 0.1538E-08  0.2111291E-07 0.3732E-09  1.178    
  18      0.1977163E-07 0.1535E-08  0.2104563E-07 0.3626E-09  1.153    
  19      0.2314412E-07 0.1540E-08  0.2117975E-07 0.3530E-09  1.194    
  20      0.2278704E-07 0.1538E-08  0.2127377E-07 0.3440E-09  1.184    
   
   
 Integral Plus:   2.1273771954446465E-008 +-   3.4402244235865147E-010
 with chisq    =   1.1839274226928325     
  
  
  
 For xq =         2500 
  
 RM48 INITIALIZED:        40           0         0



 INPUT PARAMETERS FOR VEGAS:  NDIM=  4  NCALL=  192119202.
                              IT=    0  ITMX=   10
                              MDS= -1   ND=  33
   1      0.2179437E-07 0.5166E-08  0.2179437E-07 0.5166E-08  0.000    
   2      0.1154683E-07 0.2330E-08  0.1585230E-07 0.2680E-08  3.562    
   3      0.9847603E-08 0.2142E-08  0.1385366E-07 0.1924E-08  3.386    
   4      0.9118582E-08 0.2094E-08  0.1276478E-07 0.1546E-08  3.246    
   5      0.9006938E-08 0.2074E-08  0.1206545E-07 0.1310E-08  3.070    
   6      0.1021308E-07 0.2078E-08  0.1170879E-07 0.1137E-08  2.714    
   7      0.8098982E-08 0.2075E-08  0.1131777E-07 0.1027E-08  2.671    
   8      0.9794055E-08 0.2080E-08  0.1111038E-07 0.9335E-09  2.440    
   9      0.9141131E-08 0.2090E-08  0.1090339E-07 0.8627E-09  2.299    
  10      0.7136627E-08 0.2098E-08  0.1067818E-07 0.8100E-09  2.314    



 INPUT PARAMETERS FOR VEGAS:  NDIM=  4  NCALL= 1919025152.
                              IT=    0  ITMX=   20
                              MDS= -1   ND=  44
   1      0.1015457E-07 0.6649E-09  0.1015457E-07 0.6649E-09  0.000    
   2      0.1032206E-07 0.6677E-09  0.1023934E-07 0.4711E-09 0.3159E-01
   3      0.1103229E-07 0.6674E-09  0.1052999E-07 0.3849E-09 0.5077    
   4      0.9413620E-08 0.6671E-09  0.1029468E-07 0.3334E-09 0.9778    
   5      0.1130676E-07 0.6669E-09  0.1053081E-07 0.2982E-09  1.218    
   6      0.1107556E-07 0.6672E-09  0.1063037E-07 0.2722E-09  1.075    
   7      0.9365218E-08 0.6657E-09  0.1048357E-07 0.2520E-09  1.355    
   8      0.9839635E-08 0.6661E-09  0.1041053E-07 0.2357E-09  1.284    
   9      0.9704867E-08 0.6646E-09  0.1034012E-07 0.2222E-09  1.252    
  10      0.9852653E-08 0.6661E-09  0.1029485E-07 0.2107E-09  1.172    
  11      0.9248261E-08 0.6642E-09  0.1021527E-07 0.2009E-09  1.263    
  12      0.1006902E-07 0.6657E-09  0.1020323E-07 0.1923E-09  1.154    
  13      0.9766500E-08 0.6657E-09  0.1017182E-07 0.1848E-09  1.095    
  14      0.1066281E-07 0.6656E-09  0.1021059E-07 0.1780E-09  1.045    
  15      0.1014839E-07 0.6670E-09  0.1020645E-07 0.1720E-09 0.9708    
  16      0.9653893E-08 0.6673E-09  0.1017513E-07 0.1666E-09 0.9508    
  17      0.9531162E-08 0.6655E-09  0.1014123E-07 0.1616E-09 0.9468    
  18      0.9083075E-08 0.6661E-09  0.1009302E-07 0.1570E-09  1.017    
  19      0.9717739E-08 0.6676E-09  0.1007450E-07 0.1529E-09 0.9791    
  20      0.8971258E-08 0.6669E-09  0.1002989E-07 0.1490E-09  1.049    
   
   
 Integral Plus:   1.0029888929317225E-008 +-   1.4898869030983717E-010
 with chisq    =   1.0488154575133246     
  
  
  
 For xq =         2800 
  
 RM48 INITIALIZED:        40           0         0



 INPUT PARAMETERS FOR VEGAS:  NDIM=  4  NCALL=  192119202.
                              IT=    0  ITMX=   10
                              MDS= -1   ND=  33
   1      0.4173878E-08 0.2296E-08  0.4173878E-08 0.2296E-08  0.000    
   2      0.5910422E-08 0.1028E-08  0.5752477E-08 0.8486E-09 0.3462    
   3      0.3821066E-08 0.9489E-09  0.5156676E-08 0.6516E-09  1.140    
   4      0.4986621E-08 0.9357E-09  0.5097021E-08 0.5325E-09 0.7467    
   5      0.3325757E-08 0.9271E-09  0.4854084E-08 0.4683E-09  1.048    
   6      0.4643668E-08 0.9259E-09  0.4809603E-08 0.4175E-09 0.8403    
   7      0.5496213E-08 0.9290E-09  0.4965661E-08 0.3788E-09 0.7535    
   8      0.4746939E-08 0.9273E-09  0.4933850E-08 0.3506E-09 0.6512    
   9      0.4257227E-08 0.9350E-09  0.4864034E-08 0.3286E-09 0.6306    
  10      0.5584672E-08 0.9413E-09  0.4971461E-08 0.3097E-09 0.6133    



 INPUT PARAMETERS FOR VEGAS:  NDIM=  4  NCALL= 1919025152.
                              IT=    0  ITMX=   20
                              MDS= -1   ND=  44
   1      0.5033883E-08 0.2978E-09  0.5033883E-08 0.2978E-09  0.000    
   2      0.5023151E-08 0.2971E-09  0.5028515E-08 0.2103E-09 0.6509E-03
   3      0.4907974E-08 0.2988E-09  0.4989863E-08 0.1720E-09 0.5384E-01
   4      0.4940884E-08 0.2982E-09  0.4977812E-08 0.1490E-09 0.4275E-01
   5      0.4808631E-08 0.2977E-09  0.4945751E-08 0.1332E-09 0.9442E-01
   6      0.4780449E-08 0.2967E-09  0.4919532E-08 0.1215E-09 0.1257    
   7      0.4683387E-08 0.2978E-09  0.4888522E-08 0.1125E-09 0.1899    
   8      0.4441259E-08 0.2975E-09  0.4841212E-08 0.1053E-09 0.4104    
   9      0.4812748E-08 0.2973E-09  0.4838063E-08 0.9922E-10 0.3604    
  10      0.5231953E-08 0.2977E-09  0.4883491E-08 0.9413E-10 0.5134    
  11      0.4683078E-08 0.2980E-09  0.4866566E-08 0.8975E-10 0.5038    
  12      0.4936409E-08 0.2977E-09  0.4872569E-08 0.8593E-10 0.4614    
  13      0.4804714E-08 0.2979E-09  0.4867467E-08 0.8257E-10 0.4276    
  14      0.4093474E-08 0.2975E-09  0.4827319E-08 0.7956E-10 0.7611    
  15      0.5286635E-08 0.2972E-09  0.4863962E-08 0.7685E-10 0.8843    
  16      0.4918028E-08 0.2981E-09  0.4867434E-08 0.7442E-10 0.8258    
  17      0.4879447E-08 0.2983E-09  0.4868147E-08 0.7221E-10 0.7736    
  18      0.4649861E-08 0.2982E-09  0.4856968E-08 0.7018E-10 0.7590    
  19      0.4806414E-08 0.2981E-09  0.4854344E-08 0.6831E-10 0.7188    
  20      0.5217241E-08 0.2974E-09  0.4875355E-08 0.6658E-10 0.7607    
   
   
 Integral Plus:   4.8753552755059708E-009 +-   6.6575952747183866E-011
 with chisq    =  0.76069248098343267     
  
  
  
 For xq =         3100 
  
 RM48 INITIALIZED:        40           0         0



 INPUT PARAMETERS FOR VEGAS:  NDIM=  4  NCALL=  192119202.
                              IT=    0  ITMX=   10
                              MDS= -1   ND=  33
   1      0.2811423E-08 0.1027E-08  0.2811423E-08 0.1027E-08  0.000    
   2      0.2625914E-08 0.4659E-09  0.2661353E-08 0.4341E-09 0.2822E-01
   3      0.2150177E-08 0.4320E-09  0.2463590E-08 0.3180E-09 0.3226    
   4      0.2880014E-08 0.4332E-09  0.2633666E-08 0.2530E-09 0.4191    
   5      0.2599846E-08 0.4294E-09  0.2625109E-08 0.2181E-09 0.3170    
   6      0.1966902E-08 0.4267E-09  0.2540940E-08 0.1961E-09 0.5249    
   7      0.2794615E-08 0.4289E-09  0.2592564E-08 0.1778E-09 0.4790    
   8      0.2595517E-08 0.4294E-09  0.2593004E-08 0.1642E-09 0.4094    
   9      0.1932429E-08 0.4348E-09  0.2543748E-08 0.1541E-09 0.5349    
  10      0.2106798E-08 0.4359E-09  0.2508334E-08 0.1455E-09 0.5645    



 INPUT PARAMETERS FOR VEGAS:  NDIM=  4  NCALL= 1919025152.
                              IT=    0  ITMX=   20
                              MDS= -1   ND=  44
   1      0.2199378E-08 0.1370E-09  0.2199378E-08 0.1370E-09  0.000    
   2      0.2547303E-08 0.1371E-09  0.2398563E-08 0.9693E-10  3.154    
   3      0.2429873E-08 0.1370E-09  0.2409299E-08 0.7913E-10  1.572    
   4      0.2200884E-08 0.1371E-09  0.2363596E-08 0.6853E-10  1.619    
   5      0.2477836E-08 0.1374E-09  0.2388361E-08 0.6133E-10  1.335    
   6      0.2601068E-08 0.1374E-09  0.2429393E-08 0.5600E-10  1.483    
   7      0.2308923E-08 0.1374E-09  0.2413506E-08 0.5186E-10  1.354    
   8      0.2593945E-08 0.1369E-09  0.2439413E-08 0.4850E-10  1.380    
   9      0.2497283E-08 0.1374E-09  0.2446165E-08 0.4573E-10  1.220    
  10      0.2370075E-08 0.1372E-09  0.2438913E-08 0.4339E-10  1.119    
  11      0.2272557E-08 0.1374E-09  0.2425545E-08 0.4137E-10  1.138    
  12      0.2485234E-08 0.1371E-09  0.2430801E-08 0.3961E-10  1.046    
  13      0.2439815E-08 0.1369E-09  0.2431508E-08 0.3805E-10 0.9580    
  14      0.2312986E-08 0.1373E-09  0.2423743E-08 0.3667E-10 0.9390    
  15      0.2404471E-08 0.1369E-09  0.2422463E-08 0.3542E-10 0.8737    
  16      0.2549088E-08 0.1369E-09  0.2431266E-08 0.3429E-10 0.8684    
  17      0.2474498E-08 0.1373E-09  0.2433910E-08 0.3327E-10 0.8181    
  18      0.2458259E-08 0.1370E-09  0.2435301E-08 0.3233E-10 0.7705    
  19      0.2490585E-08 0.1372E-09  0.2438355E-08 0.3147E-10 0.7346    
  20      0.2416161E-08 0.1373E-09  0.2437259E-08 0.3067E-10 0.6977    
   
   
 Integral Plus:   2.4372592760217026E-009 +-   3.0671502190539054E-011
 with chisq    =  0.69766257431078815     
  
  
  
    xq         Integral Plus                 error
   1600      0.111385968487411E-06      0.223619565961739E-08
   1900      0.468594865242112E-07      0.843979320604559E-09
   2200      0.212737719544465E-07      0.344022442358651E-09
   2500      0.100298889293172E-07      0.148988690309837E-09
   2800      0.487535527550597E-08      0.665759527471839E-10
   3100      0.243725927602170E-08      0.306715021905391E-10
Thanks for using LHAPDF 6.5.4. Please make sure to cite the paper:
  Eur.Phys.J. C75 (2015) 3, 132  (http://arxiv.org/abs/1412.7420)
   3400.0000000000000        1.2567119089518614E-009   1.4423410855781167E-011
   3700.0000000000000        6.3703727702197039E-010   6.8358339098284354E-012
   4000.0000000000000        3.2584168138650057E-010   3.2563699572434261E-012
   4300.0000000000000        1.6810051726416419E-010   1.5588693509998768E-012
   4600.0000000000000        8.5367217438548453E-011   7.4076680422529779E-013
   4900.0000000000000        4.3311678248454188E-011   3.4997328725064968E-013
 Writing your data in ../summary/run_new_02/PK_Plus_3.dat
LHAPDF 6.5.4 loading /home/niraj/1TB-Disc/Workspace-IITG/Packages/Install/LHAPDF-6.5.4/install/share/LHAPDF/MMHT2014nlo68cl/MMHT2014nlo68cl_0000.dat
MMHT2014nlo68cl PDF set, member #0, version 3; LHAPDF ID = 25100
   
   
 ~~~~~~~~~~~~~~~~~~~~~~~~~~~~~~~~~~~~~~~~~~~~
     Calculating [+] distribution with delta 1d-5
 ~~~~~~~~~~~~~~~~~~~~~~~~~~~~~~~~~~~~~~~~~~~~
   
 ~~~~~~~~~~~~~~~~~~~~~~~~~~~~~~~~~~~~~~~~
Using Vegas points:                   2.E+08
         Iteration:                   10
 ~~~~~~~~~~~~~~~~~~~~~~~~~~~~~~~~~~~~~~~~
  
 For xq =         3400 
  
 RM48 INITIALIZED:        40           0         0



 INPUT PARAMETERS FOR VEGAS:  NDIM=  4  NCALL=  192119202.
                              IT=    0  ITMX=   10
                              MDS= -1   ND=  33
   1      0.1304456E-08 0.4646E-09  0.1304456E-08 0.4646E-09  0.000    
   2      0.1181914E-08 0.2154E-09  0.1207347E-08 0.2019E-09 0.6056E-01
   3      0.1101736E-08 0.2043E-09  0.1161560E-08 0.1464E-09 0.9654E-01
   4      0.1491090E-08 0.1986E-09  0.1312083E-08 0.1150E-09 0.7353    
   5      0.1528408E-08 0.2018E-09  0.1380717E-08 0.9906E-10 0.7661    
   6      0.1222516E-08 0.2004E-09  0.1353718E-08 0.8901E-10 0.7188    
   7      0.1217270E-08 0.2006E-09  0.1334004E-08 0.8149E-10 0.6692    
   8      0.1234119E-08 0.2009E-09  0.1321123E-08 0.7558E-10 0.6089    
   9      0.1073358E-08 0.2037E-09  0.1299647E-08 0.7097E-10 0.6724    
  10      0.1251811E-08 0.2050E-09  0.1294658E-08 0.6707E-10 0.6047    



 INPUT PARAMETERS FOR VEGAS:  NDIM=  4  NCALL= 1919025152.
                              IT=    0  ITMX=   20
                              MDS= -1   ND=  44
   1      0.1240093E-08 0.6473E-10  0.1240093E-08 0.6473E-10  0.000    
   2      0.1236405E-08 0.6451E-10  0.1238249E-08 0.4570E-10 0.1628E-02
   3      0.1267503E-08 0.6454E-10  0.1248322E-08 0.3729E-10 0.7026E-01
   4      0.1096090E-08 0.6466E-10  0.1217239E-08 0.3230E-10  1.252    
   5      0.1261589E-08 0.6452E-10  0.1226714E-08 0.2889E-10  1.023    
   6      0.1282990E-08 0.6449E-10  0.1236905E-08 0.2636E-10 0.9398    
   7      0.1328619E-08 0.6447E-10  0.1251830E-08 0.2440E-10  1.086    
   8      0.1186643E-08 0.6464E-10  0.1244376E-08 0.2283E-10  1.060    
   9      0.1328107E-08 0.6437E-10  0.1254943E-08 0.2151E-10  1.121    
  10      0.1360649E-08 0.6430E-10  0.1267331E-08 0.2040E-10  1.287    
  11      0.1215026E-08 0.6439E-10  0.1262872E-08 0.1945E-10  1.222    
  12      0.1205878E-08 0.6445E-10  0.1258464E-08 0.1862E-10  1.179    
  13      0.1260281E-08 0.6452E-10  0.1258605E-08 0.1789E-10  1.080    
  14      0.1109342E-08 0.6438E-10  0.1250091E-08 0.1724E-10  1.323    
  15      0.1285232E-08 0.6456E-10  0.1252578E-08 0.1665E-10  1.244    
  16      0.1195187E-08 0.6463E-10  0.1249275E-08 0.1613E-10  1.213    
  17      0.1263473E-08 0.6452E-10  0.1250136E-08 0.1565E-10  1.138    
  18      0.1203542E-08 0.6449E-10  0.1247705E-08 0.1520E-10  1.102    
  19      0.1328811E-08 0.6451E-10  0.1252552E-08 0.1480E-10  1.127    
  20      0.1326437E-08 0.6445E-10  0.1256712E-08 0.1442E-10  1.134    
   
   
 Integral Plus:   1.2567119089518614E-009 +-   1.4423410855781167E-011
 with chisq    =   1.1336771724112753     
  
  
  
 For xq =         3700 
  
 RM48 INITIALIZED:        40           0         0



 INPUT PARAMETERS FOR VEGAS:  NDIM=  4  NCALL=  192119202.
                              IT=    0  ITMX=   10
                              MDS= -1   ND=  33
   1      0.7664529E-09 0.2172E-09  0.7664529E-09 0.2172E-09  0.000    
   2      0.5827790E-09 0.1018E-09  0.6333889E-09 0.1013E-09 0.6568    
   3      0.4889195E-09 0.9758E-10  0.5818065E-09 0.7435E-10 0.8250    
   4      0.4916713E-09 0.9511E-10  0.5569860E-09 0.6022E-10 0.7564    
   5      0.5271801E-09 0.9440E-10  0.5497372E-09 0.5128E-10 0.6078    
   6      0.5641007E-09 0.9448E-10  0.5528617E-09 0.4515E-10 0.4943    
   7      0.7014231E-09 0.9490E-10  0.5900066E-09 0.4040E-10 0.8085    
   8      0.7458880E-09 0.9512E-10  0.6242420E-09 0.3691E-10  1.084    
   9      0.6916351E-09 0.9592E-10  0.6347957E-09 0.3438E-10 0.9862    
  10      0.6926458E-09 0.9748E-10  0.6424319E-09 0.3238E-10 0.8981    



 INPUT PARAMETERS FOR VEGAS:  NDIM=  4  NCALL= 1919025152.
                              IT=    0  ITMX=   20
                              MDS= -1   ND=  44
   1      0.6134491E-09 0.3062E-10  0.6134491E-09 0.3062E-10  0.000    
   2      0.6676144E-09 0.3052E-10  0.6428990E-09 0.2161E-10  1.558    
   3      0.6137944E-09 0.3058E-10  0.6337598E-09 0.1765E-10  1.094    
   4      0.6335349E-09 0.3056E-10  0.6337034E-09 0.1528E-10 0.7287    
   5      0.6339102E-09 0.3057E-10  0.6337449E-09 0.1367E-10 0.5460    
   6      0.7025624E-09 0.3058E-10  0.6473465E-09 0.1248E-10  1.385    
   7      0.6242918E-09 0.3061E-10  0.6442385E-09 0.1156E-10  1.242    
   8      0.5634169E-09 0.3057E-10  0.6362243E-09 0.1081E-10  1.809    
   9      0.6087612E-09 0.3061E-10  0.6333813E-09 0.1019E-10  1.680    
  10      0.6351380E-09 0.3055E-10  0.6335599E-09 0.9669E-11  1.492    
  11      0.6634954E-09 0.3058E-10  0.6365434E-09 0.9219E-11  1.424    
  12      0.6566412E-09 0.3056E-10  0.6383324E-09 0.8826E-11  1.325    
  13      0.5981538E-09 0.3055E-10  0.6355670E-09 0.8480E-11  1.345    
  14      0.6233610E-09 0.3055E-10  0.6347180E-09 0.8171E-11  1.256    
  15      0.6255623E-09 0.3053E-10  0.6341179E-09 0.7893E-11  1.173    
  16      0.6101891E-09 0.3053E-10  0.6327131E-09 0.7642E-11  1.136    
  17      0.6595942E-09 0.3056E-10  0.6344354E-09 0.7413E-11  1.108    
  18      0.6974944E-09 0.3063E-10  0.6386342E-09 0.7206E-11  1.311    
  19      0.6092097E-09 0.3055E-10  0.6372050E-09 0.7013E-11  1.288    
  20      0.6338375E-09 0.3059E-10  0.6370373E-09 0.6836E-11  1.221    
   
   
 Integral Plus:   6.3703727702197039E-010 +-   6.8358339098284354E-012
 with chisq    =   1.2212829938275975     
  
  
  
 For xq =         4000 
  
 RM48 INITIALIZED:        40           0         0



 INPUT PARAMETERS FOR VEGAS:  NDIM=  4  NCALL=  192119202.
                              IT=    0  ITMX=   10
                              MDS= -1   ND=  33
   1      0.2935732E-09 0.1017E-09  0.2935732E-09 0.1017E-09  0.000    
   2      0.2529467E-09 0.4815E-10  0.2623637E-09 0.4572E-10 0.1406    
   3      0.3193481E-09 0.4585E-10  0.2951035E-09 0.3155E-10 0.4615    
   4      0.3230911E-09 0.4508E-10  0.3056904E-09 0.2562E-10 0.3837    
   5      0.2524396E-09 0.4531E-10  0.2957825E-09 0.2244E-10 0.5183    
   6      0.3071075E-09 0.4522E-10  0.2982353E-09 0.2007E-10 0.4172    
   7      0.3273486E-09 0.4559E-10  0.3039085E-09 0.1832E-10 0.4017    
   8      0.2861124E-09 0.4564E-10  0.3016069E-09 0.1701E-10 0.3653    
   9      0.3044944E-09 0.4602E-10  0.3019706E-09 0.1595E-10 0.3182    
  10      0.3216587E-09 0.4654E-10  0.3043494E-09 0.1509E-10 0.2982    



 INPUT PARAMETERS FOR VEGAS:  NDIM=  4  NCALL= 1919025152.
                              IT=    0  ITMX=   20
                              MDS= -1   ND=  44
   1      0.3422984E-09 0.1458E-10  0.3422984E-09 0.1458E-10  0.000    
   2      0.3081248E-09 0.1456E-10  0.3269849E-09 0.1030E-10  2.721    
   3      0.3270638E-09 0.1454E-10  0.3270114E-09 0.8405E-11  1.357    
   4      0.3125718E-09 0.1454E-10  0.3236201E-09 0.7277E-11  1.159    
   5      0.3315445E-09 0.1458E-10  0.3252687E-09 0.6512E-11 0.9209    
   6      0.2940503E-09 0.1457E-10  0.3208723E-09 0.5945E-11  1.427    
   7      0.3246454E-09 0.1456E-10  0.3214260E-09 0.5504E-11  1.193    
   8      0.3141596E-09 0.1458E-10  0.3205505E-09 0.5149E-11  1.058    
   9      0.3282553E-09 0.1455E-10  0.3214492E-09 0.4854E-11 0.9526    
  10      0.3146198E-09 0.1457E-10  0.3207897E-09 0.4605E-11 0.8713    
  11      0.3276033E-09 0.1455E-10  0.3214370E-09 0.4391E-11 0.8014    
  12      0.3515953E-09 0.1455E-10  0.3244133E-09 0.4203E-11  1.133    
  13      0.2983608E-09 0.1462E-10  0.3226999E-09 0.4039E-11  1.263    
  14      0.3285983E-09 0.1460E-10  0.3231365E-09 0.3893E-11  1.175    
  15      0.3267144E-09 0.1455E-10  0.3233822E-09 0.3761E-11  1.093    
  16      0.3416457E-09 0.1455E-10  0.3246564E-09 0.3641E-11  1.121    
  17      0.3441728E-09 0.1455E-10  0.3259474E-09 0.3532E-11  1.161    
  18      0.3168067E-09 0.1454E-10  0.3254616E-09 0.3432E-11  1.116    
  19      0.3326382E-09 0.1457E-10  0.3258573E-09 0.3341E-11  1.065    
  20      0.3255471E-09 0.1456E-10  0.3258417E-09 0.3256E-11  1.009    
   
   
 Integral Plus:   3.2584168138650057E-010 +-   3.2563699572434261E-012
 with chisq    =   1.0086339725393463     
  
  
  
 For xq =         4300 
  
 RM48 INITIALIZED:        40           0         0



 INPUT PARAMETERS FOR VEGAS:  NDIM=  4  NCALL=  192119202.
                              IT=    0  ITMX=   10
                              MDS= -1   ND=  33
   1      0.1772913E-09 0.4830E-10  0.1772913E-09 0.4830E-10  0.000    
   2      0.1662421E-09 0.2273E-10  0.1684652E-09 0.2100E-10 0.4449E-01
   3      0.1401764E-09 0.2182E-10  0.1576776E-09 0.1557E-10 0.4145    
   4      0.1851208E-09 0.2151E-10  0.1688277E-09 0.1245E-10 0.6476    
   5      0.1886887E-09 0.2138E-10  0.1747728E-09 0.1069E-10 0.6428    
   6      0.1580204E-09 0.2155E-10  0.1719038E-09 0.9598E-11 0.6148    
   7      0.1613643E-09 0.2158E-10  0.1703105E-09 0.8779E-11 0.5505    
   8      0.2052683E-09 0.2170E-10  0.1771191E-09 0.8110E-11 0.8616    
   9      0.1749664E-09 0.2198E-10  0.1768581E-09 0.7608E-11 0.7538    
  10      0.1485427E-09 0.2230E-10  0.1746437E-09 0.7205E-11 0.8124    



 INPUT PARAMETERS FOR VEGAS:  NDIM=  4  NCALL= 1919025152.
                              IT=    0  ITMX=   20
                              MDS= -1   ND=  44
   1      0.1664950E-09 0.6962E-11  0.1664950E-09 0.6962E-11  0.000    
   2      0.1824607E-09 0.6984E-11  0.1751818E-09 0.4931E-11  2.600    
   3      0.1705427E-09 0.6966E-11  0.1736821E-09 0.4025E-11  1.466    
   4      0.1671453E-09 0.6966E-11  0.1721330E-09 0.3485E-11  1.207    
   5      0.1681633E-09 0.6963E-11  0.1713646E-09 0.3116E-11 0.9760    
   6      0.1812507E-09 0.6986E-11  0.1731700E-09 0.2846E-11  1.125    
   7      0.1595914E-09 0.6951E-11  0.1714713E-09 0.2634E-11  1.443    
   8      0.1594598E-09 0.6977E-11  0.1701465E-09 0.2464E-11  1.590    
   9      0.1612656E-09 0.6966E-11  0.1692435E-09 0.2323E-11  1.573    
  10      0.1566734E-09 0.6968E-11  0.1681435E-09 0.2204E-11  1.706    
  11      0.1720949E-09 0.6982E-11  0.1685195E-09 0.2102E-11  1.558    
  12      0.1691958E-09 0.6978E-11  0.1685766E-09 0.2012E-11  1.416    
  13      0.1665931E-09 0.6971E-11  0.1684264E-09 0.1933E-11  1.306    
  14      0.1622158E-09 0.6969E-11  0.1680103E-09 0.1863E-11  1.264    
  15      0.1794719E-09 0.6970E-11  0.1688790E-09 0.1800E-11  1.366    
  16      0.1578745E-09 0.6973E-11  0.1682699E-09 0.1743E-11  1.423    
  17      0.1712102E-09 0.6973E-11  0.1684496E-09 0.1691E-11  1.342    
  18      0.1464748E-09 0.6978E-11  0.1675099E-09 0.1643E-11  1.711    
  19      0.1725336E-09 0.6963E-11  0.1677924E-09 0.1599E-11  1.639    
  20      0.1735412E-09 0.6979E-11  0.1681005E-09 0.1559E-11  1.583    
   
   
 Integral Plus:   1.6810051726416419E-010 +-   1.5588693509998768E-012
 with chisq    =   1.5826471186178594     
  
  
  
 For xq =         4600 
  
 RM48 INITIALIZED:        40           0         0



 INPUT PARAMETERS FOR VEGAS:  NDIM=  4  NCALL=  192119202.
                              IT=    0  ITMX=   10
                              MDS= -1   ND=  33
   1      0.7347836E-10 0.2239E-10  0.7347836E-10 0.2239E-10  0.000    
   2      0.8036406E-10 0.1068E-10  0.7926292E-10 0.9383E-11 0.7235E-01
   3      0.8082450E-10 0.1033E-10  0.8000669E-10 0.6904E-11 0.4137E-01
   4      0.8090813E-10 0.1020E-10  0.8030282E-10 0.5706E-11 0.2895E-01
   5      0.7732818E-10 0.1023E-10  0.7961951E-10 0.4987E-11 0.3763E-01
   6      0.8492522E-10 0.1023E-10  0.8077111E-10 0.4474E-11 0.7710E-01
   7      0.8262876E-10 0.1033E-10  0.8108268E-10 0.4103E-11 0.6834E-01
   8      0.7899707E-10 0.1044E-10  0.8081031E-10 0.3819E-11 0.6363E-01
   9      0.6860046E-10 0.1038E-10  0.7970489E-10 0.3588E-11 0.1765    
  10      0.9472227E-10 0.1058E-10  0.8184386E-10 0.3396E-11 0.4157    



 INPUT PARAMETERS FOR VEGAS:  NDIM=  4  NCALL= 1919025152.
                              IT=    0  ITMX=   20
                              MDS= -1   ND=  44
   1      0.8799385E-10 0.3310E-11  0.8799385E-10 0.3310E-11  0.000    
   2      0.8459104E-10 0.3315E-11  0.8636226E-10 0.2342E-11 0.5267    
   3      0.8076456E-10 0.3314E-11  0.8465871E-10 0.1913E-11  1.181    
   4      0.8574408E-10 0.3319E-11  0.8493525E-10 0.1657E-11 0.8090    
   5      0.9156597E-10 0.3310E-11  0.8643443E-10 0.1482E-11  1.463    
   6      0.8759158E-10 0.3312E-11  0.8663262E-10 0.1353E-11  1.185    
   7      0.8713169E-10 0.3313E-11  0.8670492E-10 0.1252E-11 0.9885    
   8      0.8570212E-10 0.3317E-11  0.8658193E-10 0.1172E-11 0.8606    
   9      0.8498534E-10 0.3317E-11  0.8641012E-10 0.1105E-11 0.7809    
  10      0.8078071E-10 0.3317E-11  0.8591116E-10 0.1048E-11 0.9617    
  11      0.8708956E-10 0.3310E-11  0.8602161E-10 0.9992E-12 0.8749    
  12      0.8483598E-10 0.3308E-11  0.8592467E-10 0.9565E-12 0.8074    
  13      0.8545230E-10 0.3308E-11  0.8588848E-10 0.9189E-12 0.7421    
  14      0.8445495E-10 0.3311E-11  0.8578882E-10 0.8854E-12 0.6996    
  15      0.8254425E-10 0.3304E-11  0.8558602E-10 0.8552E-12 0.7129    
  16      0.8205693E-10 0.3307E-11  0.8538110E-10 0.8280E-12 0.7349    
  17      0.8509329E-10 0.3307E-11  0.8536418E-10 0.8032E-12 0.6896    
  18      0.8985376E-10 0.3319E-11  0.8563850E-10 0.7807E-12 0.7566    
  19      0.8482246E-10 0.3322E-11  0.8559644E-10 0.7600E-12 0.7183    
  20      0.8044373E-10 0.3315E-11  0.8536722E-10 0.7408E-12 0.7927    
   
   
 Integral Plus:   8.5367217438548453E-011 +-   7.4076680422529779E-013
 with chisq    =  0.79266082397189253     
  
  
  
 For xq =         4900 
  
 RM48 INITIALIZED:        40           0         0



 INPUT PARAMETERS FOR VEGAS:  NDIM=  4  NCALL=  192119202.
                              IT=    0  ITMX=   10
                              MDS= -1   ND=  33
   1      0.5889019E-10 0.1070E-10  0.5889019E-10 0.1070E-10  0.000    
   2      0.4220110E-10 0.5020E-11  0.4720580E-10 0.5099E-11  2.249    
   3      0.4973740E-10 0.4971E-11  0.4846645E-10 0.3578E-11  1.209    
   4      0.4575493E-10 0.4867E-11  0.4763856E-10 0.2912E-11 0.9068    
   5      0.4755884E-10 0.4882E-11  0.4761888E-10 0.2507E-11 0.6910    
   6      0.4668063E-10 0.4862E-11  0.4743736E-10 0.2233E-11 0.5674    
   7      0.3804946E-10 0.4923E-11  0.4639153E-10 0.2045E-11 0.8484    
   8      0.4396516E-10 0.4947E-11  0.4608002E-10 0.1893E-11 0.7662    
   9      0.3776220E-10 0.4931E-11  0.4535606E-10 0.1773E-11 0.9165    
  10      0.4048710E-10 0.5060E-11  0.4493353E-10 0.1675E-11 0.9079    



 INPUT PARAMETERS FOR VEGAS:  NDIM=  4  NCALL= 1919025152.
                              IT=    0  ITMX=   20
                              MDS= -1   ND=  44
   1      0.4178509E-10 0.1562E-11  0.4178509E-10 0.1562E-11  0.000    
   2      0.4208737E-10 0.1567E-11  0.4193682E-10 0.1106E-11 0.1867E-01
   3      0.4242075E-10 0.1567E-11  0.4210018E-10 0.9037E-12 0.4133E-01
   4      0.4535498E-10 0.1567E-11  0.4300671E-10 0.7829E-12  1.184    
   5      0.4443787E-10 0.1568E-11  0.4330832E-10 0.7004E-12  1.049    
   6      0.4501960E-10 0.1567E-11  0.4361299E-10 0.6395E-12  1.037    
   7      0.4390640E-10 0.1562E-11  0.4365570E-10 0.5918E-12 0.8676    
   8      0.4285128E-10 0.1561E-11  0.4355763E-10 0.5534E-12 0.7791    
   9      0.4448606E-10 0.1567E-11  0.4366476E-10 0.5218E-12 0.7187    
  10      0.4327574E-10 0.1563E-11  0.4362631E-10 0.4950E-12 0.6459    
  11      0.4322200E-10 0.1564E-11  0.4359006E-10 0.4719E-12 0.5882    
  12      0.4341787E-10 0.1565E-11  0.4357578E-10 0.4518E-12 0.5360    
  13      0.4239457E-10 0.1566E-11  0.4348940E-10 0.4341E-12 0.5351    
  14      0.4115668E-10 0.1566E-11  0.4333902E-10 0.4183E-12 0.6418    
  15      0.4437823E-10 0.1568E-11  0.4341132E-10 0.4042E-12 0.6245    
  16      0.4266161E-10 0.1563E-11  0.4336574E-10 0.3913E-12 0.5980    
  17      0.4298695E-10 0.1565E-11  0.4334377E-10 0.3796E-12 0.5646    
  18      0.4356369E-10 0.1562E-11  0.4335618E-10 0.3689E-12 0.5321    
  19      0.4327389E-10 0.1564E-11  0.4335185E-10 0.3590E-12 0.5027    
  20      0.4251808E-10 0.1567E-11  0.4331168E-10 0.3500E-12 0.4909    
   
   
 Integral Plus:   4.3311678248454188E-011 +-   3.4997328725064968E-013
 with chisq    =  0.49085276695655439     
  
  
  
    xq         Integral Plus                 error
   3400      0.125671190895186E-08      0.144234108557812E-10
   3700      0.637037277021970E-09      0.683583390982844E-11
   4000      0.325841681386501E-09      0.325636995724343E-11
   4300      0.168100517264164E-09      0.155886935099988E-11
   4600      0.853672174385485E-10      0.740766804225298E-12
   4900      0.433116782484542E-10      0.349973287250650E-12
Thanks for using LHAPDF 6.5.4. Please make sure to cite the paper:
  Eur.Phys.J. C75 (2015) 3, 132  (http://arxiv.org/abs/1412.7420)
