    100     -0.346652163426757E-02      0.124205733984620E-05
    400     -0.809088547576889E-05      0.467154436525675E-08
    700     -0.509065961146467E-06      0.352082453429689E-09
   1000     -0.733815667253674E-07      0.559249640650283E-10
   1300     -0.154440806202668E-07      0.126652383625836E-10
   1600     -0.405641896683481E-08      0.350710636704339E-11
   1900     -0.122420123203872E-08      0.113320764299603E-11
   2200     -0.406050875767301E-09      0.369016683375985E-12
   2500     -0.143960208084227E-09      0.132798923718739E-12
   2800     -0.536769833453846E-10      0.507646563066424E-13
   3100     -0.206538603655909E-10      0.193077903590902E-13
   3400     -0.813828325480294E-11      0.840853623502288E-14
   3700     -0.325084695614348E-11      0.320348401107279E-14
   4000     -0.131523824566413E-11      0.129246820832368E-14
   4300     -0.534388824511163E-12      0.539859280763421E-15
   4600     -0.216369566470563E-12      0.215941295226583E-15
   4900     -0.873783247015962E-13      0.926377232893689E-16
    100     -0.346652163426757E-02      0.124205733984620E-05
    400     -0.809088547576889E-05      0.467154436525675E-08
    700     -0.509065961146467E-06      0.352082453429689E-09
   1000     -0.733815667253674E-07      0.559249640650283E-10
   1300     -0.154440806202668E-07      0.126652383625836E-10
   1600     -0.405641896683481E-08      0.350710636704339E-11
   1900     -0.122420123203872E-08      0.113320764299603E-11
   2200     -0.406050875767301E-09      0.369016683375985E-12
   2500     -0.143960208084227E-09      0.132798923718739E-12
   2800     -0.536769833453846E-10      0.507646563066424E-13
   3100     -0.206538603655909E-10      0.193077903590902E-13
   3400     -0.813828325480294E-11      0.840853623502288E-14
   3700     -0.325084695614348E-11      0.320348401107279E-14
   4000     -0.131523824566413E-11      0.129246820832368E-14
   4300     -0.534388824511163E-12      0.539859280763421E-15
   4600     -0.216369566470563E-12      0.215941295226583E-15
   4900     -0.873783247015962E-13      0.926377232893689E-16

 Writing your data in ../summary/run_02/real.dat
LHAPDF 6.5.4 loading /home/niraj/1TB-Disc/Workspace-IITG/Packages/Install/LHAPDF-6.5.4/install/share/LHAPDF/MMHT2014nlo68cl/MMHT2014nlo68cl_0000.dat
MMHT2014nlo68cl PDF set, member #0, version 3; LHAPDF ID = 25100
   
   ----------------------------------
   |Initializing Dipole Subtraction  |
   ----------------------------------
  
  
  
 ~~~~~~~~~~~~~~~~~~~~~~~~~~~~~~~~~~~~~~~~
Using Vegas points:                   5.E+07
         Iteration:                   10
 ~~~~~~~~~~~~~~~~~~~~~~~~~~~~~~~~~~~~~~~~
  
 For xq =          100 
  
 RM48 INITIALIZED:        40           0         0



 INPUT PARAMETERS FOR VEGAS:  NDIM=  6  NCALL=   48275138.
                              IT=    0  ITMX=   10
                              MDS=  1   ND=  50
   1     -0.3676440E-02 0.2162E-03 -0.3676440E-02 0.2162E-03  0.000    
   2     -0.3380669E-02 0.4927E-04 -0.3397784E-02 0.4996E-04  1.911    
   3     -0.3509516E-02 0.2866E-04 -0.3481579E-02 0.2493E-04  2.843    
   4     -0.3492977E-02 0.2018E-04 -0.3488416E-02 0.1573E-04  1.946    
   5     -0.3469412E-02 0.1801E-04 -0.3480314E-02 0.1189E-04  1.623    
   6     -0.3441623E-02 0.1696E-04 -0.3467892E-02 0.9764E-05  1.991    
   7     -0.3484107E-02 0.1669E-04 -0.3472006E-02 0.8430E-05  1.778    
   8     -0.3462446E-02 0.1634E-04 -0.3470026E-02 0.7498E-05  1.566    
   9     -0.3466165E-02 0.1650E-04 -0.3469373E-02 0.6829E-05  1.378    
  10     -0.3461537E-02 0.1631E-04 -0.3468219E-02 0.6302E-05  1.248    



 INPUT PARAMETERS FOR VEGAS:  NDIM=  6  NCALL=  488281250.
                              IT=    0  ITMX=   20
                              MDS= -1   ND=  25
   1     -0.3456634E-02 0.5446E-05 -0.3456634E-02 0.5446E-05  0.000    
   2     -0.3461500E-02 0.5644E-05 -0.3458983E-02 0.3919E-05 0.3850    
   3     -0.3462784E-02 0.5990E-05 -0.3460124E-02 0.3280E-05 0.3334    
   4     -0.3470409E-02 0.5467E-05 -0.3462857E-02 0.2812E-05  1.092    
   5     -0.3472888E-02 0.5492E-05 -0.3464951E-02 0.2503E-05  1.481    
   6     -0.3453798E-02 0.5681E-05 -0.3463147E-02 0.2291E-05  1.829    
   7     -0.3465103E-02 0.5381E-05 -0.3463448E-02 0.2108E-05  1.542    
   8     -0.3463477E-02 0.5421E-05 -0.3463451E-02 0.1964E-05  1.322    
   9     -0.3461894E-02 0.5417E-05 -0.3463271E-02 0.1847E-05  1.166    
  10     -0.3470755E-02 0.6089E-05 -0.3463903E-02 0.1767E-05  1.190    
  11     -0.3471512E-02 0.5368E-05 -0.3464650E-02 0.1679E-05  1.253    
  12     -0.3465421E-02 0.5421E-05 -0.3464718E-02 0.1603E-05  1.140    
  13     -0.3465094E-02 0.5431E-05 -0.3464748E-02 0.1538E-05  1.046    
  14     -0.3466579E-02 0.5402E-05 -0.3464885E-02 0.1479E-05 0.9734    
  15     -0.3469647E-02 0.5537E-05 -0.3465203E-02 0.1429E-05 0.9532    
  16     -0.3478316E-02 0.5714E-05 -0.3465981E-02 0.1386E-05  1.222    
  17     -0.3473306E-02 0.6271E-05 -0.3466324E-02 0.1354E-05  1.227    
  18     -0.3467872E-02 0.5386E-05 -0.3466416E-02 0.1313E-05  1.159    
  19     -0.3467719E-02 0.5449E-05 -0.3466487E-02 0.1276E-05  1.098    
  20     -0.3467138E-02 0.5399E-05 -0.3466522E-02 0.1242E-05  1.041    
   
   
 Integral [real-dipole]:  -3.4665216342675679E-003 +-   1.2420573398462040E-006
 with chisq    =   1.0406866584884309     
  
  
  
 For xq =          400 
  
 RM48 INITIALIZED:        40           0         0



 INPUT PARAMETERS FOR VEGAS:  NDIM=  6  NCALL=   48275138.
                              IT=    0  ITMX=   10
                              MDS=  1   ND=  50
   1     -0.7911889E-05 0.4369E-06 -0.7911889E-05 0.4369E-06  0.000    
   2     -0.8159818E-05 0.1434E-06 -0.8137032E-05 0.1345E-06 0.2834    
   3     -0.8113445E-05 0.9708E-07 -0.8121419E-05 0.7848E-07 0.1509    
   4     -0.8199319E-05 0.7408E-07 -0.8163270E-05 0.5362E-07 0.2747    
   5     -0.8022190E-05 0.6583E-07 -0.8107633E-05 0.4165E-07 0.8919    
   6     -0.8092519E-05 0.6232E-07 -0.8102958E-05 0.3462E-07 0.7213    
   7     -0.8163419E-05 0.6131E-07 -0.8117796E-05 0.3012E-07 0.7238    
   8     -0.8175329E-05 0.6242E-07 -0.8128836E-05 0.2711E-07 0.7186    
   9     -0.8090976E-05 0.6383E-07 -0.8123069E-05 0.2495E-07 0.6662    
  10     -0.8120159E-05 0.6132E-07 -0.8122654E-05 0.2311E-07 0.5922    



 INPUT PARAMETERS FOR VEGAS:  NDIM=  6  NCALL=  488281250.
                              IT=    0  ITMX=   20
                              MDS= -1   ND=  25
   1     -0.8157139E-05 0.2137E-07 -0.8157139E-05 0.2137E-07  0.000    
   2     -0.8087454E-05 0.2042E-07 -0.8121007E-05 0.1477E-07  5.561    
   3     -0.8096525E-05 0.2110E-07 -0.8112993E-05 0.1210E-07  3.237    
   4     -0.8081303E-05 0.2038E-07 -0.8104787E-05 0.1040E-07  2.756    
   5     -0.8098808E-05 0.2021E-07 -0.8103536E-05 0.9250E-08  2.085    
   6     -0.8064275E-05 0.2150E-07 -0.8097453E-05 0.8496E-08  2.230    
   7     -0.8099186E-05 0.2158E-07 -0.8097686E-05 0.7906E-08  1.859    
   8     -0.8086874E-05 0.2034E-07 -0.8096270E-05 0.7369E-08  1.629    
   9     -0.8108706E-05 0.2043E-07 -0.8097706E-05 0.6932E-08  1.466    
  10     -0.8099347E-05 0.2038E-07 -0.8097876E-05 0.6562E-08  1.304    
  11     -0.8081575E-05 0.2309E-07 -0.8096662E-05 0.6312E-08  1.220    
  12     -0.8093567E-05 0.2112E-07 -0.8096409E-05 0.6048E-08  1.111    
  13     -0.8073720E-05 0.2037E-07 -0.8094581E-05 0.5798E-08  1.113    
  14     -0.8066092E-05 0.2065E-07 -0.8092512E-05 0.5582E-08  1.163    
  15     -0.8080933E-05 0.2026E-07 -0.8091697E-05 0.5381E-08  1.102    
  16     -0.8071276E-05 0.2215E-07 -0.8090565E-05 0.5229E-08  1.082    
  17     -0.8067279E-05 0.2140E-07 -0.8089259E-05 0.5080E-08  1.084    
  18     -0.8123406E-05 0.2061E-07 -0.8091230E-05 0.4932E-08  1.173    
  19     -0.8110550E-05 0.2062E-07 -0.8092280E-05 0.4797E-08  1.154    
  20     -0.8065032E-05 0.2058E-07 -0.8090885E-05 0.4672E-08  1.181    
   
   
 Integral [real-dipole]:  -8.0908854757688940E-006 +-   4.6715443652567483E-009
 with chisq    =   1.1806335969580168     
  
  
  
 For xq =          700 
  
 RM48 INITIALIZED:        40           0         0



 INPUT PARAMETERS FOR VEGAS:  NDIM=  6  NCALL=   48275138.
                              IT=    0  ITMX=   10
                              MDS=  1   ND=  50
   1     -0.5242381E-06 0.1880E-07 -0.5242381E-06 0.1880E-07  0.000    
   2     -0.5005860E-06 0.7593E-08 -0.5041750E-06 0.7161E-08  1.404    
   3     -0.5106062E-06 0.6093E-08 -0.5078934E-06 0.4645E-08 0.9377    
   4     -0.5065388E-06 0.4864E-08 -0.5072545E-06 0.3367E-08 0.6419    
   5     -0.5159599E-06 0.4740E-08 -0.5102153E-06 0.2741E-08  1.045    
   6     -0.5051583E-06 0.4867E-08 -0.5090209E-06 0.2391E-08  1.001    
   7     -0.5086927E-06 0.4639E-08 -0.5089525E-06 0.2126E-08 0.8359    
   8     -0.5195463E-06 0.4618E-08 -0.5108600E-06 0.1929E-08  1.349    
   9     -0.5032910E-06 0.4498E-08 -0.5097156E-06 0.1774E-08  1.477    
  10     -0.5151227E-06 0.4566E-08 -0.5104358E-06 0.1653E-08  1.447    



 INPUT PARAMETERS FOR VEGAS:  NDIM=  6  NCALL=  488281250.
                              IT=    0  ITMX=   20
                              MDS= -1   ND=  25
   1     -0.5074448E-06 0.1536E-08 -0.5074448E-06 0.1536E-08  0.000    
   2     -0.5070898E-06 0.1555E-08 -0.5072696E-06 0.1093E-08 0.2637E-01
   3     -0.5076542E-06 0.1504E-08 -0.5074027E-06 0.8839E-09 0.3460E-01
   4     -0.5099819E-06 0.1513E-08 -0.5080641E-06 0.7632E-09 0.7489    
   5     -0.5113445E-06 0.1524E-08 -0.5087288E-06 0.6824E-09  1.494    
   6     -0.5061866E-06 0.1541E-08 -0.5083155E-06 0.6239E-09  1.649    
   7     -0.5089812E-06 0.1554E-08 -0.5084081E-06 0.5790E-09  1.400    
   8     -0.5106166E-06 0.1576E-08 -0.5086726E-06 0.5435E-09  1.448    
   9     -0.5095642E-06 0.1503E-08 -0.5087761E-06 0.5111E-09  1.305    
  10     -0.5116366E-06 0.1603E-08 -0.5090427E-06 0.4870E-09  1.483    
  11     -0.5087044E-06 0.1528E-08 -0.5090115E-06 0.4640E-09  1.339    
  12     -0.5105870E-06 0.1604E-08 -0.5091338E-06 0.4457E-09  1.298    
  13     -0.5096821E-06 0.1551E-08 -0.5091757E-06 0.4284E-09  1.199    
  14     -0.5104638E-06 0.1537E-08 -0.5092690E-06 0.4126E-09  1.157    
  15     -0.5083945E-06 0.1520E-08 -0.5092092E-06 0.3982E-09  1.097    
  16     -0.5068204E-06 0.1643E-08 -0.5090779E-06 0.3870E-09  1.156    
  17     -0.5096609E-06 0.1518E-08 -0.5091135E-06 0.3750E-09  1.092    
  18     -0.5099083E-06 0.1558E-08 -0.5091572E-06 0.3646E-09  1.042    
  19     -0.5061004E-06 0.2736E-08 -0.5091044E-06 0.3613E-09  1.053    
  20     -0.5083412E-06 0.1566E-08 -0.5090660E-06 0.3521E-09  1.009    
   
   
 Integral [real-dipole]:  -5.0906596114646682E-007 +-   3.5208245342968928E-010
 with chisq    =   1.0091162255413801     
  
  
  
 For xq =         1000 
  
 RM48 INITIALIZED:        40           0         0



 INPUT PARAMETERS FOR VEGAS:  NDIM=  6  NCALL=   48275138.
                              IT=    0  ITMX=   10
                              MDS=  1   ND=  50
   1     -0.7904837E-07 0.3535E-08 -0.7904837E-07 0.3535E-08  0.000    
   2     -0.7243946E-07 0.1082E-08 -0.7310271E-07 0.1074E-08  3.419    
   3     -0.7327306E-07 0.8038E-09 -0.7320921E-07 0.6503E-09  1.756    
   4     -0.7269209E-07 0.7448E-09 -0.7299336E-07 0.4926E-09  1.278    
   5     -0.7334278E-07 0.7202E-09 -0.7310255E-07 0.4073E-09  1.003    
   6     -0.7303304E-07 0.7199E-09 -0.7308610E-07 0.3549E-09 0.8083    
   7     -0.7230662E-07 0.7110E-09 -0.7293632E-07 0.3180E-09 0.8334    
   8     -0.7252686E-07 0.7022E-09 -0.7286859E-07 0.2899E-09 0.7567    
   9     -0.7331782E-07 0.7139E-09 -0.7293172E-07 0.2686E-09 0.7049    
  10     -0.7296281E-07 0.6997E-09 -0.7293566E-07 0.2508E-09 0.6279    



 INPUT PARAMETERS FOR VEGAS:  NDIM=  6  NCALL=  488281250.
                              IT=    0  ITMX=   20
                              MDS= -1   ND=  25
   1     -0.7325551E-07 0.2880E-09 -0.7325551E-07 0.2880E-09  0.000    
   2     -0.7292558E-07 0.2448E-09 -0.7306470E-07 0.1866E-09 0.7624    
   3     -0.7351626E-07 0.2432E-09 -0.7323329E-07 0.1480E-09  1.469    
   4     -0.7325080E-07 0.2478E-09 -0.7323789E-07 0.1271E-09 0.9802    
   5     -0.7357612E-07 0.2631E-09 -0.7330235E-07 0.1144E-09  1.071    
   6     -0.7331420E-07 0.2454E-09 -0.7330447E-07 0.1037E-09 0.8570    
   7     -0.7350113E-07 0.2435E-09 -0.7333480E-07 0.9541E-10 0.8060    
   8     -0.7328112E-07 0.2431E-09 -0.7332764E-07 0.8881E-10 0.6970    
   9     -0.7332220E-07 0.2430E-09 -0.7332700E-07 0.8341E-10 0.6099    
  10     -0.7389429E-07 0.3307E-09 -0.7336144E-07 0.8091E-10 0.8528    
  11     -0.7366138E-07 0.2535E-09 -0.7338935E-07 0.7708E-10 0.8948    
  12     -0.7360612E-07 0.2432E-09 -0.7340923E-07 0.7347E-10 0.8790    
  13     -0.7332859E-07 0.2475E-09 -0.7340271E-07 0.7043E-10 0.8140    
  14     -0.7336671E-07 0.2474E-09 -0.7340001E-07 0.6774E-10 0.7530    
  15     -0.7342037E-07 0.2440E-09 -0.7340147E-07 0.6527E-10 0.6997    
  16     -0.7308501E-07 0.2423E-09 -0.7338024E-07 0.6303E-10 0.7586    
  17     -0.7355973E-07 0.2415E-09 -0.7339174E-07 0.6099E-10 0.7434    
  18     -0.7363015E-07 0.2405E-09 -0.7340623E-07 0.5911E-10 0.7541    
  19     -0.7326855E-07 0.2453E-09 -0.7339869E-07 0.5747E-10 0.7288    
  20     -0.7307275E-07 0.2429E-09 -0.7338157E-07 0.5592E-10 0.7798    
   
   
 Integral [real-dipole]:  -7.3381566725367400E-008 +-   5.5924964065028308E-011
 with chisq    =  0.77977612980086286     
  
  
  
 For xq =         1300 
  
 RM48 INITIALIZED:        40           0         0



 INPUT PARAMETERS FOR VEGAS:  NDIM=  6  NCALL=   48275138.
                              IT=    0  ITMX=   10
                              MDS=  1   ND=  50
   1     -0.1481602E-07 0.5276E-09 -0.1481602E-07 0.5276E-09  0.000    
   2     -0.1504977E-07 0.2494E-09 -0.1500817E-07 0.2244E-09 0.1588    
   3     -0.1558149E-07 0.1996E-09 -0.1534014E-07 0.1477E-09  1.913    
   4     -0.1554564E-07 0.1690E-09 -0.1543171E-07 0.1107E-09  1.543    
   5     -0.1542039E-07 0.1808E-09 -0.1542857E-07 0.9433E-10  1.153    
   6     -0.1506499E-07 0.1717E-09 -0.1534616E-07 0.8276E-10  1.603    
   7     -0.1548856E-07 0.1686E-09 -0.1537452E-07 0.7423E-10  1.428    
   8     -0.1533872E-07 0.1611E-09 -0.1536822E-07 0.6740E-10  1.229    
   9     -0.1566556E-07 0.1707E-09 -0.1541002E-07 0.6266E-10  1.409    
  10     -0.1537076E-07 0.1653E-09 -0.1540506E-07 0.5859E-10  1.258    



 INPUT PARAMETERS FOR VEGAS:  NDIM=  6  NCALL=  488281250.
                              IT=    0  ITMX=   20
                              MDS= -1   ND=  25
   1     -0.1538477E-07 0.5501E-10 -0.1538477E-07 0.5501E-10  0.000    
   2     -0.1552377E-07 0.1697E-09 -0.1539820E-07 0.5252E-10 0.6113    
   3     -0.1543049E-07 0.5366E-10 -0.1541397E-07 0.3754E-10 0.3984    
   4     -0.1541153E-07 0.5439E-10 -0.1541319E-07 0.3090E-10 0.2664    
   5     -0.1553377E-07 0.5375E-10 -0.1544342E-07 0.2678E-10  1.151    
   6     -0.1542443E-07 0.5526E-10 -0.1543982E-07 0.2410E-10 0.9409    
   7     -0.1543729E-07 0.5329E-10 -0.1543939E-07 0.2196E-10 0.7846    
   8     -0.1532475E-07 0.5476E-10 -0.1542373E-07 0.2038E-10  1.207    
   9     -0.1535977E-07 0.5639E-10 -0.1541640E-07 0.1917E-10  1.198    
  10     -0.1537403E-07 0.5491E-10 -0.1541183E-07 0.1810E-10  1.124    
  11     -0.1543173E-07 0.5404E-10 -0.1541384E-07 0.1716E-10  1.024    
  12     -0.1546397E-07 0.5453E-10 -0.1541838E-07 0.1637E-10  1.001    
  13     -0.1554673E-07 0.5634E-10 -0.1542852E-07 0.1572E-10  1.320    
  14     -0.1547802E-07 0.5585E-10 -0.1543217E-07 0.1513E-10  1.275    
  15     -0.1546102E-07 0.5387E-10 -0.1543429E-07 0.1457E-10  1.202    
  16     -0.1548500E-07 0.5486E-10 -0.1543765E-07 0.1408E-10  1.175    
  17     -0.1551002E-07 0.6688E-10 -0.1544074E-07 0.1378E-10  1.172    
  18     -0.1544959E-07 0.5865E-10 -0.1544121E-07 0.1341E-10  1.104    
  19     -0.1546319E-07 0.5400E-10 -0.1544249E-07 0.1302E-10  1.051    
  20     -0.1547222E-07 0.5478E-10 -0.1544408E-07 0.1267E-10  1.011    
   
   
 Integral [real-dipole]:  -1.5444080620266770E-008 +-   1.2665238362583625E-011
 with chisq    =   1.0106526483594418     
  
  
  
 For xq =         1600 
  
 RM48 INITIALIZED:        40           0         0



 INPUT PARAMETERS FOR VEGAS:  NDIM=  6  NCALL=   48275138.
                              IT=    0  ITMX=   10
                              MDS=  1   ND=  50
   1     -0.3967500E-08 0.1264E-09 -0.3967500E-08 0.1264E-09  0.000    
   2     -0.4069179E-08 0.6384E-10 -0.4049333E-08 0.5656E-10 0.5077    
   3     -0.3959161E-08 0.4942E-10 -0.3998865E-08 0.3735E-10 0.9747    
   4     -0.4006871E-08 0.4677E-10 -0.4001989E-08 0.2918E-10 0.6552    
   5     -0.4042718E-08 0.4677E-10 -0.4013571E-08 0.2473E-10 0.6273    
   6     -0.3972941E-08 0.4495E-10 -0.4004261E-08 0.2168E-10 0.6274    
   7     -0.4045798E-08 0.4327E-10 -0.4012739E-08 0.1937E-10 0.6457    
   8     -0.4093408E-08 0.4326E-10 -0.4026689E-08 0.1767E-10 0.9766    
   9     -0.4054772E-08 0.4387E-10 -0.4030666E-08 0.1638E-10 0.8975    
  10     -0.4124389E-08 0.4354E-10 -0.4042802E-08 0.1532E-10  1.262    



 INPUT PARAMETERS FOR VEGAS:  NDIM=  6  NCALL=  488281250.
                              IT=    0  ITMX=   20
                              MDS= -1   ND=  25
   1     -0.4075943E-08 0.1680E-10 -0.4075943E-08 0.1680E-10  0.000    
   2     -0.4063421E-08 0.1521E-10 -0.4069083E-08 0.1128E-10 0.3054    
   3     -0.4045009E-08 0.1505E-10 -0.4060490E-08 0.9026E-11 0.9698    
   4     -0.4057250E-08 0.1597E-10 -0.4059707E-08 0.7857E-11 0.6572    
   5     -0.4053528E-08 0.1513E-10 -0.4058398E-08 0.6973E-11 0.5260    
   6     -0.4065650E-08 0.1932E-10 -0.4059236E-08 0.6560E-11 0.4456    
   7     -0.4021943E-08 0.1640E-10 -0.4054175E-08 0.6090E-11  1.105    
   8     -0.4062750E-08 0.1540E-10 -0.4055339E-08 0.5663E-11 0.9853    
   9     -0.4046544E-08 0.1505E-10 -0.4054253E-08 0.5301E-11 0.8998    
  10     -0.4076636E-08 0.1692E-10 -0.4056273E-08 0.5059E-11 0.9776    
  11     -0.4054630E-08 0.1506E-10 -0.4056107E-08 0.4795E-11 0.8810    
  12     -0.4064533E-08 0.1517E-10 -0.4056875E-08 0.4572E-11 0.8262    
  13     -0.4052158E-08 0.1505E-10 -0.4056477E-08 0.4375E-11 0.7650    
  14     -0.4068730E-08 0.1581E-10 -0.4057353E-08 0.4216E-11 0.7490    
  15     -0.4048581E-08 0.1617E-10 -0.4056797E-08 0.4080E-11 0.7153    
  16     -0.4043202E-08 0.1578E-10 -0.4055951E-08 0.3950E-11 0.7140    
  17     -0.4048690E-08 0.1512E-10 -0.4055488E-08 0.3822E-11 0.6830    
  18     -0.4044296E-08 0.1558E-10 -0.4054856E-08 0.3712E-11 0.6715    
  19     -0.4073762E-08 0.1511E-10 -0.4055941E-08 0.3605E-11 0.7165    
  20     -0.4064872E-08 0.1519E-10 -0.4056419E-08 0.3507E-11 0.6960    
   
   
 Integral [real-dipole]:  -4.0564189668348051E-009 +-   3.5071063670433900E-012
 with chisq    =  0.69596550240489807     
  
  
  
 For xq =         1900 
  
 RM48 INITIALIZED:        40           0         0



 INPUT PARAMETERS FOR VEGAS:  NDIM=  6  NCALL=   48275138.
                              IT=    0  ITMX=   10
                              MDS=  1   ND=  50
   1     -0.1086592E-08 0.6505E-10 -0.1086592E-08 0.6505E-10  0.000    
   2     -0.1187992E-08 0.2193E-10 -0.1179188E-08 0.2008E-10  2.022    
   3     -0.1200131E-08 0.1519E-10 -0.1193013E-08 0.1192E-10  1.321    
   4     -0.1241348E-08 0.1640E-10 -0.1211243E-08 0.9579E-11  2.843    
   5     -0.1205944E-08 0.1498E-10 -0.1209659E-08 0.8055E-11  2.137    
   6     -0.1230576E-08 0.1404E-10 -0.1215134E-08 0.6965E-11  2.036    
   7     -0.1203664E-08 0.1371E-10 -0.1212747E-08 0.6206E-11  1.786    
   8     -0.1215680E-08 0.1355E-10 -0.1213270E-08 0.5638E-11  1.530    
   9     -0.1241029E-08 0.1427E-10 -0.1217256E-08 0.5239E-11  1.759    
  10     -0.1218934E-08 0.1474E-10 -0.1217449E-08 0.4936E-11  1.561    



 INPUT PARAMETERS FOR VEGAS:  NDIM=  6  NCALL=  488281250.
                              IT=    0  ITMX=   20
                              MDS= -1   ND=  25
   1     -0.1227717E-08 0.4884E-11 -0.1227717E-08 0.4884E-11  0.000    
   2     -0.1226771E-08 0.4958E-11 -0.1227252E-08 0.3479E-11 0.1848E-01
   3     -0.1221863E-08 0.4934E-11 -0.1225472E-08 0.2843E-11 0.4065    
   4     -0.1227445E-08 0.5003E-11 -0.1225955E-08 0.2472E-11 0.3100    
   5     -0.1223265E-08 0.4936E-11 -0.1225418E-08 0.2210E-11 0.2919    
   6     -0.1224829E-08 0.5020E-11 -0.1225322E-08 0.2023E-11 0.2358    
   7     -0.1210282E-08 0.1101E-10 -0.1224843E-08 0.1987E-11 0.4918    
   8     -0.1222401E-08 0.5252E-11 -0.1224537E-08 0.1859E-11 0.4486    
   9     -0.1222030E-08 0.4903E-11 -0.1224223E-08 0.1738E-11 0.4211    
  10     -0.1223296E-08 0.4972E-11 -0.1224122E-08 0.1641E-11 0.3777    
  11     -0.1222378E-08 0.4937E-11 -0.1223949E-08 0.1557E-11 0.3512    
  12     -0.1224628E-08 0.4993E-11 -0.1224009E-08 0.1486E-11 0.3208    
  13     -0.1222694E-08 0.4868E-11 -0.1223897E-08 0.1421E-11 0.2996    
  14     -0.1234016E-08 0.5009E-11 -0.1224664E-08 0.1367E-11 0.5712    
  15     -0.1223207E-08 0.4923E-11 -0.1224560E-08 0.1318E-11 0.5362    
  16     -0.1221267E-08 0.4943E-11 -0.1224342E-08 0.1273E-11 0.5281    
  17     -0.1224308E-08 0.5006E-11 -0.1224340E-08 0.1234E-11 0.4951    
  18     -0.1223576E-08 0.4959E-11 -0.1224295E-08 0.1197E-11 0.4673    
  19     -0.1218098E-08 0.5025E-11 -0.1223965E-08 0.1165E-11 0.5208    
  20     -0.1228351E-08 0.4904E-11 -0.1224201E-08 0.1133E-11 0.5333    
   
   
 Integral [real-dipole]:  -1.2242012320387151E-009 +-   1.1332076429960265E-012
 with chisq    =  0.53334943896287423     
  
  
  
 For xq =         2200 
  
 RM48 INITIALIZED:        40           0         0



 INPUT PARAMETERS FOR VEGAS:  NDIM=  6  NCALL=   48275138.
                              IT=    0  ITMX=   10
                              MDS=  1   ND=  50
   1     -0.4037369E-09 0.1366E-10 -0.4037369E-09 0.1366E-10  0.000    
   2     -0.4073259E-09 0.7169E-11 -0.4065614E-09 0.6331E-11 0.5387E-01
   3     -0.4198162E-09 0.5659E-11 -0.4141554E-09 0.4187E-11  1.252    
   4     -0.4177609E-09 0.4928E-11 -0.4156985E-09 0.3181E-11 0.9323    
   5     -0.4076136E-09 0.4767E-11 -0.4132463E-09 0.2649E-11  1.194    
   6     -0.4067111E-09 0.4793E-11 -0.4117430E-09 0.2320E-11  1.240    
   7     -0.4103736E-09 0.5059E-11 -0.4115051E-09 0.2109E-11  1.044    
   8     -0.4041781E-09 0.4853E-11 -0.4103713E-09 0.1935E-11  1.166    
   9     -0.4029673E-09 0.4594E-11 -0.4092864E-09 0.1785E-11  1.293    
  10     -0.4073118E-09 0.4669E-11 -0.4090365E-09 0.1667E-11  1.167    



 INPUT PARAMETERS FOR VEGAS:  NDIM=  6  NCALL=  488281250.
                              IT=    0  ITMX=   20
                              MDS= -1   ND=  25
   1     -0.4069990E-09 0.1597E-11 -0.4069990E-09 0.1597E-11  0.000    
   2     -0.4053509E-09 0.1597E-11 -0.4061784E-09 0.1129E-11 0.5326    
   3     -0.4082990E-09 0.1621E-11 -0.4068762E-09 0.9265E-12 0.8436    
   4     -0.4061571E-09 0.1762E-11 -0.4067209E-09 0.8201E-12 0.6063    
   5     -0.4066801E-09 0.1622E-11 -0.4067126E-09 0.7318E-12 0.4549    
   6     -0.4051166E-09 0.1707E-11 -0.4064663E-09 0.6725E-12 0.5113    
   7     -0.4063254E-09 0.1768E-11 -0.4064485E-09 0.6286E-12 0.4271    
   8     -0.4062756E-09 0.1644E-11 -0.4064265E-09 0.5871E-12 0.3675    
   9     -0.4087384E-09 0.1632E-11 -0.4066942E-09 0.5524E-12 0.5453    
  10     -0.4076306E-09 0.1620E-11 -0.4067922E-09 0.5229E-12 0.5179    
  11     -0.4080483E-09 0.1619E-11 -0.4069116E-09 0.4975E-12 0.5206    
  12     -0.4031373E-09 0.1604E-11 -0.4065860E-09 0.4752E-12 0.9260    
  13     -0.4065461E-09 0.1602E-11 -0.4065827E-09 0.4556E-12 0.8489    
  14     -0.4056361E-09 0.1677E-11 -0.4065179E-09 0.4397E-12 0.8066    
  15     -0.4067195E-09 0.1577E-11 -0.4065325E-09 0.4235E-12 0.7500    
  16     -0.4021040E-09 0.1894E-11 -0.4063259E-09 0.4133E-12  1.041    
  17     -0.4020290E-09 0.1589E-11 -0.4060588E-09 0.4000E-12  1.398    
  18     -0.4063984E-09 0.1626E-11 -0.4060782E-09 0.3884E-12  1.318    
  19     -0.4073753E-09 0.1608E-11 -0.4061502E-09 0.3775E-12  1.279    
  20     -0.4038942E-09 0.1750E-11 -0.4060509E-09 0.3690E-12  1.295    
   
   
 Integral [real-dipole]:  -4.0605087576730145E-010 +-   3.6901668337598502E-013
 with chisq    =   1.2948818525970469     
  
  
  
 For xq =         2500 
  
 RM48 INITIALIZED:        40           0         0



 INPUT PARAMETERS FOR VEGAS:  NDIM=  6  NCALL=   48275138.
                              IT=    0  ITMX=   10
                              MDS=  1   ND=  50
   1     -0.1501314E-09 0.5584E-11 -0.1501314E-09 0.5584E-11  0.000    
   2     -0.1408198E-09 0.2081E-11 -0.1420894E-09 0.1999E-11  2.555    
   3     -0.1443719E-09 0.1886E-11 -0.1432876E-09 0.1374E-11  1.628    
   4     -0.1427076E-09 0.1808E-11 -0.1430798E-09 0.1096E-11  1.116    
   5     -0.1444674E-09 0.1721E-11 -0.1434800E-09 0.9247E-12 0.9528    
   6     -0.1426699E-09 0.1731E-11 -0.1433037E-09 0.8162E-12 0.7991    
   7     -0.1427071E-09 0.1782E-11 -0.1432020E-09 0.7423E-12 0.6831    
   8     -0.1430290E-09 0.1719E-11 -0.1431752E-09 0.6816E-12 0.5877    
   9     -0.1445366E-09 0.1885E-11 -0.1433338E-09 0.6410E-12 0.5718    
  10     -0.1380900E-09 0.1761E-11 -0.1427637E-09 0.6027E-12  1.327    



 INPUT PARAMETERS FOR VEGAS:  NDIM=  6  NCALL=  488281250.
                              IT=    0  ITMX=   20
                              MDS= -1   ND=  25
   1     -0.1426102E-09 0.5796E-12 -0.1426102E-09 0.5796E-12  0.000    
   2     -0.1441384E-09 0.5834E-12 -0.1433774E-09 0.4112E-12  3.453    
   3     -0.1435337E-09 0.5776E-12 -0.1434301E-09 0.3350E-12  1.750    
   4     -0.1443402E-09 0.5824E-12 -0.1436585E-09 0.2904E-12  1.778    
   5     -0.1444647E-09 0.5840E-12 -0.1438197E-09 0.2600E-12  1.715    
   6     -0.1440984E-09 0.5746E-12 -0.1438673E-09 0.2369E-12  1.411    
   7     -0.1432791E-09 0.5866E-12 -0.1437854E-09 0.2197E-12  1.320    
   8     -0.1438343E-09 0.6132E-12 -0.1437909E-09 0.2068E-12  1.132    
   9     -0.1443747E-09 0.5901E-12 -0.1438552E-09 0.1952E-12  1.099    
  10     -0.1435406E-09 0.5988E-12 -0.1438252E-09 0.1855E-12  1.005    
  11     -0.1454061E-09 0.5776E-12 -0.1439760E-09 0.1766E-12  1.594    
  12     -0.1444343E-09 0.5851E-12 -0.1440145E-09 0.1691E-12  1.500    
  13     -0.1441262E-09 0.5697E-12 -0.1440236E-09 0.1621E-12  1.378    
  14     -0.1445888E-09 0.6235E-12 -0.1440596E-09 0.1569E-12  1.331    
  15     -0.1441120E-09 0.5877E-12 -0.1440631E-09 0.1516E-12  1.236    
  16     -0.1433561E-09 0.5748E-12 -0.1440176E-09 0.1466E-12  1.248    
  17     -0.1423474E-09 0.5746E-12 -0.1439177E-09 0.1420E-12  1.657    
  18     -0.1444539E-09 0.5888E-12 -0.1439474E-09 0.1381E-12  1.605    
  19     -0.1441138E-09 0.5996E-12 -0.1439558E-09 0.1346E-12  1.520    
  20     -0.1441242E-09 0.8228E-12 -0.1439602E-09 0.1328E-12  1.442    
   
   
 Integral [real-dipole]:  -1.4396020808422710E-010 +-   1.3279892371873877E-013
 with chisq    =   1.4420651684195114     
  
  
  
 For xq =         2800 
  
 RM48 INITIALIZED:        40           0         0



 INPUT PARAMETERS FOR VEGAS:  NDIM=  6  NCALL=   48275138.
                              IT=    0  ITMX=   10
                              MDS=  1   ND=  50
   1     -0.5040534E-10 0.2144E-11 -0.5040534E-10 0.2144E-11  0.000    
   2     -0.5360494E-10 0.8107E-12 -0.5324592E-10 0.7414E-12  1.855    
   3     -0.5428121E-10 0.7378E-12 -0.5378800E-10 0.5192E-12  1.397    
   4     -0.5278347E-10 0.6762E-12 -0.5341549E-10 0.4118E-12  1.394    
   5     -0.5355168E-10 0.6549E-12 -0.5345488E-10 0.3482E-12  1.047    
   6     -0.5429004E-10 0.6375E-12 -0.5365433E-10 0.3051E-12  1.103    
   7     -0.5359394E-10 0.6983E-12 -0.5364451E-10 0.2795E-12 0.9182    
   8     -0.5369444E-10 0.6959E-12 -0.5365156E-10 0.2594E-12 0.7860    
   9     -0.5253819E-10 0.7029E-12 -0.5352143E-10 0.2434E-12 0.9599    
  10     -0.5452643E-10 0.6890E-12 -0.5363786E-10 0.2294E-12  1.067    



 INPUT PARAMETERS FOR VEGAS:  NDIM=  6  NCALL=  488281250.
                              IT=    0  ITMX=   20
                              MDS= -1   ND=  25
   1     -0.5371933E-10 0.2598E-12 -0.5371933E-10 0.2598E-12  0.000    
   2     -0.5350415E-10 0.2223E-12 -0.5359552E-10 0.1690E-12 0.3963    
   3     -0.5383263E-10 0.2171E-12 -0.5368543E-10 0.1333E-12 0.5700    
   4     -0.5404705E-10 0.2325E-12 -0.5377581E-10 0.1156E-12 0.9898    
   5     -0.5364043E-10 0.2192E-12 -0.5374645E-10 0.1023E-12 0.8175    
   6     -0.5333298E-10 0.2967E-12 -0.5370313E-10 0.9665E-13 0.9989    
   7     -0.5379023E-10 0.2312E-12 -0.5371613E-10 0.8917E-13 0.8521    
   8     -0.5404742E-10 0.2235E-12 -0.5376213E-10 0.8282E-13  1.002    
   9     -0.5366097E-10 0.2328E-12 -0.5375079E-10 0.7803E-13 0.8984    
  10     -0.5341693E-10 0.2199E-12 -0.5371385E-10 0.7354E-13  1.025    
  11     -0.5347096E-10 0.2169E-12 -0.5368900E-10 0.6965E-13  1.035    
  12     -0.5395877E-10 0.2199E-12 -0.5371383E-10 0.6640E-13  1.065    
  13     -0.5395542E-10 0.2325E-12 -0.5373220E-10 0.6385E-13  1.060    
  14     -0.5367526E-10 0.2218E-12 -0.5372785E-10 0.6136E-13 0.9829    
  15     -0.5402942E-10 0.2194E-12 -0.5374996E-10 0.5909E-13  1.038    
  16     -0.5359471E-10 0.2193E-12 -0.5373950E-10 0.5705E-13  1.001    
  17     -0.5361646E-10 0.2210E-12 -0.5373184E-10 0.5524E-13 0.9563    
  18     -0.5314557E-10 0.2172E-12 -0.5369694E-10 0.5354E-13  1.296    
  19     -0.5361760E-10 0.2217E-12 -0.5369258E-10 0.5204E-13  1.231    
  20     -0.5336775E-10 0.2304E-12 -0.5367698E-10 0.5076E-13  1.265    
   
   
 Integral [real-dipole]:  -5.3676983345384624E-011 +-   5.0764656306642399E-014
 with chisq    =   1.2653164255575629     
  
  
  
 For xq =         3100 
  
 RM48 INITIALIZED:        40           0         0



 INPUT PARAMETERS FOR VEGAS:  NDIM=  6  NCALL=   48275138.
                              IT=    0  ITMX=   10
                              MDS=  1   ND=  50
   1     -0.2135416E-10 0.8542E-12 -0.2135416E-10 0.8542E-12  0.000    
   2     -0.2066401E-10 0.3631E-12 -0.2077566E-10 0.3381E-12 0.5651    
   3     -0.2043612E-10 0.2822E-12 -0.2058014E-10 0.2182E-12 0.5835    
   4     -0.2063237E-10 0.2582E-12 -0.2060167E-10 0.1669E-12 0.3987    
   5     -0.2089933E-10 0.2534E-12 -0.2069251E-10 0.1393E-12 0.5403    
   6     -0.2115864E-10 0.6005E-12 -0.2071709E-10 0.1360E-12 0.5472    
   7     -0.2102053E-10 0.4666E-12 -0.2074118E-10 0.1306E-12 0.5207    
   8     -0.2061410E-10 0.2888E-12 -0.2072006E-10 0.1191E-12 0.4703    
   9     -0.2079122E-10 0.2653E-12 -0.2073194E-10 0.1086E-12 0.4193    
  10     -0.2048578E-10 0.2540E-12 -0.2069497E-10 0.9998E-13 0.4599    



 INPUT PARAMETERS FOR VEGAS:  NDIM=  6  NCALL=  488281250.
                              IT=    0  ITMX=   20
                              MDS= -1   ND=  25
   1     -0.2066521E-10 0.8443E-13 -0.2066521E-10 0.8443E-13  0.000    
   2     -0.2056787E-10 0.8522E-13 -0.2061723E-10 0.5998E-13 0.6583    
   3     -0.2070468E-10 0.8500E-13 -0.2064646E-10 0.4901E-13 0.6826    
   4     -0.2052444E-10 0.8511E-13 -0.2061635E-10 0.4247E-13 0.9679    
   5     -0.2075192E-10 0.8488E-13 -0.2064378E-10 0.3798E-13  1.238    
   6     -0.2065038E-10 0.8997E-13 -0.2064478E-10 0.3499E-13 0.9913    
   7     -0.2062007E-10 0.8574E-13 -0.2064126E-10 0.3240E-13 0.8382    
   8     -0.2065315E-10 0.8458E-13 -0.2064278E-10 0.3025E-13 0.7208    
   9     -0.2077334E-10 0.8861E-13 -0.2065657E-10 0.2863E-13 0.8753    
  10     -0.2066813E-10 0.8471E-13 -0.2065775E-10 0.2712E-13 0.7798    
  11     -0.2076303E-10 0.8587E-13 -0.2066739E-10 0.2586E-13 0.8390    
  12     -0.2076385E-10 0.8676E-13 -0.2067533E-10 0.2479E-13 0.8661    
  13     -0.2049221E-10 0.8656E-13 -0.2066168E-10 0.2383E-13  1.135    
  14     -0.2068243E-10 0.8449E-13 -0.2066321E-10 0.2293E-13  1.051    
  15     -0.2065037E-10 0.8476E-13 -0.2066234E-10 0.2214E-13 0.9779    
  16     -0.2058826E-10 0.8903E-13 -0.2065805E-10 0.2148E-13 0.9563    
  17     -0.2067906E-10 0.9375E-13 -0.2065910E-10 0.2094E-13 0.8994    
  18     -0.2055815E-10 0.8584E-13 -0.2065349E-10 0.2034E-13 0.9231    
  19     -0.2069641E-10 0.8452E-13 -0.2065585E-10 0.1978E-13 0.8852    
  20     -0.2061355E-10 0.8895E-13 -0.2065386E-10 0.1931E-13 0.8501    
   
   
 Integral [real-dipole]:  -2.0653860365590850E-011 +-   1.9307790359090209E-014
 with chisq    =  0.85011227208038098     
  
  
  
 For xq =         3400 
  
 RM48 INITIALIZED:        40           0         0



 INPUT PARAMETERS FOR VEGAS:  NDIM=  6  NCALL=   48275138.
                              IT=    0  ITMX=   10
                              MDS=  1   ND=  50
   1     -0.8583202E-11 0.3647E-12 -0.8583202E-11 0.3647E-12  0.000    
   2     -0.7589116E-11 0.8377E-12 -0.8454882E-11 0.3213E-12  1.076    
   3     -0.8316181E-11 0.3035E-12 -0.8379773E-11 0.2195E-12 0.5782    
   4     -0.8357864E-11 0.1374E-12 -0.8363836E-11 0.1152E-12 0.3835    
   5     -0.8150903E-11 0.1089E-12 -0.8252243E-11 0.7937E-13 0.7374    
   6     -0.8159260E-11 0.1016E-12 -0.8217254E-11 0.6262E-13 0.6946    
   7     -0.8163536E-11 0.9842E-13 -0.8201869E-11 0.5287E-13 0.6147    
   8     -0.8090413E-11 0.9954E-13 -0.8177830E-11 0.4675E-13 0.6659    
   9     -0.8044836E-11 0.9833E-13 -0.8153975E-11 0.4227E-13 0.7670    
  10     -0.8239814E-11 0.1027E-12 -0.8166613E-11 0.3907E-13 0.7478    



 INPUT PARAMETERS FOR VEGAS:  NDIM=  6  NCALL=  488281250.
                              IT=    0  ITMX=   20
                              MDS= -1   ND=  25
   1     -0.8168384E-11 0.4904E-13 -0.8168384E-11 0.4904E-13  0.000    
   2     -0.8142711E-11 0.3594E-13 -0.8151718E-11 0.2900E-13 0.1785    
   3     -0.8110679E-11 0.3626E-13 -0.8135817E-11 0.2266E-13 0.4789    
   4     -0.8122487E-11 0.3687E-13 -0.8132174E-11 0.1930E-13 0.3512    
   5     -0.8112056E-11 0.3591E-13 -0.8127686E-11 0.1700E-13 0.3244    
   6     -0.8160209E-11 0.3736E-13 -0.8133300E-11 0.1548E-13 0.3853    
   7     -0.8126420E-11 0.3542E-13 -0.8132199E-11 0.1418E-13 0.3265    
   8     -0.8201436E-11 0.5342E-13 -0.8136829E-11 0.1371E-13 0.5064    
   9     -0.8157048E-11 0.3609E-13 -0.8139387E-11 0.1282E-13 0.4773    
  10     -0.8111286E-11 0.5691E-13 -0.8138041E-11 0.1250E-13 0.4503    
  11     -0.8171044E-11 0.3695E-13 -0.8141453E-11 0.1184E-13 0.4769    
  12     -0.8166844E-11 0.3550E-13 -0.8144009E-11 0.1123E-13 0.4754    
  13     -0.8116872E-11 0.3602E-13 -0.8141619E-11 0.1073E-13 0.4789    
  14     -0.8116695E-11 0.3571E-13 -0.8139569E-11 0.1027E-13 0.4765    
  15     -0.8097045E-11 0.3500E-13 -0.8136231E-11 0.9857E-14 0.5389    
  16     -0.8157297E-11 0.3667E-13 -0.8137657E-11 0.9519E-14 0.5234    
  17     -0.8104765E-11 0.3585E-13 -0.8135508E-11 0.9201E-14 0.5397    
  18     -0.8209947E-11 0.3585E-13 -0.8140184E-11 0.8911E-14 0.7491    
  19     -0.8159403E-11 0.3627E-13 -0.8141283E-11 0.8654E-14 0.7221    
  20     -0.8086990E-11 0.3554E-13 -0.8138283E-11 0.8409E-14 0.7991    
   
   
 Integral [real-dipole]:  -8.1382832548029352E-012 +-   8.4085362350228847E-015
 with chisq    =  0.79913073163728543     
  
  
  
 For xq =         3700 
  
 RM48 INITIALIZED:        40           0         0



 INPUT PARAMETERS FOR VEGAS:  NDIM=  6  NCALL=   48275138.
                              IT=    0  ITMX=   10
                              MDS=  1   ND=  50
   1     -0.3561037E-11 0.3793E-12 -0.3561037E-11 0.3793E-12  0.000    
   2     -0.3314713E-11 0.1100E-12 -0.3336521E-11 0.1090E-12 0.4120    
   3     -0.3243027E-11 0.5734E-13 -0.3265223E-11 0.5212E-13 0.5052    
   4     -0.3247227E-11 0.4569E-13 -0.3255391E-11 0.3478E-13 0.3653    
   5     -0.3302830E-11 0.4299E-13 -0.3273874E-11 0.2710E-13 0.4575    
   6     -0.3233684E-11 0.4038E-13 -0.3261920E-11 0.2260E-13 0.5018    
   7     -0.3209689E-11 0.4006E-13 -0.3249935E-11 0.1975E-13 0.6282    
   8     -0.3218549E-11 0.4049E-13 -0.3244153E-11 0.1778E-13 0.6088    
   9     -0.3250576E-11 0.4016E-13 -0.3245183E-11 0.1627E-13 0.5368    
  10     -0.3320046E-11 0.4094E-13 -0.3255562E-11 0.1511E-13 0.8018    



 INPUT PARAMETERS FOR VEGAS:  NDIM=  6  NCALL=  488281250.
                              IT=    0  ITMX=   20
                              MDS= -1   ND=  25
   1     -0.3243257E-11 0.1427E-13 -0.3243257E-11 0.1427E-13  0.000    
   2     -0.3241699E-11 0.1550E-13 -0.3242542E-11 0.1050E-13 0.5469E-02
   3     -0.3283766E-11 0.1426E-13 -0.3257263E-11 0.8453E-14  2.733    
   4     -0.3251543E-11 0.1470E-13 -0.3255845E-11 0.7328E-14  1.861    
   5     -0.3272232E-11 0.1414E-13 -0.3259343E-11 0.6506E-14  1.659    
   6     -0.3232693E-11 0.1414E-13 -0.3254749E-11 0.5911E-14  1.911    
   7     -0.3237507E-11 0.1392E-13 -0.3252137E-11 0.5441E-14  1.810    
   8     -0.3241711E-11 0.1405E-13 -0.3250785E-11 0.5074E-14  1.621    
   9     -0.3255147E-11 0.1521E-13 -0.3251223E-11 0.4813E-14  1.427    
  10     -0.3266281E-11 0.1404E-13 -0.3252821E-11 0.4553E-14  1.382    
  11     -0.3246047E-11 0.1402E-13 -0.3252176E-11 0.4330E-14  1.266    
  12     -0.3254822E-11 0.1453E-13 -0.3252393E-11 0.4150E-14  1.153    
  13     -0.3274452E-11 0.1405E-13 -0.3254185E-11 0.3980E-14  1.247    
  14     -0.3266446E-11 0.1408E-13 -0.3255099E-11 0.3830E-14  1.205    
  15     -0.3252135E-11 0.1488E-13 -0.3254915E-11 0.3709E-14  1.122    
  16     -0.3245432E-11 0.1387E-13 -0.3254285E-11 0.3583E-14  1.076    
  17     -0.3252270E-11 0.1422E-13 -0.3254165E-11 0.3474E-14  1.010    
  18     -0.3225212E-11 0.1418E-13 -0.3252554E-11 0.3375E-14  1.179    
  19     -0.3226360E-11 0.1421E-13 -0.3251176E-11 0.3283E-14  1.291    
  20     -0.3244285E-11 0.1462E-13 -0.3250847E-11 0.3203E-14  1.234    
   
   
 Integral [real-dipole]:  -3.2508469561434763E-012 +-   3.2034840110727899E-015
 with chisq    =   1.2342722360186766     
  
  
  
 For xq =         4000 
  
 RM48 INITIALIZED:        40           0         0



 INPUT PARAMETERS FOR VEGAS:  NDIM=  6  NCALL=   48275138.
                              IT=    0  ITMX=   10
                              MDS=  1   ND=  50
   1     -0.1281830E-11 0.4803E-13 -0.1281830E-11 0.4803E-13  0.000    
   2     -0.1332199E-11 0.2094E-13 -0.1324663E-11 0.1895E-13 0.8992    
   3     -0.1279678E-11 0.1988E-13 -0.1303725E-11 0.1376E-13  1.786    
   4     -0.1309868E-11 0.1806E-13 -0.1306007E-11 0.1093E-13  1.210    
   5     -0.1325129E-11 0.1705E-13 -0.1311723E-11 0.9186E-14  1.128    
   6     -0.1300603E-11 0.1672E-13 -0.1309160E-11 0.8053E-14 0.9712    
   7     -0.1325303E-11 0.1644E-13 -0.1312361E-11 0.7226E-14 0.9379    
   8     -0.1321709E-11 0.1631E-13 -0.1313922E-11 0.6604E-14 0.8416    
   9     -0.1338588E-11 0.1666E-13 -0.1317400E-11 0.6136E-14 0.9775    
  10     -0.1311958E-11 0.1657E-13 -0.1316745E-11 0.5754E-14 0.8795    



 INPUT PARAMETERS FOR VEGAS:  NDIM=  6  NCALL=  488281250.
                              IT=    0  ITMX=   20
                              MDS= -1   ND=  25
   1     -0.1312585E-11 0.5639E-14 -0.1312585E-11 0.5639E-14  0.000    
   2     -0.1317293E-11 0.6159E-14 -0.1314740E-11 0.4160E-14 0.3180    
   3     -0.1318736E-11 0.5764E-14 -0.1316114E-11 0.3373E-14 0.3170    
   4     -0.1317738E-11 0.5757E-14 -0.1316530E-11 0.2910E-14 0.2310    
   5     -0.1306996E-11 0.5876E-14 -0.1314674E-11 0.2608E-14 0.6976    
   6     -0.1314584E-11 0.5676E-14 -0.1314658E-11 0.2370E-14 0.5582    
   7     -0.1311507E-11 0.5864E-14 -0.1314218E-11 0.2197E-14 0.5067    
   8     -0.1314606E-11 0.5720E-14 -0.1314268E-11 0.2051E-14 0.4348    
   9     -0.1322513E-11 0.5627E-14 -0.1315245E-11 0.1927E-14 0.6192    
  10     -0.1310612E-11 0.5593E-14 -0.1314757E-11 0.1822E-14 0.6185    
  11     -0.1310918E-11 0.5763E-14 -0.1314410E-11 0.1737E-14 0.5971    
  12     -0.1318307E-11 0.5947E-14 -0.1314718E-11 0.1667E-14 0.5787    
  13     -0.1322056E-11 0.5717E-14 -0.1315299E-11 0.1601E-14 0.6577    
  14     -0.1316713E-11 0.5741E-14 -0.1315401E-11 0.1542E-14 0.6114    
  15     -0.1308190E-11 0.5770E-14 -0.1314925E-11 0.1490E-14 0.6713    
  16     -0.1316020E-11 0.5789E-14 -0.1314994E-11 0.1443E-14 0.6287    
  17     -0.1307749E-11 0.5839E-14 -0.1314581E-11 0.1401E-14 0.6796    
  18     -0.1321170E-11 0.5671E-14 -0.1314963E-11 0.1360E-14 0.7148    
  19     -0.1322623E-11 0.5890E-14 -0.1315355E-11 0.1325E-14 0.7648    
  20     -0.1312921E-11 0.5883E-14 -0.1315238E-11 0.1292E-14 0.7332    
   
   
 Integral [real-dipole]:  -1.3152382456641274E-012 +-   1.2924682083236759E-015
 with chisq    =  0.73320504711711965     
  
  
  
 For xq =         4300 
  
 RM48 INITIALIZED:        40           0         0



 INPUT PARAMETERS FOR VEGAS:  NDIM=  6  NCALL=   48275138.
                              IT=    0  ITMX=   10
                              MDS=  1   ND=  50
   1     -0.5091661E-12 0.2189E-13 -0.5091661E-12 0.2189E-13  0.000    
   2     -0.5286849E-12 0.7840E-14 -0.5266091E-12 0.7276E-14 0.6840    
   3     -0.5261122E-12 0.8990E-14 -0.5264092E-12 0.5651E-14 0.3398    
   4     -0.5392203E-12 0.8127E-14 -0.5307757E-12 0.4628E-14 0.7966    
   5     -0.5341764E-12 0.7152E-14 -0.5318014E-12 0.3880E-14 0.6342    
   6     -0.5404092E-12 0.6823E-14 -0.5339816E-12 0.3366E-14 0.7505    
   7     -0.5272182E-12 0.6668E-14 -0.5326182E-12 0.3006E-14 0.7621    
   8     -0.5314153E-12 0.6706E-14 -0.5324157E-12 0.2742E-14 0.6564    
   9     -0.5446621E-12 0.6927E-14 -0.5341571E-12 0.2548E-14 0.9229    
  10     -0.5350550E-12 0.6715E-14 -0.5342715E-12 0.2382E-14 0.8210    



 INPUT PARAMETERS FOR VEGAS:  NDIM=  6  NCALL=  488281250.
                              IT=    0  ITMX=   20
                              MDS= -1   ND=  25
   1     -0.5337338E-12 0.2443E-14 -0.5337338E-12 0.2443E-14  0.000    
   2     -0.5332529E-12 0.2377E-14 -0.5334869E-12 0.1704E-14 0.1990E-01
   3     -0.5335899E-12 0.2944E-14 -0.5335128E-12 0.1475E-14 0.1041E-01
   4     -0.5364796E-12 0.2424E-14 -0.5343204E-12 0.1260E-14 0.3732    
   5     -0.5325103E-12 0.2328E-14 -0.5339124E-12 0.1108E-14 0.3968    
   6     -0.5307921E-12 0.2390E-14 -0.5333656E-12 0.1005E-14 0.5966    
   7     -0.5358850E-12 0.2418E-14 -0.5337399E-12 0.9282E-15 0.6518    
   8     -0.5370749E-12 0.2359E-14 -0.5341919E-12 0.8637E-15 0.8074    
   9     -0.5361322E-12 0.2350E-14 -0.5344243E-12 0.8106E-15 0.7814    
  10     -0.5309828E-12 0.2320E-14 -0.5340541E-12 0.7653E-15 0.9111    
  11     -0.5315202E-12 0.2345E-14 -0.5338124E-12 0.7276E-15 0.9254    
  12     -0.5319797E-12 0.2318E-14 -0.5336490E-12 0.6942E-15 0.8932    
  13     -0.5346281E-12 0.2382E-14 -0.5337259E-12 0.6665E-15 0.8316    
  14     -0.5387151E-12 0.2457E-14 -0.5340739E-12 0.6432E-15  1.067    
  15     -0.5396240E-12 0.2836E-14 -0.5343507E-12 0.6274E-15  1.254    
  16     -0.5347352E-12 0.2404E-14 -0.5343753E-12 0.6071E-15  1.172    
  17     -0.5324362E-12 0.2369E-14 -0.5342566E-12 0.5881E-15  1.138    
  18     -0.5329657E-12 0.2367E-14 -0.5341820E-12 0.5707E-15  1.088    
  19     -0.5329642E-12 0.2340E-14 -0.5341139E-12 0.5545E-15  1.042    
  20     -0.5393029E-12 0.2367E-14 -0.5343888E-12 0.5399E-15  1.230    
   
   
 Integral [real-dipole]:  -5.3438882451116336E-013 +-   5.3985928076342132E-016
 with chisq    =   1.2302156600758831     
  
  
  
 For xq =         4600 
  
 RM48 INITIALIZED:        40           0         0



 INPUT PARAMETERS FOR VEGAS:  NDIM=  6  NCALL=   48275138.
                              IT=    0  ITMX=   10
                              MDS=  1   ND=  50
   1     -0.2148327E-12 0.9025E-14 -0.2148327E-12 0.9025E-14  0.000    
   2     -0.2147489E-12 0.3652E-14 -0.2147607E-12 0.3386E-14 0.7415E-04
   3     -0.2175211E-12 0.3879E-14 -0.2159714E-12 0.2548E-14 0.1446    
   4     -0.2134915E-12 0.3231E-14 -0.2150326E-12 0.2003E-14 0.2170    
   5     -0.2089783E-12 0.3333E-14 -0.2134940E-12 0.1720E-14 0.7516    
   6     -0.2152268E-12 0.3157E-14 -0.2138944E-12 0.1510E-14 0.6469    
   7     -0.2204275E-12 0.2780E-14 -0.2154505E-12 0.1324E-14  1.271    
   8     -0.2191243E-12 0.3343E-14 -0.2159647E-12 0.1230E-14  1.238    
   9     -0.2127370E-12 0.3026E-14 -0.2155172E-12 0.1140E-14  1.206    
  10     -0.2206436E-12 0.2823E-14 -0.2162671E-12 0.1056E-14  1.393    



 INPUT PARAMETERS FOR VEGAS:  NDIM=  6  NCALL=  488281250.
                              IT=    0  ITMX=   20
                              MDS= -1   ND=  25
   1     -0.2156190E-12 0.9533E-15 -0.2156190E-12 0.9533E-15  0.000    
   2     -0.2168944E-12 0.9755E-15 -0.2162458E-12 0.6819E-15 0.8743    
   3     -0.2174398E-12 0.9706E-15 -0.2166432E-12 0.5580E-15 0.9440    
   4     -0.2152008E-12 0.9320E-15 -0.2162664E-12 0.4788E-15  1.215    
   5     -0.2138380E-12 0.9517E-15 -0.2157848E-12 0.4277E-15  2.197    
   6     -0.2177940E-12 0.9446E-15 -0.2161319E-12 0.3896E-15  2.512    
   7     -0.2148724E-12 0.9179E-15 -0.2159415E-12 0.3587E-15  2.361    
   8     -0.2157516E-12 0.9121E-15 -0.2159161E-12 0.3338E-15  2.029    
   9     -0.2151251E-12 0.9232E-15 -0.2158253E-12 0.3139E-15  1.858    
  10     -0.2160187E-12 0.9511E-15 -0.2158443E-12 0.2981E-15  1.655    
  11     -0.2164461E-12 0.9229E-15 -0.2159014E-12 0.2837E-15  1.528    
  12     -0.2178041E-12 0.9339E-15 -0.2160647E-12 0.2714E-15  1.737    
  13     -0.2161396E-12 0.9492E-15 -0.2160704E-12 0.2610E-15  1.593    
  14     -0.2173287E-12 0.9336E-15 -0.2161626E-12 0.2513E-15  1.600    
  15     -0.2166571E-12 0.9354E-15 -0.2161960E-12 0.2427E-15  1.504    
  16     -0.2115467E-12 0.4058E-14 -0.2161801E-12 0.2420E-15  1.491    
  17     -0.2172597E-12 0.9445E-15 -0.2162474E-12 0.2344E-15  1.474    
  18     -0.2170920E-12 0.9717E-15 -0.2162943E-12 0.2279E-15  1.429    
  19     -0.2168212E-12 0.9847E-15 -0.2163213E-12 0.2220E-15  1.365    
  20     -0.2172105E-12 0.9310E-15 -0.2163696E-12 0.2159E-15  1.338    
   
   
 Integral [real-dipole]:  -2.1636956647056276E-013 +-   2.1594129522658321E-016
 with chisq    =   1.3379443408489589     
  
  
  
 For xq =         4900 
  
 RM48 INITIALIZED:        40           0         0



 INPUT PARAMETERS FOR VEGAS:  NDIM=  6  NCALL=   48275138.
                              IT=    0  ITMX=   10
                              MDS=  1   ND=  50
   1     -0.8279398E-13 0.4102E-14 -0.8279398E-13 0.4102E-14  0.000    
   2     -0.8756809E-13 0.1437E-14 -0.8709611E-13 0.1328E-14  1.152    
   3     -0.8534328E-13 0.1155E-14 -0.8609701E-13 0.8710E-15  1.072    
   4     -0.8812751E-13 0.1129E-14 -0.8688630E-13 0.6868E-15  1.395    
   5     -0.8898445E-13 0.1134E-14 -0.8747830E-13 0.5860E-15  1.681    
   6     -0.8915524E-13 0.1125E-14 -0.8785275E-13 0.5190E-15  1.693    
   7     -0.8809058E-13 0.1120E-14 -0.8789564E-13 0.4707E-15  1.412    
   8     -0.8729097E-13 0.1105E-14 -0.8780252E-13 0.4330E-15  1.246    
   9     -0.8662738E-13 0.1134E-14 -0.8765455E-13 0.4046E-15  1.208    
  10     -0.8769159E-13 0.1168E-14 -0.8765856E-13 0.3823E-15  1.073    



 INPUT PARAMETERS FOR VEGAS:  NDIM=  6  NCALL=  488281250.
                              IT=    0  ITMX=   20
                              MDS= -1   ND=  25
   1     -0.8705240E-13 0.4074E-15 -0.8705240E-13 0.4074E-15  0.000    
   2     -0.8699985E-13 0.4211E-15 -0.8702701E-13 0.2928E-15 0.8044E-02
   3     -0.8740690E-13 0.4249E-15 -0.8715004E-13 0.2411E-15 0.2758    
   4     -0.8770957E-13 0.4136E-15 -0.8729332E-13 0.2083E-15 0.6415    
   5     -0.8815678E-13 0.4034E-15 -0.8747791E-13 0.1851E-15  1.394    
   6     -0.8771974E-13 0.4553E-15 -0.8751237E-13 0.1715E-15  1.163    
   7     -0.8739078E-13 0.4158E-15 -0.8749474E-13 0.1585E-15 0.9814    
   8     -0.8779237E-13 0.4105E-15 -0.8753360E-13 0.1479E-15 0.9062    
   9     -0.8724287E-13 0.4073E-15 -0.8749995E-13 0.1390E-15 0.8495    
  10     -0.8695620E-13 0.4608E-15 -0.8745511E-13 0.1331E-15 0.8964    
  11     -0.8738299E-13 0.4070E-15 -0.8744815E-13 0.1265E-15 0.8097    
  12     -0.8714132E-13 0.4018E-15 -0.8742066E-13 0.1206E-15 0.7845    
  13     -0.8753912E-13 0.3997E-15 -0.8743058E-13 0.1155E-15 0.7257    
  14     -0.8687333E-13 0.4061E-15 -0.8738936E-13 0.1111E-15 0.8031    
  15     -0.8736966E-13 0.4090E-15 -0.8738801E-13 0.1072E-15 0.7459    
  16     -0.8723045E-13 0.4088E-15 -0.8737791E-13 0.1037E-15 0.7055    
  17     -0.8724298E-13 0.4087E-15 -0.8736977E-13 0.1005E-15 0.6679    
  18     -0.8750896E-13 0.4074E-15 -0.8737778E-13 0.9759E-16 0.6350    
  19     -0.8724958E-13 0.4257E-15 -0.8737140E-13 0.9512E-16 0.6046    
  20     -0.8750560E-13 0.4083E-15 -0.8737832E-13 0.9264E-16 0.5781    
   
   
 Integral [real-dipole]:  -8.7378324701596229E-014 +-   9.2637723289368910E-017
 with chisq    =  0.57810112282190540     
  
  
  
    xq         Integral [real-dipole]                 error
    100     -0.346652163426757E-02      0.124205733984620E-05
    400     -0.809088547576889E-05      0.467154436525675E-08
    700     -0.509065961146467E-06      0.352082453429689E-09
   1000     -0.733815667253674E-07      0.559249640650283E-10
   1300     -0.154440806202668E-07      0.126652383625836E-10
   1600     -0.405641896683481E-08      0.350710636704339E-11
   1900     -0.122420123203872E-08      0.113320764299603E-11
   2200     -0.406050875767301E-09      0.369016683375985E-12
   2500     -0.143960208084227E-09      0.132798923718739E-12
   2800     -0.536769833453846E-10      0.507646563066424E-13
   3100     -0.206538603655909E-10      0.193077903590902E-13
   3400     -0.813828325480294E-11      0.840853623502288E-14
   3700     -0.325084695614348E-11      0.320348401107279E-14
   4000     -0.131523824566413E-11      0.129246820832368E-14
   4300     -0.534388824511163E-12      0.539859280763421E-15
   4600     -0.216369566470563E-12      0.215941295226583E-15
   4900     -0.873783247015962E-13      0.926377232893689E-16
Thanks for using LHAPDF 6.5.4. Please make sure to cite the paper:
  Eur.Phys.J. C75 (2015) 3, 132  (http://arxiv.org/abs/1412.7420)
 Directory not found ../summary/run_01                                                                                   
 Making new directory..
/home/niraj/OneDrive/WorkSpaceIITG/Generalfiles/integrators/DrellYan/summary/run_01
 Directory constructed successfully
  
 Writing your data in ../summary/run_01/real.dat
LHAPDF 6.5.4 loading /home/niraj/1TB-Disc/Workspace-IITG/Packages/Install/LHAPDF-6.5.4/install/share/LHAPDF/MMHT2014nlo68cl/MMHT2014nlo68cl_0000.dat
MMHT2014nlo68cl PDF set, member #0, version 3; LHAPDF ID = 25100
   
   ----------------------------------
   |Initializing Dipole Subtraction  |
   ----------------------------------
  
  
  
 ~~~~~~~~~~~~~~~~~~~~~~~~~~~~~~~~~~~~~~~~
Using Vegas points:                   5.E+07
         Iteration:                   10
 ~~~~~~~~~~~~~~~~~~~~~~~~~~~~~~~~~~~~~~~~
  
 For xq =          100 
  
 RM48 INITIALIZED:        40           0         0



 INPUT PARAMETERS FOR VEGAS:  NDIM=  6  NCALL=   48275138.
                              IT=    0  ITMX=   10
                              MDS=  1   ND=  50
   1     -0.1952195     0.1148E-01 -0.1952195     0.1148E-01  0.000    
   2     -0.1796372     0.2595E-02 -0.1805242     0.2632E-02  1.881    
   3     -0.1872283     0.2269E-02 -0.1843636     0.1719E-02  2.802    
   4     -0.1821625     0.1370E-02 -0.1830471     0.1082E-02  2.226    
   5     -0.1850879     0.9663E-03 -0.1841769     0.7223E-03  2.166    
   6     -0.1837645     0.9181E-03 -0.1840215     0.5691E-03  1.765    
   7     -0.1844352     0.8924E-03 -0.1841401     0.4803E-03  1.498    
   8     -0.1848631     0.8696E-03 -0.1843083     0.4206E-03  1.361    
   9     -0.1854052     0.8782E-03 -0.1845131     0.3793E-03  1.349    
  10     -0.1848227     0.8569E-03 -0.1845635     0.3469E-03  1.212    



 INPUT PARAMETERS FOR VEGAS:  NDIM=  6  NCALL=  488281250.
                              IT=    0  ITMX=   20
                              MDS= -1   ND=  25
   1     -0.1840910     0.2930E-03 -0.1840910     0.2930E-03  0.000    
   2     -0.1839056     0.2921E-03 -0.1839981     0.2069E-03 0.2009    
   3     -0.1840684     0.2882E-03 -0.1840220     0.1681E-03 0.1201    
   4     -0.1837485     0.2887E-03 -0.1839530     0.1452E-03 0.3031    
   5     -0.1841589     0.2939E-03 -0.1839935     0.1302E-03 0.3260    
   6     -0.1840493     0.2885E-03 -0.1840029     0.1187E-03 0.2670    
   7     -0.1837281     0.2905E-03 -0.1839637     0.1099E-03 0.3502    
   8     -0.1836315     0.3012E-03 -0.1839248     0.1032E-03 0.4532    
   9     -0.1835713     0.2973E-03 -0.1838869     0.9751E-04 0.5540    
  10     -0.1843817     0.2950E-03 -0.1839359     0.9258E-04 0.7751    
  11     -0.1839997     0.2908E-03 -0.1839418     0.8822E-04 0.7019    
  12     -0.1840170     0.2923E-03 -0.1839480     0.8446E-04 0.6436    
  13     -0.1844821     0.2894E-03 -0.1839902     0.8108E-04 0.8524    
  14     -0.1834552     0.2951E-03 -0.1839528     0.7818E-04  1.021    
  15     -0.1835724     0.2883E-03 -0.1839269     0.7545E-04  1.064    
  16     -0.1842350     0.2871E-03 -0.1839469     0.7298E-04  1.065    
  17     -0.1836389     0.3064E-03 -0.1839304     0.7099E-04  1.058    
  18     -0.1843215     0.2878E-03 -0.1839529     0.6892E-04  1.098    
  19     -0.1839890     0.2892E-03 -0.1839548     0.6705E-04  1.038    
  20     -0.1843847     0.2865E-03 -0.1839773     0.6528E-04  1.096    
   
   
 Integral [real-dipole]: -0.18397726107383747      +-   6.5282195566960822E-005
 with chisq    =   1.0960100995146520     
  
  
  
 For xq =          400 
  
 RM48 INITIALIZED:        40           0         0



 INPUT PARAMETERS FOR VEGAS:  NDIM=  6  NCALL=   48275138.
                              IT=    0  ITMX=   10
                              MDS=  1   ND=  50
   1     -0.5078453E-03 0.2805E-04 -0.5078453E-03 0.2805E-04  0.000    
   2     -0.5235195E-03 0.9196E-05 -0.5220793E-03 0.8633E-05 0.2750    
   3     -0.5197361E-03 0.6093E-05 -0.5205071E-03 0.4965E-05 0.1614    
   4     -0.5164055E-03 0.4848E-05 -0.5184102E-03 0.3470E-05 0.2240    
   5     -0.5215631E-03 0.4131E-05 -0.5197284E-03 0.2652E-05 0.2534    
   6     -0.5257652E-03 0.3935E-05 -0.5216535E-03 0.2194E-05 0.5305    
   7     -0.5145883E-03 0.3959E-05 -0.5200158E-03 0.1921E-05 0.8447    
   8     -0.5181189E-03 0.4063E-05 -0.5196698E-03 0.1737E-05 0.7496    
   9     -0.5311057E-03 0.4010E-05 -0.5215505E-03 0.1592E-05  1.539    
  10     -0.5153736E-03 0.3915E-05 -0.5206874E-03 0.1475E-05  1.605    



 INPUT PARAMETERS FOR VEGAS:  NDIM=  6  NCALL=  488281250.
                              IT=    0  ITMX=   20
                              MDS= -1   ND=  25
   1     -0.5206709E-03 0.1503E-05 -0.5206709E-03 0.1503E-05  0.000    
   2     -0.5169609E-03 0.1345E-05 -0.5186243E-03 0.1003E-05  3.387    
   3     -0.5178306E-03 0.1303E-05 -0.5183299E-03 0.7947E-06  1.812    
   4     -0.5195080E-03 0.1305E-05 -0.5186496E-03 0.6787E-06  1.405    
   5     -0.5209670E-03 0.1304E-05 -0.5191468E-03 0.6020E-06  1.676    
   6     -0.5188445E-03 0.1364E-05 -0.5190976E-03 0.5508E-06  1.350    
   7     -0.5204585E-03 0.1364E-05 -0.5192892E-03 0.5107E-06  1.267    
   8     -0.5189584E-03 0.1311E-05 -0.5192456E-03 0.4758E-06  1.094    
   9     -0.5211265E-03 0.1351E-05 -0.5194544E-03 0.4488E-06  1.173    
  10     -0.5192739E-03 0.1326E-05 -0.5194358E-03 0.4251E-06  1.045    
  11     -0.5187912E-03 0.1453E-05 -0.5193851E-03 0.4080E-06 0.9586    
  12     -0.5178684E-03 0.1305E-05 -0.5192509E-03 0.3895E-06 0.9832    
  13     -0.5175406E-03 0.1357E-05 -0.5191215E-03 0.3743E-06  1.023    
  14     -0.5181065E-03 0.1377E-05 -0.5190519E-03 0.3612E-06 0.9837    
  15     -0.5193302E-03 0.1304E-05 -0.5190718E-03 0.3481E-06 0.9164    
  16     -0.5198877E-03 0.1320E-05 -0.5191250E-03 0.3366E-06 0.8790    
  17     -0.5196340E-03 0.1301E-05 -0.5191570E-03 0.3259E-06 0.8329    
  18     -0.5194480E-03 0.1304E-05 -0.5191741E-03 0.3162E-06 0.7866    
  19     -0.5199806E-03 0.1331E-05 -0.5192173E-03 0.3076E-06 0.7622    
  20     -0.5179361E-03 0.1311E-05 -0.5191508E-03 0.2995E-06 0.7696    
   
   
 Integral [real-dipole]:  -5.1915076098237641E-004 +-   2.9948000742212486E-007
 with chisq    =  0.76963705966939322     
  
  
  
 For xq =          700 
  
 RM48 INITIALIZED:        40           0         0



 INPUT PARAMETERS FOR VEGAS:  NDIM=  6  NCALL=   48275138.
                              IT=    0  ITMX=   10
                              MDS=  1   ND=  50
   1     -0.3598412E-04 0.1291E-05 -0.3598412E-04 0.1291E-05  0.000    
   2     -0.3438984E-04 0.5214E-06 -0.3463155E-04 0.4915E-06  1.353    
   3     -0.3501955E-04 0.4211E-06 -0.3485437E-04 0.3202E-06 0.8585    
   4     -0.3474552E-04 0.3414E-06 -0.3480405E-04 0.2341E-06 0.5934    
   5     -0.3484238E-04 0.3225E-06 -0.3481718E-04 0.1896E-06 0.4484    
   6     -0.3462531E-04 0.3268E-06 -0.3476963E-04 0.1642E-06 0.4109    
   7     -0.3466062E-04 0.3159E-06 -0.3474675E-04 0.1458E-06 0.3587    
   8     -0.3510171E-04 0.3274E-06 -0.3480603E-04 0.1331E-06 0.4483    
   9     -0.3579562E-04 0.3340E-06 -0.3494758E-04 0.1236E-06  1.373    
  10     -0.3533012E-04 0.3201E-06 -0.3499796E-04 0.1153E-06  1.358    



 INPUT PARAMETERS FOR VEGAS:  NDIM=  6  NCALL=  488281250.
                              IT=    0  ITMX=   20
                              MDS= -1   ND=  25
   1     -0.3508622E-04 0.1217E-06 -0.3508622E-04 0.1217E-06  0.000    
   2     -0.3486737E-04 0.1058E-06 -0.3496219E-04 0.7988E-07  1.843    
   3     -0.3498854E-04 0.1052E-06 -0.3497183E-04 0.6362E-07 0.9413    
   4     -0.3510165E-04 0.1037E-06 -0.3500750E-04 0.5423E-07  1.007    
   5     -0.3523154E-04 0.1059E-06 -0.3505449E-04 0.4826E-07  1.646    
   6     -0.3505829E-04 0.1065E-06 -0.3505514E-04 0.4396E-07  1.317    
   7     -0.3486964E-04 0.1059E-06 -0.3502810E-04 0.4060E-07  1.533    
   8     -0.3481487E-04 0.1054E-06 -0.3500084E-04 0.3789E-07  1.820    
   9     -0.3483677E-04 0.1048E-06 -0.3498203E-04 0.3563E-07  1.863    
  10     -0.3503485E-04 0.1046E-06 -0.3498753E-04 0.3373E-07  1.681    
  11     -0.3476243E-04 0.1037E-06 -0.3496624E-04 0.3208E-07  1.937    
  12     -0.3493795E-04 0.1037E-06 -0.3496377E-04 0.3064E-07  1.767    
  13     -0.3483108E-04 0.1032E-06 -0.3495310E-04 0.2938E-07  1.746    
  14     -0.3482634E-04 0.1045E-06 -0.3494389E-04 0.2828E-07  1.717    
  15     -0.3488647E-04 0.1038E-06 -0.3493993E-04 0.2729E-07  1.615    
  16     -0.3506639E-04 0.1040E-06 -0.3494813E-04 0.2639E-07  1.600    
  17     -0.3499402E-04 0.1290E-06 -0.3494998E-04 0.2586E-07  1.507    
  18     -0.3510923E-04 0.1057E-06 -0.3495904E-04 0.2512E-07  1.545    
  19     -0.3502111E-04 0.1065E-06 -0.3496233E-04 0.2445E-07  1.476    
  20     -0.3514109E-04 0.1049E-06 -0.3497163E-04 0.2381E-07  1.544    
   
   
 Integral [real-dipole]:  -3.4971630806829319E-005 +-   2.3809278101090200E-008
 with chisq    =   1.5444123830117915     
  
  
  
 For xq =         1000 
  
 RM48 INITIALIZED:        40           0         0



 INPUT PARAMETERS FOR VEGAS:  NDIM=  6  NCALL=   48275138.
                              IT=    0  ITMX=   10
                              MDS=  1   ND=  50
   1     -0.5649911E-05 0.2526E-06 -0.5649911E-05 0.2526E-06  0.000    
   2     -0.5186418E-05 0.7740E-07 -0.5232870E-05 0.7677E-07  3.287    
   3     -0.5255559E-05 0.5710E-07 -0.5247147E-05 0.4627E-07  1.706    
   4     -0.5321877E-05 0.5478E-07 -0.5277949E-05 0.3540E-07  1.502    
   5     -0.5247305E-05 0.5243E-07 -0.5268623E-05 0.2940E-07  1.193    
   6     -0.5241010E-05 0.5055E-07 -0.5261826E-05 0.2546E-07  1.004    
   7     -0.5300722E-05 0.5096E-07 -0.5269551E-05 0.2278E-07 0.9146    
   8     -0.5214685E-05 0.5056E-07 -0.5260590E-05 0.2078E-07 0.9237    
   9     -0.5312802E-05 0.5139E-07 -0.5267951E-05 0.1927E-07 0.9191    
  10     -0.5310811E-05 0.5146E-07 -0.5273231E-05 0.1804E-07 0.8845    



 INPUT PARAMETERS FOR VEGAS:  NDIM=  6  NCALL=  488281250.
                              IT=    0  ITMX=   20
                              MDS= -1   ND=  25
   1     -0.5245945E-05 0.1806E-07 -0.5245945E-05 0.1806E-07  0.000    
   2     -0.5253005E-05 0.1916E-07 -0.5249270E-05 0.1314E-07 0.7187E-01
   3     -0.5239734E-05 0.1790E-07 -0.5245938E-05 0.1060E-07 0.1281    
   4     -0.5247521E-05 0.1779E-07 -0.5246353E-05 0.9103E-08 0.8731E-01
   5     -0.5221634E-05 0.1719E-07 -0.5240980E-05 0.8045E-08 0.4671    
   6     -0.5211382E-05 0.1754E-07 -0.5235886E-05 0.7313E-08 0.8412    
   7     -0.5216505E-05 0.1751E-07 -0.5233025E-05 0.6748E-08 0.8747    
   8     -0.5232736E-05 0.1757E-07 -0.5232988E-05 0.6300E-08 0.7498    
   9     -0.5227902E-05 0.1730E-07 -0.5232394E-05 0.5920E-08 0.6658    
  10     -0.5239623E-05 0.1815E-07 -0.5233090E-05 0.5628E-08 0.6076    
  11     -0.5216964E-05 0.1760E-07 -0.5231602E-05 0.5360E-08 0.6230    
  12     -0.5259927E-05 0.1849E-07 -0.5233820E-05 0.5149E-08 0.7644    
  13     -0.5226053E-05 0.1750E-07 -0.5233203E-05 0.4939E-08 0.7159    
  14     -0.5219683E-05 0.1896E-07 -0.5232348E-05 0.4780E-08 0.6975    
  15     -0.5208889E-05 0.1782E-07 -0.5230786E-05 0.4617E-08 0.7627    
  16     -0.5229431E-05 0.1740E-07 -0.5230697E-05 0.4462E-08 0.7123    
  17     -0.5245189E-05 0.1926E-07 -0.5231439E-05 0.4347E-08 0.7013    
  18     -0.5239309E-05 0.1735E-07 -0.5231906E-05 0.4217E-08 0.6714    
  19     -0.5239588E-05 0.1760E-07 -0.5232324E-05 0.4101E-08 0.6440    
  20     -0.5232634E-05 0.2492E-07 -0.5232332E-05 0.4046E-08 0.6101    
   
   
 Integral [real-dipole]:  -5.2323320868017468E-006 +-   4.0462497144954316E-009
 with chisq    =  0.61012484042525672     
  
  
  
 For xq =         1300 
  
 RM48 INITIALIZED:        40           0         0



 INPUT PARAMETERS FOR VEGAS:  NDIM=  6  NCALL=   48275138.
                              IT=    0  ITMX=   10
                              MDS=  1   ND=  50
   1     -0.1089795E-05 0.3881E-07 -0.1089795E-05 0.3881E-07  0.000    
   2     -0.1106658E-05 0.1834E-07 -0.1103656E-05 0.1650E-07 0.1528    
   3     -0.1148395E-05 0.1470E-07 -0.1129581E-05 0.1087E-07  2.139    
   4     -0.1113014E-05 0.1233E-07 -0.1122355E-05 0.8156E-08  1.766    
   5     -0.1147084E-05 0.1187E-07 -0.1130597E-05 0.6699E-08  2.066    
   6     -0.1156020E-05 0.1257E-07 -0.1136491E-05 0.5902E-08  2.296    
   7     -0.1158333E-05 0.1225E-07 -0.1140794E-05 0.5310E-08  2.344    
   8     -0.1122591E-05 0.1179E-07 -0.1137763E-05 0.4843E-08  2.294    
   9     -0.1134116E-05 0.1208E-07 -0.1137255E-05 0.4495E-08  2.015    
  10     -0.1161074E-05 0.1215E-07 -0.1140259E-05 0.4213E-08  2.173    



 INPUT PARAMETERS FOR VEGAS:  NDIM=  6  NCALL=  488281250.
                              IT=    0  ITMX=   20
                              MDS= -1   ND=  25
   1     -0.1139198E-05 0.4166E-08 -0.1139198E-05 0.4166E-08  0.000    
   2     -0.1133215E-05 0.3974E-08 -0.1136082E-05 0.2876E-08  1.080    
   3     -0.1134490E-05 0.4010E-08 -0.1135542E-05 0.2337E-08 0.5925    
   4     -0.1145255E-05 0.4047E-08 -0.1138002E-05 0.2024E-08  1.845    
   5     -0.1132084E-05 0.4007E-08 -0.1136809E-05 0.1807E-08  1.818    
   6     -0.1129340E-05 0.3967E-08 -0.1135540E-05 0.1644E-08  2.040    
   7     -0.1130669E-05 0.3992E-08 -0.1134839E-05 0.1520E-08  1.913    
   8     -0.1133934E-05 0.4287E-08 -0.1134738E-05 0.1433E-08  1.646    
   9     -0.1133562E-05 0.4083E-08 -0.1134609E-05 0.1352E-08  1.450    
  10     -0.1135193E-05 0.3992E-08 -0.1134670E-05 0.1281E-08  1.290    
  11     -0.1139935E-05 0.3954E-08 -0.1135174E-05 0.1218E-08  1.322    
  12     -0.1136986E-05 0.4214E-08 -0.1135314E-05 0.1170E-08  1.217    
  13     -0.1136180E-05 0.4083E-08 -0.1135380E-05 0.1125E-08  1.119    
  14     -0.1136451E-05 0.4026E-08 -0.1135457E-05 0.1084E-08  1.038    
  15     -0.1136222E-05 0.4007E-08 -0.1135509E-05 0.1046E-08 0.9661    
  16     -0.1135091E-05 0.3936E-08 -0.1135482E-05 0.1011E-08 0.9025    
  17     -0.1135177E-05 0.3947E-08 -0.1135463E-05 0.9793E-09 0.8465    
  18     -0.1131128E-05 0.4047E-08 -0.1135225E-05 0.9518E-09 0.8603    
  19     -0.1130319E-05 0.3982E-08 -0.1134962E-05 0.9257E-09 0.8921    
  20     -0.1135129E-05 0.4072E-08 -0.1134970E-05 0.9027E-09 0.8452    
   
   
 Integral [real-dipole]:  -1.1349702996313359E-006 +-   9.0269569778695289E-010
 with chisq    =  0.84519342014293664     
  
  
  
 For xq =         1600 
  
 RM48 INITIALIZED:        40           0         0



 INPUT PARAMETERS FOR VEGAS:  NDIM=  6  NCALL=   48275138.
                              IT=    0  ITMX=   10
                              MDS=  1   ND=  50
   1     -0.2983605E-06 0.9504E-08 -0.2983605E-06 0.9504E-08  0.000    
   2     -0.3056757E-06 0.4799E-08 -0.3042463E-06 0.4253E-08 0.4651    
   3     -0.2983841E-06 0.3726E-08 -0.3009648E-06 0.2811E-08 0.7705    
   4     -0.3004565E-06 0.3420E-08 -0.3007602E-06 0.2172E-08 0.5184    
   5     -0.3070198E-06 0.3352E-08 -0.3026654E-06 0.1819E-08  1.012    
   6     -0.3115243E-06 0.3666E-08 -0.3045043E-06 0.1628E-08  1.776    
   7     -0.3067820E-06 0.3500E-08 -0.3049163E-06 0.1475E-08  1.534    
   8     -0.3057586E-06 0.3328E-08 -0.3050560E-06 0.1349E-08  1.321    
   9     -0.3052518E-06 0.3267E-08 -0.3050846E-06 0.1246E-08  1.155    
  10     -0.3067380E-06 0.3266E-08 -0.3052976E-06 0.1164E-08  1.050    



 INPUT PARAMETERS FOR VEGAS:  NDIM=  6  NCALL=  488281250.
                              IT=    0  ITMX=   20
                              MDS= -1   ND=  25
   1     -0.3034652E-06 0.1103E-08 -0.3034652E-06 0.1103E-08  0.000    
   2     -0.3042137E-06 0.1168E-08 -0.3038188E-06 0.8019E-09 0.2172    
   3     -0.3043508E-06 0.1128E-08 -0.3039979E-06 0.6535E-09 0.1825    
   4     -0.3034803E-06 0.1165E-08 -0.3038743E-06 0.5699E-09 0.1717    
   5     -0.3047806E-06 0.1134E-08 -0.3040579E-06 0.5092E-09 0.2566    
   6     -0.3052825E-06 0.1149E-08 -0.3042602E-06 0.4656E-09 0.3958    
   7     -0.3049002E-06 0.1121E-08 -0.3043547E-06 0.4300E-09 0.3761    
   8     -0.3051782E-06 0.1119E-08 -0.3044612E-06 0.4013E-09 0.3899    
   9     -0.3035386E-06 0.1155E-08 -0.3043623E-06 0.3791E-09 0.4122    
  10     -0.3068582E-06 0.1157E-08 -0.3046079E-06 0.3603E-09 0.8388    
  11     -0.3058304E-06 0.1143E-08 -0.3047193E-06 0.3436E-09 0.8592    
  12     -0.3052523E-06 0.1192E-08 -0.3047603E-06 0.3301E-09 0.7977    
  13     -0.3009176E-06 0.2213E-08 -0.3046787E-06 0.3263E-09 0.9728    
  14     -0.3043746E-06 0.1106E-08 -0.3046544E-06 0.3130E-09 0.9033    
  15     -0.3050738E-06 0.1172E-08 -0.3046824E-06 0.3024E-09 0.8472    
  16     -0.3026838E-06 0.1109E-08 -0.3045455E-06 0.2917E-09 0.9909    
  17     -0.3053831E-06 0.1134E-08 -0.3045979E-06 0.2825E-09 0.9607    
  18     -0.3037962E-06 0.1159E-08 -0.3045531E-06 0.2745E-09 0.9309    
  19     -0.3042804E-06 0.1202E-08 -0.3045396E-06 0.2676E-09 0.8819    
  20     -0.3067151E-06 0.1192E-08 -0.3046456E-06 0.2611E-09  1.004    
   
   
 Integral [real-dipole]:  -3.0464555683523943E-007 +-   2.6111216832165528E-010
 with chisq    =   1.0041642171293745     
  
  
  
 For xq =         1900 
  
 RM48 INITIALIZED:        40           0         0



 INPUT PARAMETERS FOR VEGAS:  NDIM=  6  NCALL=   48275138.
                              IT=    0  ITMX=   10
                              MDS=  1   ND=  50
   1     -0.8319275E-07 0.4980E-08 -0.8319275E-07 0.4980E-08  0.000    
   2     -0.9085165E-07 0.1678E-08 -0.9018627E-07 0.1537E-08  1.970    
   3     -0.9277622E-07 0.1135E-08 -0.9193552E-07 0.8951E-09  1.861    
   4     -0.9528204E-07 0.1242E-08 -0.9318392E-07 0.7215E-09  2.874    
   5     -0.9525956E-07 0.1181E-08 -0.9378983E-07 0.6134E-09  2.703    
   6     -0.9612223E-07 0.1096E-08 -0.9438803E-07 0.5334E-09  2.856    
   7     -0.9434986E-07 0.1049E-08 -0.9437992E-07 0.4748E-09  2.365    
   8     -0.9356443E-07 0.1064E-08 -0.9424229E-07 0.4334E-09  2.093    
   9     -0.9392817E-07 0.1178E-08 -0.9420400E-07 0.4067E-09  1.834    
  10     -0.9251504E-07 0.1132E-08 -0.9401236E-07 0.3828E-09  1.849    



 INPUT PARAMETERS FOR VEGAS:  NDIM=  6  NCALL=  488281250.
                              IT=    0  ITMX=   20
                              MDS= -1   ND=  25
   1     -0.9378032E-07 0.3953E-09 -0.9378032E-07 0.3953E-09  0.000    
   2     -0.9385263E-07 0.3663E-09 -0.9381925E-07 0.2687E-09 0.1800E-01
   3     -0.9373768E-07 0.4052E-09 -0.9379436E-07 0.2239E-09 0.2307E-01
   4     -0.9351015E-07 0.3726E-09 -0.9371930E-07 0.1919E-09 0.1575    
   5     -0.9488512E-07 0.3723E-09 -0.9396886E-07 0.1706E-09  2.082    
   6     -0.9372553E-07 0.3708E-09 -0.9392654E-07 0.1550E-09  1.738    
   7     -0.9353147E-07 0.3649E-09 -0.9386657E-07 0.1426E-09  1.615    
   8     -0.9317148E-07 0.4163E-09 -0.9379449E-07 0.1349E-09  1.739    
   9     -0.9333532E-07 0.3670E-09 -0.9374026E-07 0.1266E-09  1.694    
  10     -0.9396784E-07 0.3857E-09 -0.9376251E-07 0.1203E-09  1.540    
  11     -0.9373886E-07 0.3678E-09 -0.9376022E-07 0.1144E-09  1.387    
  12     -0.9371878E-07 0.3610E-09 -0.9375644E-07 0.1090E-09  1.262    
  13     -0.9418236E-07 0.3761E-09 -0.9378974E-07 0.1047E-09  1.255    
  14     -0.9296855E-07 0.3793E-09 -0.9373251E-07 0.1009E-09  1.490    
  15     -0.9416514E-07 0.3683E-09 -0.9376299E-07 0.9734E-10  1.475    
  16     -0.9352861E-07 0.3839E-09 -0.9374890E-07 0.9436E-10  1.401    
  17     -0.9408642E-07 0.3712E-09 -0.9376952E-07 0.9145E-10  1.361    
  18     -0.9369584E-07 0.3683E-09 -0.9376525E-07 0.8875E-10  1.284    
  19     -0.9337429E-07 0.3693E-09 -0.9374407E-07 0.8630E-10  1.271    
  20     -0.9337286E-07 0.3703E-09 -0.9372509E-07 0.8405E-10  1.255    
   
   
 Integral [real-dipole]:  -9.3725087200481831E-008 +-   8.4045680417824538E-011
 with chisq    =   1.2545412000564393     
  
  
  
 For xq =         2200 
  
 RM48 INITIALIZED:        40           0         0



 INPUT PARAMETERS FOR VEGAS:  NDIM=  6  NCALL=   48275138.
                              IT=    0  ITMX=   10
                              MDS=  1   ND=  50
   1     -0.3137977E-07 0.1061E-08 -0.3137977E-07 0.1061E-08  0.000    
   2     -0.3164890E-07 0.5571E-09 -0.3159156E-07 0.4921E-09 0.5015E-01
   3     -0.3233442E-07 0.4407E-09 -0.3201322E-07 0.3264E-09 0.6603    
   4     -0.3074746E-07 0.3826E-09 -0.3150048E-07 0.2497E-09  2.511    
   5     -0.3130579E-07 0.3594E-09 -0.3143770E-07 0.2053E-09  1.938    
   6     -0.3136083E-07 0.3779E-09 -0.3142030E-07 0.1804E-09  1.559    
   7     -0.3177095E-07 0.3724E-09 -0.3148801E-07 0.1623E-09  1.417    
   8     -0.3121359E-07 0.3652E-09 -0.3144346E-07 0.1484E-09  1.284    
   9     -0.3204372E-07 0.3733E-09 -0.3152790E-07 0.1378E-09  1.405    
  10     -0.3124801E-07 0.3626E-09 -0.3149313E-07 0.1288E-09  1.308    



 INPUT PARAMETERS FOR VEGAS:  NDIM=  6  NCALL=  488281250.
                              IT=    0  ITMX=   20
                              MDS= -1   ND=  25
   1     -0.3163786E-07 0.1241E-09 -0.3163786E-07 0.1241E-09  0.000    
   2     -0.3138842E-07 0.1255E-09 -0.3151547E-07 0.8825E-10  1.997    
   3     -0.3171051E-07 0.1259E-09 -0.3158025E-07 0.7227E-10  1.802    
   4     -0.3156267E-07 0.1351E-09 -0.3157634E-07 0.6373E-10  1.206    
   5     -0.3152550E-07 0.1239E-09 -0.3156574E-07 0.5668E-10 0.9383    
   6     -0.3176244E-07 0.1263E-09 -0.3159904E-07 0.5171E-10  1.156    
   7     -0.3160873E-07 0.1230E-09 -0.3160049E-07 0.4767E-10 0.9642    
   8     -0.3146013E-07 0.1269E-09 -0.3158327E-07 0.4463E-10 0.9795    
   9     -0.3137024E-07 0.1252E-09 -0.3155955E-07 0.4204E-10  1.176    
  10     -0.3156637E-07 0.1258E-09 -0.3156023E-07 0.3987E-10  1.046    
  11     -0.3166453E-07 0.1249E-09 -0.3156994E-07 0.3798E-10  1.004    
  12     -0.3161021E-07 0.1265E-09 -0.3157328E-07 0.3638E-10 0.9211    
  13     -0.3154603E-07 0.1236E-09 -0.3157111E-07 0.3489E-10 0.8481    
  14     -0.3166401E-07 0.1269E-09 -0.3157767E-07 0.3365E-10 0.8211    
  15     -0.3171659E-07 0.1318E-09 -0.3158624E-07 0.3260E-10 0.8370    
  16     -0.3153389E-07 0.1245E-09 -0.3158289E-07 0.3154E-10 0.7924    
  17     -0.3150960E-07 0.1277E-09 -0.3157870E-07 0.3062E-10 0.7624    
  18     -0.3150231E-07 0.1324E-09 -0.3157484E-07 0.2983E-10 0.7363    
  19     -0.3159381E-07 0.1228E-09 -0.3157589E-07 0.2899E-10 0.6966    
  20     -0.3139978E-07 0.1216E-09 -0.3156653E-07 0.2820E-10 0.7637    
   
   
 Integral [real-dipole]:  -3.1566526450471883E-008 +-   2.8197449572926235E-011
 with chisq    =  0.76366635672759575     
  
  
  
 For xq =         2500 
  
 RM48 INITIALIZED:        40           0         0



 INPUT PARAMETERS FOR VEGAS:  NDIM=  6  NCALL=   48275138.
                              IT=    0  ITMX=   10
                              MDS=  1   ND=  50
   1     -0.1182059E-07 0.4397E-09 -0.1182059E-07 0.4397E-09  0.000    
   2     -0.1109077E-07 0.1639E-09 -0.1119024E-07 0.1574E-09  2.531    
   3     -0.1140772E-07 0.1471E-09 -0.1130584E-07 0.1076E-09  1.778    
   4     -0.1124350E-07 0.1408E-09 -0.1128338E-07 0.8566E-10  1.237    
   5     -0.1128561E-07 0.1375E-09 -0.1128400E-07 0.7276E-10 0.9311    
   6     -0.1162891E-07 0.1361E-09 -0.1136338E-07 0.6408E-10  1.766    
   7     -0.1127393E-07 0.1364E-09 -0.1134753E-07 0.5803E-10  1.534    
   8     -0.1140890E-07 0.1340E-09 -0.1135725E-07 0.5324E-10  1.340    
   9     -0.1139498E-07 0.1539E-09 -0.1136128E-07 0.5032E-10  1.179    
  10     -0.1143583E-07 0.1478E-09 -0.1136907E-07 0.4763E-10  1.073    



 INPUT PARAMETERS FOR VEGAS:  NDIM=  6  NCALL=  488281250.
                              IT=    0  ITMX=   20
                              MDS= -1   ND=  25
   1     -0.1136381E-07 0.5362E-10 -0.1136381E-07 0.5362E-10  0.000    
   2     -0.1137292E-07 0.4634E-10 -0.1136903E-07 0.3506E-10 0.1653E-01
   3     -0.1133163E-07 0.5238E-10 -0.1135751E-07 0.2913E-10 0.1839    
   4     -0.1134948E-07 0.4662E-10 -0.1135526E-07 0.2470E-10 0.1298    
   5     -0.1135644E-07 0.4711E-10 -0.1135551E-07 0.2188E-10 0.9744E-01
   6     -0.1134905E-07 0.4566E-10 -0.1135431E-07 0.1973E-10 0.8122E-01
   7     -0.1140621E-07 0.4642E-10 -0.1136231E-07 0.1816E-10 0.2452    
   8     -0.1139827E-07 0.5083E-10 -0.1136640E-07 0.1710E-10 0.2737    
   9     -0.1142793E-07 0.4902E-10 -0.1137314E-07 0.1615E-10 0.4162    
  10     -0.1137105E-07 0.4583E-10 -0.1137291E-07 0.1523E-10 0.3702    
  11     -0.1134394E-07 0.4641E-10 -0.1137011E-07 0.1447E-10 0.3683    
  12     -0.1138572E-07 0.4655E-10 -0.1137149E-07 0.1382E-10 0.3441    
  13     -0.1139024E-07 0.4644E-10 -0.1137302E-07 0.1324E-10 0.3279    
  14     -0.1136052E-07 0.4666E-10 -0.1137209E-07 0.1274E-10 0.3078    
  15     -0.1129460E-07 0.4596E-10 -0.1136663E-07 0.1228E-10 0.4725    
  16     -0.1130708E-07 0.4714E-10 -0.1136288E-07 0.1188E-10 0.5400    
  17     -0.1133265E-07 0.4597E-10 -0.1136100E-07 0.1150E-10 0.5316    
  18     -0.1137402E-07 0.4715E-10 -0.1136173E-07 0.1118E-10 0.5045    
  19     -0.1138169E-07 0.4637E-10 -0.1136283E-07 0.1086E-10 0.4861    
  20     -0.1136736E-07 0.4706E-10 -0.1136306E-07 0.1059E-10 0.4610    
   
   
 Integral [real-dipole]:  -1.1363059215981210E-008 +-   1.0586165801837246E-011
 with chisq    =  0.46100223430425408     
  
  
  
 For xq =         2800 
  
 RM48 INITIALIZED:        40           0         0



 INPUT PARAMETERS FOR VEGAS:  NDIM=  6  NCALL=   48275138.
                              IT=    0  ITMX=   10
                              MDS=  1   ND=  50
   1     -0.4013844E-08 0.1708E-09 -0.4013844E-08 0.1708E-09  0.000    
   2     -0.4266621E-08 0.6455E-10 -0.4238243E-08 0.5904E-10  1.827    
   3     -0.4325136E-08 0.5866E-10 -0.4283846E-08 0.4131E-10  1.439    
   4     -0.4274927E-08 0.5375E-10 -0.4280464E-08 0.3268E-10 0.9568    
   5     -0.4340484E-08 0.5497E-10 -0.4296791E-08 0.2805E-10 0.9362    
   6     -0.4303728E-08 0.5196E-10 -0.4298389E-08 0.2466E-10 0.7484    
   7     -0.4316016E-08 0.5014E-10 -0.4301901E-08 0.2211E-10 0.6380    
   8     -0.4238015E-08 0.5054E-10 -0.4291741E-08 0.2026E-10 0.7376    
   9     -0.4330675E-08 0.5023E-10 -0.4297344E-08 0.1878E-10 0.7093    
  10     -0.4312867E-08 0.5155E-10 -0.4299196E-08 0.1764E-10 0.6382    



 INPUT PARAMETERS FOR VEGAS:  NDIM=  6  NCALL=  488281250.
                              IT=    0  ITMX=   20
                              MDS= -1   ND=  25
   1     -0.4301502E-08 0.1767E-10 -0.4301502E-08 0.1767E-10  0.000    
   2     -0.4267294E-08 0.1748E-10 -0.4284347E-08 0.1243E-10  1.894    
   3     -0.4252877E-08 0.1722E-10 -0.4273672E-08 0.1008E-10  2.044    
   4     -0.4249385E-08 0.1754E-10 -0.4267699E-08 0.8739E-11  1.844    
   5     -0.4278294E-08 0.1902E-10 -0.4269553E-08 0.7941E-11  1.446    
   6     -0.4276722E-08 0.1786E-10 -0.4270739E-08 0.7256E-11  1.183    
   7     -0.4279823E-08 0.1906E-10 -0.4271893E-08 0.6782E-11  1.019    
   8     -0.4292332E-08 0.2082E-10 -0.4273871E-08 0.6449E-11 0.9975    
   9     -0.4315268E-08 0.1909E-10 -0.4278186E-08 0.6110E-11  1.407    
  10     -0.4232756E-08 0.1782E-10 -0.4273501E-08 0.5780E-11  1.888    
  11     -0.4275555E-08 0.1753E-10 -0.4273703E-08 0.5490E-11  1.700    
  12     -0.4282088E-08 0.1916E-10 -0.4274341E-08 0.5277E-11  1.561    
  13     -0.4263475E-08 0.1746E-10 -0.4273437E-08 0.5052E-11  1.461    
  14     -0.4292145E-08 0.1782E-10 -0.4274840E-08 0.4860E-11  1.427    
  15     -0.4267396E-08 0.1724E-10 -0.4274294E-08 0.4678E-11  1.338    
  16     -0.4275326E-08 0.1966E-10 -0.4274349E-08 0.4551E-11  1.249    
  17     -0.4245706E-08 0.1874E-10 -0.4272775E-08 0.4422E-11  1.308    
  18     -0.4279153E-08 0.1773E-10 -0.4273149E-08 0.4291E-11  1.238    
  19     -0.4271739E-08 0.1782E-10 -0.4273072E-08 0.4171E-11  1.170    
  20     -0.4270378E-08 0.1867E-10 -0.4272944E-08 0.4071E-11  1.109    
   
   
 Integral [real-dipole]:  -4.2729439097460115E-009 +-   4.0710523217116722E-012
 with chisq    =   1.1091076394762769     
  
  
  
 For xq =         3100 
  
 RM48 INITIALIZED:        40           0         0



 INPUT PARAMETERS FOR VEGAS:  NDIM=  6  NCALL=   48275138.
                              IT=    0  ITMX=   10
                              MDS=  1   ND=  50
   1     -0.1717649E-08 0.6871E-10 -0.1717649E-08 0.6871E-10  0.000    
   2     -0.1663122E-08 0.2922E-10 -0.1671937E-08 0.2719E-10 0.5450    
   3     -0.1643807E-08 0.2261E-10 -0.1655691E-08 0.1751E-10 0.5923    
   4     -0.1654691E-08 0.2150E-10 -0.1655298E-08 0.1360E-10 0.3977    
   5     -0.1699239E-08 0.2042E-10 -0.1669132E-08 0.1130E-10  1.112    
   6     -0.1637022E-08 0.2066E-10 -0.1662001E-08 0.9928E-11  1.258    
   7     -0.1695947E-08 0.2057E-10 -0.1668577E-08 0.8935E-11  1.419    
   8     -0.1664466E-08 0.2097E-10 -0.1667951E-08 0.8221E-11  1.223    
   9     -0.1670537E-08 0.2012E-10 -0.1668321E-08 0.7610E-11  1.072    
  10     -0.1694983E-08 0.2010E-10 -0.1671743E-08 0.7115E-11  1.125    



 INPUT PARAMETERS FOR VEGAS:  NDIM=  6  NCALL=  488281250.
                              IT=    0  ITMX=   20
                              MDS= -1   ND=  25
   1     -0.1646734E-08 0.7269E-11 -0.1646734E-08 0.7269E-11  0.000    
   2     -0.1662663E-08 0.7214E-11 -0.1654835E-08 0.5120E-11  2.419    
   3     -0.1677723E-08 0.6957E-11 -0.1663021E-08 0.4123E-11  4.739    
   4     -0.1653140E-08 0.6850E-11 -0.1660415E-08 0.3533E-11  3.674    
   5     -0.1664920E-08 0.7268E-11 -0.1661280E-08 0.3177E-11  2.831    
   6     -0.1663838E-08 0.8347E-11 -0.1661605E-08 0.2970E-11  2.280    
   7     -0.1662388E-08 0.7087E-11 -0.1661722E-08 0.2739E-11  1.901    
   8     -0.1658049E-08 0.6941E-11 -0.1661229E-08 0.2548E-11  1.665    
   9     -0.1666345E-08 0.7177E-11 -0.1661805E-08 0.2401E-11  1.513    
  10     -0.1660276E-08 0.7083E-11 -0.1661647E-08 0.2274E-11  1.349    
  11     -0.1659760E-08 0.6985E-11 -0.1661467E-08 0.2162E-11  1.221    
  12     -0.1645220E-08 0.7610E-11 -0.1660275E-08 0.2080E-11  1.489    
  13     -0.1642616E-08 0.7411E-11 -0.1659011E-08 0.2002E-11  1.798    
  14     -0.1660137E-08 0.7255E-11 -0.1659091E-08 0.1930E-11  1.661    
  15     -0.1667503E-08 0.6935E-11 -0.1659702E-08 0.1859E-11  1.640    
  16     -0.1673531E-08 0.7216E-11 -0.1660576E-08 0.1801E-11  1.762    
  17     -0.1660738E-08 0.6986E-11 -0.1660587E-08 0.1744E-11  1.652    
  18     -0.1661646E-08 0.7593E-11 -0.1660640E-08 0.1699E-11  1.556    
  19     -0.1665633E-08 0.7044E-11 -0.1660916E-08 0.1652E-11  1.495    
  20     -0.1661562E-08 0.7065E-11 -0.1660949E-08 0.1609E-11  1.417    
   
   
 Integral [real-dipole]:  -1.6609494409141381E-009 +-   1.6085962751224154E-012
 with chisq    =   1.4169021790311982     
  
  
  
 For xq =         3400 
  
 RM48 INITIALIZED:        40           0         0



 INPUT PARAMETERS FOR VEGAS:  NDIM=  6  NCALL=   48275138.
                              IT=    0  ITMX=   10
                              MDS=  1   ND=  50
   1     -0.6966704E-09 0.2961E-10 -0.6966704E-09 0.2961E-10  0.000    
   2     -0.6163077E-09 0.6799E-10 -0.6862875E-09 0.2608E-10  1.068    
   3     -0.6832709E-09 0.2491E-10 -0.6846528E-09 0.1788E-10 0.5238    
   4     -0.6602658E-09 0.1069E-10 -0.6667740E-09 0.9218E-11 0.8073    
   5     -0.6652699E-09 0.1000E-10 -0.6660828E-09 0.6778E-11 0.6084    
   6     -0.6531502E-09 0.8937E-11 -0.6614672E-09 0.5419E-11 0.7510    
   7     -0.6485418E-09 0.8112E-11 -0.6575990E-09 0.4523E-11 0.9152    
   8     -0.6606282E-09 0.8198E-11 -0.6583053E-09 0.3960E-11 0.7995    
   9     -0.6660097E-09 0.8937E-11 -0.6595863E-09 0.3619E-11 0.7768    
  10     -0.6556150E-09 0.8491E-11 -0.6589848E-09 0.3331E-11 0.7120    



 INPUT PARAMETERS FOR VEGAS:  NDIM=  6  NCALL=  488281250.
                              IT=    0  ITMX=   20
                              MDS= -1   ND=  25
   1     -0.6638106E-09 0.3572E-11 -0.6638106E-09 0.3572E-11  0.000    
   2     -0.6590565E-09 0.2968E-11 -0.6610146E-09 0.2284E-11  1.049    
   3     -0.6620234E-09 0.2791E-11 -0.6614198E-09 0.1768E-11 0.5634    
   4     -0.6581053E-09 0.4359E-11 -0.6609559E-09 0.1637E-11 0.5410    
   5     -0.6613245E-09 0.2817E-11 -0.6610491E-09 0.1415E-11 0.4088    
   6     -0.6599844E-09 0.2862E-11 -0.6608403E-09 0.1269E-11 0.3494    
   7     -0.6573044E-09 0.2756E-11 -0.6602273E-09 0.1153E-11 0.5164    
   8     -0.6628101E-09 0.2759E-11 -0.6606138E-09 0.1064E-11 0.5494    
   9     -0.6622804E-09 0.2820E-11 -0.6608223E-09 0.9951E-12 0.5188    
  10     -0.6603821E-09 0.2811E-11 -0.6607733E-09 0.9380E-12 0.4636    
  11     -0.6596585E-09 0.2891E-11 -0.6606675E-09 0.8922E-12 0.4308    
  12     -0.6618288E-09 0.2746E-11 -0.6607787E-09 0.8486E-12 0.4063    
  13     -0.6577814E-09 0.2829E-11 -0.6605333E-09 0.8128E-12 0.4579    
  14     -0.6623766E-09 0.2745E-11 -0.6606826E-09 0.7793E-12 0.4545    
  15     -0.6591101E-09 0.2746E-11 -0.6605659E-09 0.7497E-12 0.4438    
  16     -0.6656192E-09 0.2918E-11 -0.6608833E-09 0.7262E-12 0.6038    
  17     -0.6645450E-09 0.2822E-11 -0.6611131E-09 0.7032E-12 0.6654    
  18     -0.6609194E-09 0.2751E-11 -0.6611012E-09 0.6813E-12 0.6265    
  19     -0.6590827E-09 0.2767E-11 -0.6609864E-09 0.6616E-12 0.6196    
  20     -0.6560198E-09 0.2790E-11 -0.6607258E-09 0.6437E-12 0.7433    
   
   
 Integral [real-dipole]:  -6.6072575009003659E-010 +-   6.4374429166527372E-013
 with chisq    =  0.74326014103558846     
  
  
  
 For xq =         3700 
  
 RM48 INITIALIZED:        40           0         0



 INPUT PARAMETERS FOR VEGAS:  NDIM=  6  NCALL=   48275138.
                              IT=    0  ITMX=   10
                              MDS=  1   ND=  50
   1     -0.2914168E-09 0.3104E-10 -0.2914168E-09 0.3104E-10  0.000    
   2     -0.2709131E-09 0.8996E-11 -0.2727296E-09 0.8919E-11 0.4267    
   3     -0.2661749E-09 0.4200E-11 -0.2674764E-09 0.3904E-11 0.4454    
   4     -0.2633463E-09 0.3428E-11 -0.2652429E-09 0.2615E-11 0.5104    
   5     -0.2729252E-09 0.3337E-11 -0.2681616E-09 0.2059E-11  1.203    
   6     -0.2729012E-09 0.3548E-11 -0.2693539E-09 0.1781E-11  1.229    
   7     -0.2659048E-09 0.3338E-11 -0.2686211E-09 0.1574E-11  1.166    
   8     -0.2686319E-09 0.3304E-11 -0.2686231E-09 0.1422E-11  1.003    
   9     -0.2663353E-09 0.3253E-11 -0.2682679E-09 0.1304E-11 0.9315    
  10     -0.2644202E-09 0.3290E-11 -0.2677671E-09 0.1214E-11 0.9584    



 INPUT PARAMETERS FOR VEGAS:  NDIM=  6  NCALL=  488281250.
                              IT=    0  ITMX=   20
                              MDS= -1   ND=  25
   1     -0.2651205E-09 0.1161E-11 -0.2651205E-09 0.1161E-11  0.000    
   2     -0.2665934E-09 0.1227E-11 -0.2658205E-09 0.8434E-12 0.7606    
   3     -0.2667333E-09 0.1117E-11 -0.2661532E-09 0.6731E-12 0.5925    
   4     -0.2676214E-09 0.1154E-11 -0.2665291E-09 0.5813E-12 0.7990    
   5     -0.2666079E-09 0.1132E-11 -0.2665456E-09 0.5171E-12 0.6001    
   6     -0.2677373E-09 0.1146E-11 -0.2667486E-09 0.4714E-12 0.6600    
   7     -0.2669359E-09 0.1161E-11 -0.2667751E-09 0.4368E-12 0.5536    
   8     -0.2654094E-09 0.1121E-11 -0.2665966E-09 0.4070E-12 0.6579    
   9     -0.2663734E-09 0.1142E-11 -0.2665715E-09 0.3834E-12 0.5800    
  10     -0.2646995E-09 0.1137E-11 -0.2663828E-09 0.3633E-12 0.7837    
  11     -0.2699586E-09 0.1125E-11 -0.2667289E-09 0.3457E-12  1.639    
  12     -0.2669055E-09 0.1162E-11 -0.2667432E-09 0.3313E-12  1.492    
  13     -0.2649671E-09 0.1287E-11 -0.2666342E-09 0.3208E-12  1.516    
  14     -0.2656764E-09 0.1122E-11 -0.2665622E-09 0.3084E-12  1.452    
  15     -0.2653563E-09 0.1140E-11 -0.2664806E-09 0.2977E-12  1.423    
  16     -0.2666254E-09 0.1130E-11 -0.2664900E-09 0.2879E-12  1.329    
  17     -0.2674313E-09 0.1116E-11 -0.2665491E-09 0.2788E-12  1.287    
  18     -0.2662541E-09 0.1132E-11 -0.2665323E-09 0.2707E-12  1.215    
  19     -0.2654326E-09 0.1155E-11 -0.2664754E-09 0.2636E-12  1.196    
  20     -0.2654286E-09 0.1146E-11 -0.2664232E-09 0.2568E-12  1.175    
   
   
 Integral [real-dipole]:  -2.6642319741378697E-010 +-   2.5684085412318140E-013
 with chisq    =   1.1746236778465857     
  
  
  
 For xq =         4000 
  
 RM48 INITIALIZED:        40           0         0



 INPUT PARAMETERS FOR VEGAS:  NDIM=  6  NCALL=   48275138.
                              IT=    0  ITMX=   10
                              MDS=  1   ND=  50
   1     -0.1056879E-09 0.3960E-11 -0.1056879E-09 0.3960E-11  0.000    
   2     -0.1098758E-09 0.1726E-11 -0.1092495E-09 0.1562E-11 0.9142    
   3     -0.1054548E-09 0.1639E-11 -0.1074848E-09 0.1134E-11  1.856    
   4     -0.1059353E-09 0.1481E-11 -0.1069193E-09 0.9016E-12  1.472    
   5     -0.1093406E-09 0.1518E-11 -0.1075736E-09 0.7740E-12  1.576    
   6     -0.1075563E-09 0.1449E-11 -0.1075697E-09 0.6826E-12  1.259    
   7     -0.1069145E-09 0.1380E-11 -0.1074417E-09 0.6119E-12  1.081    
   8     -0.1090131E-09 0.1586E-11 -0.1076511E-09 0.5709E-12  1.047    
   9     -0.1068816E-09 0.1476E-11 -0.1075519E-09 0.5325E-12 0.9469    
  10     -0.1123723E-09 0.1392E-11 -0.1082173E-09 0.4967E-12  2.079    



 INPUT PARAMETERS FOR VEGAS:  NDIM=  6  NCALL=  488281250.
                              IT=    0  ITMX=   20
                              MDS= -1   ND=  25
   1     -0.1078560E-09 0.4781E-12 -0.1078560E-09 0.4781E-12  0.000    
   2     -0.1086793E-09 0.4857E-12 -0.1082643E-09 0.3408E-12  1.459    
   3     -0.1077651E-09 0.4923E-12 -0.1081036E-09 0.2802E-12  1.078    
   4     -0.1091523E-09 0.5690E-12 -0.1083114E-09 0.2515E-12  1.636    
   5     -0.1086398E-09 0.4764E-12 -0.1083833E-09 0.2224E-12  1.319    
   6     -0.1083980E-09 0.4707E-12 -0.1083860E-09 0.2011E-12  1.056    
   7     -0.1079163E-09 0.4791E-12 -0.1083162E-09 0.1854E-12  1.016    
   8     -0.1089037E-09 0.4816E-12 -0.1083927E-09 0.1730E-12  1.057    
   9     -0.1081488E-09 0.4913E-12 -0.1083659E-09 0.1632E-12 0.9522    
  10     -0.1091821E-09 0.4746E-12 -0.1084534E-09 0.1543E-12  1.143    
  11     -0.1090459E-09 0.4760E-12 -0.1085103E-09 0.1468E-12  1.169    
  12     -0.1082627E-09 0.4679E-12 -0.1084882E-09 0.1401E-12  1.086    
  13     -0.1083647E-09 0.6007E-12 -0.1084818E-09 0.1364E-12 0.9990    
  14     -0.1078532E-09 0.4902E-12 -0.1084371E-09 0.1314E-12  1.039    
  15     -0.1078068E-09 0.4832E-12 -0.1083942E-09 0.1268E-12  1.078    
  16     -0.1086770E-09 0.4751E-12 -0.1084131E-09 0.1225E-12  1.028    
  17     -0.1085231E-09 0.4847E-12 -0.1084197E-09 0.1188E-12 0.9664    
  18     -0.1085447E-09 0.5175E-12 -0.1084260E-09 0.1158E-12 0.9127    
  19     -0.1081698E-09 0.4867E-12 -0.1084123E-09 0.1126E-12 0.8767    
  20     -0.1078918E-09 0.4831E-12 -0.1083857E-09 0.1097E-12 0.8884    
   
   
 Integral [real-dipole]:  -1.0838574304312448E-010 +-   1.0968856843159956E-013
 with chisq    =  0.88843455725860565     
  
  
  
 For xq =         4300 
  
 RM48 INITIALIZED:        40           0         0



 INPUT PARAMETERS FOR VEGAS:  NDIM=  6  NCALL=   48275138.
                              IT=    0  ITMX=   10
                              MDS=  1   ND=  50
   1     -0.4227224E-10 0.1817E-11 -0.4227224E-10 0.1817E-11  0.000    
   2     -0.4389740E-10 0.6509E-12 -0.4372459E-10 0.6041E-12 0.6878    
   3     -0.4385725E-10 0.7496E-12 -0.4377794E-10 0.4699E-12 0.3494    
   4     -0.4474343E-10 0.6852E-12 -0.4410015E-10 0.3866E-12 0.6914    
   5     -0.4442681E-10 0.5729E-12 -0.4420469E-10 0.3199E-12 0.5718    
   6     -0.4427538E-10 0.5936E-12 -0.4422084E-10 0.2814E-12 0.4582    
   7     -0.4582277E-10 0.5709E-12 -0.4455602E-10 0.2519E-12  1.493    
   8     -0.4435490E-10 0.5612E-12 -0.4452209E-10 0.2297E-12  1.294    
   9     -0.4478273E-10 0.5660E-12 -0.4455977E-10 0.2128E-12  1.152    
  10     -0.4505945E-10 0.5775E-12 -0.4462136E-10 0.1996E-12  1.096    



 INPUT PARAMETERS FOR VEGAS:  NDIM=  6  NCALL=  488281250.
                              IT=    0  ITMX=   20
                              MDS= -1   ND=  25
   1     -0.4419441E-10 0.1974E-12 -0.4419441E-10 0.1974E-12  0.000    
   2     -0.4401324E-10 0.1994E-12 -0.4410513E-10 0.1403E-12 0.4168    
   3     -0.4450729E-10 0.2036E-12 -0.4423620E-10 0.1155E-12  1.538    
   4     -0.4437052E-10 0.2080E-12 -0.4426802E-10 0.1010E-12  1.130    
   5     -0.4462242E-10 0.1991E-12 -0.4434147E-10 0.9008E-13  1.481    
   6     -0.4418032E-10 0.2001E-12 -0.4431448E-10 0.8214E-13  1.293    
   7     -0.4404217E-10 0.1993E-12 -0.4427535E-10 0.7594E-13  1.344    
   8     -0.4466260E-10 0.1972E-12 -0.4432610E-10 0.7087E-13  1.635    
   9     -0.4454906E-10 0.2004E-12 -0.4435110E-10 0.6681E-13  1.568    
  10     -0.4462744E-10 0.2052E-12 -0.4437788E-10 0.6353E-13  1.576    
  11     -0.4452066E-10 0.2024E-12 -0.4439076E-10 0.6062E-13  1.463    
  12     -0.4432720E-10 0.1994E-12 -0.4438540E-10 0.5800E-13  1.338    
  13     -0.4443762E-10 0.2012E-12 -0.4438942E-10 0.5573E-13  1.232    
  14     -0.4420806E-10 0.2051E-12 -0.4437705E-10 0.5378E-13  1.193    
  15     -0.4428849E-10 0.2007E-12 -0.4437114E-10 0.5195E-13  1.121    
  16     -0.4426009E-10 0.2023E-12 -0.4436430E-10 0.5031E-13  1.066    
  17     -0.4409008E-10 0.1969E-12 -0.4434769E-10 0.4875E-13  1.112    
  18     -0.4420966E-10 0.2056E-12 -0.4434039E-10 0.4743E-13  1.072    
  19     -0.4428045E-10 0.1996E-12 -0.4433719E-10 0.4615E-13  1.018    
  20     -0.4447567E-10 0.1976E-12 -0.4434440E-10 0.4494E-13 0.9884    
   
   
 Integral [real-dipole]:  -4.4344397770811030E-011 +-   4.4938058248761763E-014
 with chisq    =  0.98838836062973212     
  
  
  
 For xq =         4600 
  
 RM48 INITIALIZED:        40           0         0



 INPUT PARAMETERS FOR VEGAS:  NDIM=  6  NCALL=   48275138.
                              IT=    0  ITMX=   10
                              MDS=  1   ND=  50
   1     -0.1795042E-10 0.7541E-12 -0.1795042E-10 0.7541E-12  0.000    
   2     -0.1794516E-10 0.3051E-12 -0.1794590E-10 0.2829E-12 0.4170E-04
   3     -0.1819230E-10 0.3231E-12 -0.1805447E-10 0.2125E-12 0.1656    
   4     -0.1809339E-10 0.2752E-12 -0.1806908E-10 0.1681E-12 0.1144    
   5     -0.1794222E-10 0.2447E-12 -0.1802871E-10 0.1387E-12 0.1314    
   6     -0.1806928E-10 0.2289E-12 -0.1803964E-10 0.1186E-12 0.1096    
   7     -0.1829884E-10 0.2258E-12 -0.1809696E-10 0.1049E-12 0.2663    
   8     -0.1813299E-10 0.2307E-12 -0.1810316E-10 0.9545E-13 0.2310    
   9     -0.1798170E-10 0.2255E-12 -0.1808487E-10 0.8792E-13 0.2329    
  10     -0.1811679E-10 0.2263E-12 -0.1808908E-10 0.8194E-13 0.2088    



 INPUT PARAMETERS FOR VEGAS:  NDIM=  6  NCALL=  488281250.
                              IT=    0  ITMX=   20
                              MDS= -1   ND=  25
   1     -0.1811844E-10 0.8322E-13 -0.1811844E-10 0.8322E-13  0.000    
   2     -0.1799411E-10 0.7838E-13 -0.1805298E-10 0.5707E-13  1.183    
   3     -0.1787510E-10 0.8022E-13 -0.1799401E-10 0.4650E-13  2.217    
   4     -0.1810966E-10 0.7966E-13 -0.1802368E-10 0.4016E-13  2.000    
   5     -0.1801949E-10 0.1568E-12 -0.1802342E-10 0.3890E-13  1.501    
   6     -0.1804017E-10 0.8433E-13 -0.1802636E-10 0.3532E-13  1.207    
   7     -0.1817150E-10 0.8119E-13 -0.1804978E-10 0.3239E-13  1.456    
   8     -0.1813554E-10 0.7981E-13 -0.1806201E-10 0.3001E-13  1.389    
   9     -0.1798675E-10 0.8103E-13 -0.1805299E-10 0.2814E-13  1.311    
  10     -0.1812020E-10 0.8188E-13 -0.1806014E-10 0.2661E-13  1.232    
  11     -0.1816945E-10 0.8062E-13 -0.1807100E-10 0.2527E-13  1.275    
  12     -0.1815407E-10 0.8177E-13 -0.1807831E-10 0.2414E-13  1.244    
  13     -0.1812863E-10 0.8647E-13 -0.1808197E-10 0.2325E-13  1.166    
  14     -0.1818557E-10 0.8103E-13 -0.1808994E-10 0.2235E-13  1.193    
  15     -0.1814330E-10 0.8103E-13 -0.1809373E-10 0.2155E-13  1.136    
  16     -0.1821907E-10 0.8334E-13 -0.1810169E-10 0.2086E-13  1.203    
  17     -0.1806218E-10 0.8204E-13 -0.1809930E-10 0.2022E-13  1.141    
  18     -0.1812629E-10 0.7988E-13 -0.1810093E-10 0.1960E-13  1.080    
  19     -0.1825954E-10 0.8020E-13 -0.1811002E-10 0.1904E-13  1.228    
  20     -0.1785251E-10 0.1532E-12 -0.1810621E-10 0.1888E-13  1.307    
   
   
 Integral [real-dipole]:  -1.8106212849531766E-011 +-   1.8883750862384967E-014
 with chisq    =   1.3072872887017726     
  
  
  
 For xq =         4900 
  
 RM48 INITIALIZED:        40           0         0



 INPUT PARAMETERS FOR VEGAS:  NDIM=  6  NCALL=   48275138.
                              IT=    0  ITMX=   10
                              MDS=  1   ND=  50
   1     -0.6959171E-11 0.3448E-12 -0.6959171E-11 0.3448E-12  0.000    
   2     -0.7361602E-11 0.1208E-12 -0.7321827E-11 0.1116E-12  1.159    
   3     -0.7193984E-11 0.9744E-13 -0.7249025E-11 0.7332E-13 0.9503    
   4     -0.7278624E-11 0.9541E-13 -0.7260216E-11 0.5803E-13 0.6493    
   5     -0.7240974E-11 0.9526E-13 -0.7254964E-11 0.4954E-13 0.4933    
   6     -0.7353714E-11 0.9359E-13 -0.7277261E-11 0.4374E-13 0.5702    
   7     -0.7246073E-11 0.9371E-13 -0.7271665E-11 0.3963E-13 0.4901    
   8     -0.7301195E-11 0.9653E-13 -0.7275992E-11 0.3666E-13 0.4307    
   9     -0.7354185E-11 0.9271E-13 -0.7286844E-11 0.3408E-13 0.4543    
  10     -0.7471775E-11 0.9339E-13 -0.7309725E-11 0.3199E-13 0.8038    



 INPUT PARAMETERS FOR VEGAS:  NDIM=  6  NCALL=  488281250.
                              IT=    0  ITMX=   20
                              MDS= -1   ND=  25
   1     -0.7344441E-11 0.3380E-13 -0.7344441E-11 0.3380E-13  0.000    
   2     -0.7274519E-11 0.3927E-13 -0.7315014E-11 0.2560E-13  1.818    
   3     -0.7368592E-11 0.3376E-13 -0.7334773E-11 0.2039E-13  1.708    
   4     -0.7350700E-11 0.3302E-13 -0.7339190E-11 0.1735E-13  1.193    
   5     -0.7344277E-11 0.3346E-13 -0.7340270E-11 0.1540E-13 0.8989    
   6     -0.7342874E-11 0.3304E-13 -0.7340735E-11 0.1396E-13 0.7200    
   7     -0.7418078E-11 0.3449E-13 -0.7351825E-11 0.1294E-13  1.329    
   8     -0.7414765E-11 0.4613E-13 -0.7356493E-11 0.1247E-13  1.387    
   9     -0.7386342E-11 0.3488E-13 -0.7359897E-11 0.1174E-13  1.294    
  10     -0.7317216E-11 0.3446E-13 -0.7355506E-11 0.1111E-13  1.303    
  11     -0.7378125E-11 0.3424E-13 -0.7357673E-11 0.1057E-13  1.212    
  12     -0.7282773E-11 0.3332E-13 -0.7350954E-11 0.1007E-13  1.514    
  13     -0.7468162E-11 0.3435E-13 -0.7360510E-11 0.9667E-14  2.302    
  14     -0.7347382E-11 0.3411E-13 -0.7359537E-11 0.9301E-14  2.136    
  15     -0.7346989E-11 0.3918E-13 -0.7358870E-11 0.9049E-14  1.990    
  16     -0.7365597E-11 0.3336E-13 -0.7359332E-11 0.8734E-14  1.860    
  17     -0.7348893E-11 0.3315E-13 -0.7358656E-11 0.8446E-14  1.750    
  18     -0.7408007E-11 0.3380E-13 -0.7361593E-11 0.8193E-14  1.765    
  19     -0.7337413E-11 0.3323E-13 -0.7360216E-11 0.7955E-14  1.695    
  20     -0.7400605E-11 0.3350E-13 -0.7362395E-11 0.7740E-14  1.678    
   
   
 Integral [real-dipole]:  -7.3623945398866009E-012 +-   7.7399339387343417E-015
 with chisq    =   1.6782803133057276     
  
  
  
    xq         Integral [real-dipole]                 error
    100     -0.183977261073837E+00      0.652821955669608E-04
    400     -0.519150760982376E-03      0.299480007422125E-06
    700     -0.349716308068293E-04      0.238092781010902E-07
   1000     -0.523233208680175E-05      0.404624971449543E-08
   1300     -0.113497029963134E-05      0.902695697786953E-09
   1600     -0.304645556835239E-06      0.261112168321655E-09
   1900     -0.937250872004818E-07      0.840456804178245E-10
   2200     -0.315665264504719E-07      0.281974495729262E-10
   2500     -0.113630592159812E-07      0.105861658018372E-10
   2800     -0.427294390974601E-08      0.407105232171167E-11
   3100     -0.166094944091414E-08      0.160859627512242E-11
   3400     -0.660725750090037E-09      0.643744291665274E-12
   3700     -0.266423197413787E-09      0.256840854123181E-12
   4000     -0.108385743043124E-09      0.109688568431600E-12
   4300     -0.443443977708110E-10      0.449380582487618E-13
   4600     -0.181062128495318E-10      0.188837508623850E-13
   4900     -0.736239453988660E-11      0.773993393873434E-14
Thanks for using LHAPDF 6.5.4. Please make sure to cite the paper:
  Eur.Phys.J. C75 (2015) 3, 132  (http://arxiv.org/abs/1412.7420)
